Time,Voltage_1,Time 1,Voltage_2,Time 2,Voltage_0
15:02:18.342,6.824227,15:02:18.342,78.834449,15:02:18.342,0.003955
15:02:18.343,6.773575,15:02:18.343,79.104593,15:02:18.343,0.003297
15:02:18.344,6.773575,15:02:18.344,78.817566,15:02:18.344,0.002969
15:02:18.345,6.790459,15:02:18.345,78.699378,15:02:18.345,0.001653
15:02:18.346,6.790459,15:02:18.346,78.75003,15:02:18.346,0.002311
15:02:18.347,6.706039,15:02:18.347,79.138361,15:02:18.347,0.004284
15:02:18.348,6.756691,15:02:18.348,78.817566,15:02:18.348,0.003626
15:02:18.349,6.790459,15:02:18.349,78.699378,15:02:18.349,0.002969
15:02:18.350,6.807343,15:02:18.350,78.699378,15:02:18.350,0.002311
15:02:18.351,6.773575,15:02:18.351,79.070825,15:02:18.351,0.002311
15:02:18.352,6.756691,15:02:18.352,78.817566,15:02:18.352,0.002969
15:02:18.353,6.790459,15:02:18.353,78.631842,15:02:18.353,0.002969
15:02:18.354,6.739807,15:02:18.354,78.648726,15:02:18.354,0.00264
15:02:18.355,6.706039,15:02:18.355,78.952637,15:02:18.355,0.003297
15:02:18.356,6.756691,15:02:18.356,78.716262,15:02:18.356,0.002311
15:02:18.357,6.689155,15:02:18.357,78.513654,15:02:18.357,0.00264
15:02:18.358,6.672271,15:02:18.358,78.429234,15:02:18.358,0.002969
15:02:18.359,6.621619,15:02:18.359,78.834449,15:02:18.359,0.003626
15:02:18.360,6.621619,15:02:18.360,78.648726,15:02:18.360,0.003626
15:02:18.361,6.638503,15:02:18.361,78.429234,15:02:18.361,0.003297
15:02:18.362,6.604735,15:02:18.362,78.378582,15:02:18.362,0.001325
15:02:18.363,6.587851,15:02:18.363,78.733146,15:02:18.363,0.000996
15:02:18.364,6.554084,15:02:18.364,78.547422,15:02:18.364,0.003297
15:02:18.365,6.587851,15:02:18.365,78.311046,15:02:18.365,0.002311
15:02:18.366,6.621619,15:02:18.366,78.209742,15:02:18.366,0.002969
15:02:18.367,6.554084,15:02:18.367,78.564306,15:02:18.367,0.003297
15:02:18.368,6.739807,15:02:18.368,78.429234,15:02:18.368,0.003297
15:02:18.369,6.655387,15:02:18.369,78.226626,15:02:18.369,0.00264
15:02:18.370,6.672271,15:02:18.370,78.142206,15:02:18.370,0.003955
15:02:18.371,6.621619,15:02:18.371,78.58119,15:02:18.371,0.003626
15:02:18.372,6.655387,15:02:18.372,78.311046,15:02:18.372,0.00264
15:02:18.373,6.638503,15:02:18.373,78.142206,15:02:18.373,0.003297
15:02:18.374,6.621619,15:02:18.374,78.108438,15:02:18.374,0.002311
15:02:18.375,6.570967,15:02:18.375,78.429234,15:02:18.375,0.002969
15:02:18.376,6.570967,15:02:18.376,78.311046,15:02:18.376,0.002311
15:02:18.377,6.554084,15:02:18.377,78.091554,15:02:18.377,0.001982
15:02:18.378,6.5372,15:02:18.378,78.024018,15:02:18.378,0.003297
15:02:18.379,6.435896,15:02:18.379,78.226626,15:02:18.379,0.001982
15:02:18.380,6.45278,15:02:18.380,78.15909,15:02:18.380,0.002311
15:02:18.381,6.45278,15:02:18.381,77.939598,15:02:18.381,0.003297
15:02:18.382,6.419012,15:02:18.382,77.99025,15:02:18.382,0.00264
15:02:18.383,6.385244,15:02:18.383,78.32793,15:02:18.383,0.003626
15:02:18.384,6.385244,15:02:18.384,78.15909,15:02:18.384,0.00264
15:02:18.385,6.435896,15:02:18.385,77.82141,15:02:18.385,0.001325
15:02:18.386,6.351476,15:02:18.386,77.838294,15:02:18.386,0.002311
15:02:18.387,6.351476,15:02:18.387,78.091554,15:02:18.387,0.002969
15:02:18.388,6.334592,15:02:18.388,78.07467,15:02:18.388,0.002969
15:02:18.389,6.36836,15:02:18.389,77.686338,15:02:18.389,0.001653
15:02:18.390,6.36836,15:02:18.390,77.753874,15:02:18.390,0.002311
15:02:18.391,6.435896,15:02:18.391,78.07467,15:02:18.391,0.001653
15:02:18.392,6.334592,15:02:18.392,78.091554,15:02:18.392,0.00264
15:02:18.393,6.385244,15:02:18.393,77.720106,15:02:18.393,0.002969
15:02:18.394,6.36836,15:02:18.394,77.73699,15:02:18.394,0.002969
15:02:18.395,6.317708,15:02:18.395,78.091554,15:02:18.395,0.00264
15:02:18.396,6.334592,15:02:18.396,78.07467,15:02:18.396,0.001653
15:02:18.397,6.36836,15:02:18.397,77.669454,15:02:18.397,0.002969
15:02:18.398,6.334592,15:02:18.398,77.770758,15:02:18.398,0.002969
15:02:18.399,6.334592,15:02:18.399,77.99025,15:02:18.399,0.00264
15:02:18.400,6.317708,15:02:18.400,77.922714,15:02:18.400,0.001982
15:02:18.401,6.36836,15:02:18.401,77.500615,15:02:18.401,0.002969
15:02:18.402,6.36836,15:02:18.402,77.517499,15:02:18.402,0.001653
15:02:18.403,6.317708,15:02:18.403,77.804526,15:02:18.403,0.002969
15:02:18.404,6.317708,15:02:18.404,77.82141,15:02:18.404,0.003626
15:02:18.405,6.317708,15:02:18.405,77.449963,15:02:18.405,0.001982
15:02:18.406,6.385244,15:02:18.406,77.449963,15:02:18.406,0.002311
15:02:18.407,6.351476,15:02:18.407,77.652571,15:02:18.407,0.003297
15:02:18.408,6.267056,15:02:18.408,77.669454,15:02:18.408,0.001325
15:02:18.409,6.385244,15:02:18.409,77.348659,15:02:18.409,0.001982
15:02:18.410,6.419012,15:02:18.410,77.298007,15:02:18.410,0.001982
15:02:18.411,6.334592,15:02:18.411,77.635687,15:02:18.411,0.003297
15:02:18.412,6.267056,15:02:18.412,77.669454,15:02:18.412,0.002311
15:02:18.413,6.300824,15:02:18.413,77.281123,15:02:18.413,0.003297
15:02:18.414,6.334592,15:02:18.414,77.247355,15:02:18.414,0.00264
15:02:18.415,6.267056,15:02:18.415,77.500615,15:02:18.415,0.001982
15:02:18.416,6.182636,15:02:18.416,77.534383,15:02:18.416,0.003297
15:02:18.417,6.28394,15:02:18.417,77.196703,15:02:18.417,0.002311
15:02:18.418,6.182636,15:02:18.418,77.179819,15:02:18.418,0.002311
15:02:18.419,6.165752,15:02:18.419,77.399311,15:02:18.419,0.00264
15:02:18.420,6.098216,15:02:18.420,77.449963,15:02:18.420,0.00264
15:02:18.421,6.098216,15:02:18.421,77.112283,15:02:18.421,0.00264
15:02:18.422,6.165752,15:02:18.422,76.994095,15:02:18.422,0.001982
15:02:18.423,6.081332,15:02:18.423,77.264239,15:02:18.423,0.00264
15:02:18.424,5.996912,15:02:18.424,77.399311,15:02:18.424,0.003297
15:02:18.425,6.047564,15:02:18.425,77.044747,15:02:18.425,0.003955
15:02:18.426,5.996912,15:02:18.426,76.994095,15:02:18.426,0.003626
15:02:18.427,6.013796,15:02:18.427,77.112283,15:02:18.427,0.004941
15:02:18.428,6.081332,15:02:18.428,77.382427,15:02:18.428,0.002311
15:02:18.429,6.098216,15:02:18.429,76.842139,15:02:18.429,0.001653
15:02:18.430,6.098216,15:02:18.430,76.859023,15:02:18.430,0.003297
15:02:18.431,6.081332,15:02:18.431,77.078515,15:02:18.431,0.003297
15:02:18.432,6.047564,15:02:18.432,77.314891,15:02:18.432,0.001653
15:02:18.433,6.098216,15:02:18.433,76.859023,15:02:18.433,0.001982
15:02:18.434,6.098216,15:02:18.434,76.892791,15:02:18.434,0.002311
15:02:18.435,6.064448,15:02:18.435,77.044747,15:02:18.435,0.00264
15:02:18.436,5.980028,15:02:18.436,77.213587,15:02:18.436,0.002969
15:02:18.437,6.064448,15:02:18.437,76.859023,15:02:18.437,0.003955
15:02:18.438,6.03068,15:02:18.438,76.639531,15:02:18.438,0.00264
15:02:18.439,5.895608,15:02:18.439,76.943443,15:02:18.439,0.002311
15:02:18.440,6.03068,15:02:18.440,77.129167,15:02:18.440,0.003297
15:02:18.441,5.94626,15:02:18.441,76.707067,15:02:18.441,0.002969
15:02:18.442,5.996912,15:02:18.442,76.639531,15:02:18.442,0.001653
15:02:18.443,5.912492,15:02:18.443,76.757719,15:02:18.443,0.00264
15:02:18.444,5.895608,15:02:18.444,77.010979,15:02:18.444,0.000667
15:02:18.445,5.895608,15:02:18.445,76.656415,15:02:18.445,0.003297
15:02:18.446,5.912492,15:02:18.446,76.571995,15:02:18.446,0.003297
15:02:18.447,5.912492,15:02:18.447,76.656415,15:02:18.447,0.004941
15:02:18.448,5.86184,15:02:18.448,76.859023,15:02:18.448,0.001325
15:02:18.449,5.929376,15:02:18.449,76.656415,15:02:18.449,0.001982
15:02:18.450,6.013796,15:02:18.450,76.470692,15:02:18.450,0.003297
15:02:18.451,5.929376,15:02:18.451,76.622647,15:02:18.451,0.002969
15:02:18.452,5.912492,15:02:18.452,76.875907,15:02:18.452,0.00264
15:02:18.453,6.013796,15:02:18.453,76.521343,15:02:18.453,0.002969
15:02:18.454,5.94626,15:02:18.454,76.436924,15:02:18.454,0.002311
15:02:18.455,5.895608,15:02:18.455,76.369388,15:02:18.455,0.001982
15:02:18.456,5.878724,15:02:18.456,76.723951,15:02:18.456,0.002311
15:02:18.457,5.895608,15:02:18.457,76.470692,15:02:18.457,0.002311
15:02:18.458,5.811188,15:02:18.458,76.369388,15:02:18.458,0.002969
15:02:18.459,5.811188,15:02:18.459,76.504459,15:02:18.459,0.003297
15:02:18.460,5.828072,15:02:18.460,76.757719,15:02:18.460,0.003297
15:02:18.461,5.794304,15:02:18.461,76.588879,15:02:18.461,0.001982
15:02:18.462,5.760536,15:02:18.462,76.504459,15:02:18.462,0.001653
15:02:18.463,5.760536,15:02:18.463,76.436924,15:02:18.463,0.003626
15:02:18.464,5.794304,15:02:18.464,76.639531,15:02:18.464,0.003297
15:02:18.465,5.709884,15:02:18.465,76.690183,15:02:18.465,0.002969
15:02:18.466,5.77742,15:02:18.466,76.403156,15:02:18.466,0.001653
15:02:18.467,5.726768,15:02:18.467,76.386272,15:02:18.467,0.002311
15:02:18.468,5.794304,15:02:18.468,76.639531,15:02:18.468,0.003297
15:02:18.469,5.743652,15:02:18.469,76.470692,15:02:18.469,0.001982
15:02:18.470,5.794304,15:02:18.470,76.234316,15:02:18.470,0.004941
15:02:18.471,5.794304,15:02:18.471,76.301852,15:02:18.471,0.002311
15:02:18.472,5.77742,15:02:18.472,76.403156,15:02:18.472,0.00264
15:02:18.473,5.743652,15:02:18.473,76.301852,15:02:18.473,0.002311
15:02:18.474,5.760536,15:02:18.474,76.217432,15:02:18.474,0.004284
15:02:18.475,5.726768,15:02:18.475,76.234316,15:02:18.475,0.001982
15:02:18.476,5.693,15:02:18.476,76.268084,15:02:18.476,0.003297
15:02:18.477,5.794304,15:02:18.477,76.301852,15:02:18.477,0.003626
15:02:18.478,5.726768,15:02:18.478,76.16678,15:02:18.478,0.002969
15:02:18.479,5.709884,15:02:18.479,76.183664,15:02:18.479,0.002969
15:02:18.480,5.659232,15:02:18.480,76.301852,15:02:18.480,0.003626
15:02:18.481,5.591696,15:02:18.481,76.133012,15:02:18.481,0.002311
15:02:18.482,5.659232,15:02:18.482,76.099244,15:02:18.482,0.00264
15:02:18.483,5.642348,15:02:18.483,75.99794,15:02:18.483,0.001982
15:02:18.484,5.659232,15:02:18.484,76.065476,15:02:18.484,0.003297
15:02:18.485,5.574812,15:02:18.485,76.099244,15:02:18.485,0.00264
15:02:18.486,5.557928,15:02:18.486,75.879752,15:02:18.486,0.003297
15:02:18.487,5.60858,15:02:18.487,75.862868,15:02:18.487,0.002311
15:02:18.488,5.642348,15:02:18.488,75.99794,15:02:18.488,0.002311
15:02:18.489,5.591696,15:02:18.489,75.981056,15:02:18.489,0.003626
15:02:18.490,5.574812,15:02:18.490,75.795332,15:02:18.490,0.00264
15:02:18.491,5.60858,15:02:18.491,75.845984,15:02:18.491,0.00264
15:02:18.492,5.507276,15:02:18.492,75.981056,15:02:18.492,0.002969
15:02:18.493,5.557928,15:02:18.493,75.947288,15:02:18.493,0.001982
15:02:18.494,5.574812,15:02:18.494,75.845984,15:02:18.494,0.002969
15:02:18.495,5.52416,15:02:18.495,75.778448,15:02:18.495,0.00264
15:02:18.496,5.541044,15:02:18.496,75.964172,15:02:18.496,0.002311
15:02:18.497,5.456624,15:02:18.497,75.896636,15:02:18.497,0.002311
15:02:18.498,5.43974,15:02:18.498,75.761564,15:02:18.498,0.002311
15:02:18.499,5.43974,15:02:18.499,75.66026,15:02:18.499,0.00264
15:02:18.500,5.456624,15:02:18.500,75.845984,15:02:18.500,0.00264
15:02:18.501,5.43974,15:02:18.501,75.778448,15:02:18.501,0.002969
15:02:18.502,5.389088,15:02:18.502,75.609608,15:02:18.502,0.003297
15:02:18.503,5.422856,15:02:18.503,75.609608,15:02:18.503,0.002311
15:02:18.504,5.389088,15:02:18.504,75.626492,15:02:18.504,0.002311
15:02:18.505,5.456624,15:02:18.505,75.694028,15:02:18.505,0.002969
15:02:18.506,5.389088,15:02:18.506,75.423884,15:02:18.506,0.002311
15:02:18.507,5.43974,15:02:18.507,75.49142,15:02:18.507,0.003297
15:02:18.508,5.456624,15:02:18.508,75.66026,15:02:18.508,0.002311
15:02:18.509,5.405972,15:02:18.509,75.74468,15:02:18.509,0.003626
15:02:18.510,5.507276,15:02:18.510,75.525188,15:02:18.510,0.003626
15:02:18.511,5.473508,15:02:18.511,75.440768,15:02:18.511,0.001325
15:02:18.512,5.389088,15:02:18.512,75.66026,15:02:18.512,0.003297
15:02:18.513,5.456624,15:02:18.513,75.609608,15:02:18.513,0.002969
15:02:18.514,5.43974,15:02:18.514,75.373232,15:02:18.514,0.00264
15:02:18.515,5.405972,15:02:18.515,75.390116,15:02:18.515,0.001982
15:02:18.516,5.372204,15:02:18.516,75.407,15:02:18.516,0.002311
15:02:18.517,5.389088,15:02:18.517,75.474536,15:02:18.517,0.003297
15:02:18.518,5.321552,15:02:18.518,75.271929,15:02:18.518,0.003297
15:02:18.519,5.405972,15:02:18.519,75.255045,15:02:18.519,0.002969
15:02:18.520,5.35532,15:02:18.520,75.339464,15:02:18.520,0.00264
15:02:18.521,5.321552,15:02:18.521,75.373232,15:02:18.521,0.001653
15:02:18.522,5.338436,15:02:18.522,75.136857,15:02:18.522,0.002311
15:02:18.523,5.35532,15:02:18.523,75.204393,15:02:18.523,0.003955
15:02:18.524,5.321552,15:02:18.524,75.356348,15:02:18.524,0.002311
15:02:18.525,5.287784,15:02:18.525,75.339464,15:02:18.525,0.00264
15:02:18.526,5.254016,15:02:18.526,75.103089,15:02:18.526,0.001653
15:02:18.527,5.304668,15:02:18.527,75.086205,15:02:18.527,0.002969
15:02:18.528,5.304668,15:02:18.528,75.170625,15:02:18.528,0.002311
15:02:18.529,5.287784,15:02:18.529,75.170625,15:02:18.529,0.002969
15:02:18.530,5.338436,15:02:18.530,75.035553,15:02:18.530,0.003297
15:02:18.531,5.304668,15:02:18.531,75.035553,15:02:18.531,0.00264
15:02:18.532,5.389088,15:02:18.532,75.086205,15:02:18.532,0.003297
15:02:18.533,5.254016,15:02:18.533,75.153741,15:02:18.533,0.002311
15:02:18.534,5.287784,15:02:18.534,74.951133,15:02:18.534,0.002969
15:02:18.535,5.220248,15:02:18.535,74.900481,15:02:18.535,0.003955
15:02:18.536,5.169596,15:02:18.536,75.018669,15:02:18.536,0.003626
15:02:18.537,5.18648,15:02:18.537,75.069321,15:02:18.537,0.002969
15:02:18.538,5.237132,15:02:18.538,74.866713,15:02:18.538,0.001982
15:02:18.539,5.169596,15:02:18.539,74.849829,15:02:18.539,0.002969
15:02:18.540,5.152712,15:02:18.540,74.900481,15:02:18.540,0.002969
15:02:18.541,5.118944,15:02:18.541,74.984901,15:02:18.541,0.00264
15:02:18.542,5.203364,15:02:18.542,74.816061,15:02:18.542,0.002311
15:02:18.543,5.085176,15:02:18.543,74.799177,15:02:18.543,0.003297
15:02:18.544,5.135828,15:02:18.544,74.832945,15:02:18.544,0.003626
15:02:18.545,5.118944,15:02:18.545,74.900481,15:02:18.545,0.003955
15:02:18.546,5.18648,15:02:18.546,74.765409,15:02:18.546,0.002969
15:02:18.547,5.085176,15:02:18.547,74.714757,15:02:18.547,0.002969
15:02:18.548,5.220248,15:02:18.548,74.714757,15:02:18.548,0.00264
15:02:18.549,5.18648,15:02:18.549,74.799177,15:02:18.549,0.002311
15:02:18.550,5.152712,15:02:18.550,74.664105,15:02:18.550,0.002311
15:02:18.551,5.152712,15:02:18.551,74.664105,15:02:18.551,0.004284
15:02:18.552,5.18648,15:02:18.552,74.680989,15:02:18.552,0.001325
15:02:18.553,5.135828,15:02:18.553,74.731641,15:02:18.553,0.001325
15:02:18.554,5.118944,15:02:18.554,74.529033,15:02:18.554,0.00264
15:02:18.555,5.085176,15:02:18.555,74.562801,15:02:18.555,0.002969
15:02:18.556,5.118944,15:02:18.556,74.529033,15:02:18.556,0.002969
15:02:18.557,5.034524,15:02:18.557,74.596569,15:02:18.557,0.002311
15:02:18.558,5.051408,15:02:18.558,74.444613,15:02:18.558,0.00264
15:02:18.559,5.118944,15:02:18.559,74.326425,15:02:18.559,0.003297
15:02:18.560,4.983872,15:02:18.560,74.393961,15:02:18.560,0.000996
15:02:18.561,4.950104,15:02:18.561,74.630337,15:02:18.561,0.001653
15:02:18.562,4.966988,15:02:18.562,74.360193,15:02:18.562,0.002969
15:02:18.563,5.051408,15:02:18.563,74.343309,15:02:18.563,0.002311
15:02:18.564,5.000756,15:02:18.564,74.326425,15:02:18.564,0.002311
15:02:18.565,4.983872,15:02:18.565,74.427729,15:02:18.565,0.002311
15:02:18.566,4.93322,15:02:18.566,74.242005,15:02:18.566,0.00264
15:02:18.567,4.93322,15:02:18.567,74.208237,15:02:18.567,0.001982
15:02:18.568,5.000756,15:02:18.568,74.191353,15:02:18.568,0.003626
15:02:18.569,5.01764,15:02:18.569,74.360193,15:02:18.569,0.002969
15:02:18.570,5.034524,15:02:18.570,74.208237,15:02:18.570,0.002969
15:02:18.571,5.01764,15:02:18.571,74.174469,15:02:18.571,0.001982
15:02:18.572,5.051408,15:02:18.572,74.140701,15:02:18.572,0.003626
15:02:18.573,4.882568,15:02:18.573,74.309541,15:02:18.573,0.002311
15:02:18.574,5.01764,15:02:18.574,74.106933,15:02:18.574,0.003297
15:02:18.575,5.000756,15:02:18.575,74.022514,15:02:18.575,0.003626
15:02:18.576,4.950104,15:02:18.576,74.090049,15:02:18.576,0.002311
15:02:18.577,4.966988,15:02:18.577,74.225121,15:02:18.577,0.001653
15:02:18.578,4.916336,15:02:18.578,74.056282,15:02:18.578,0.004284
15:02:18.579,4.865684,15:02:18.579,73.988746,15:02:18.579,0.002311
15:02:18.580,4.882568,15:02:18.580,73.954978,15:02:18.580,0.003297
15:02:18.581,4.815032,15:02:18.581,74.140701,15:02:18.581,0.002311
15:02:18.582,4.93322,15:02:18.582,74.056282,15:02:18.582,0.002969
15:02:18.583,4.865684,15:02:18.583,73.887442,15:02:18.583,0.003626
15:02:18.584,4.882568,15:02:18.584,73.870558,15:02:18.584,0.002311
15:02:18.585,4.815032,15:02:18.585,74.123817,15:02:18.585,0.001653
15:02:18.586,4.865684,15:02:18.586,73.954978,15:02:18.586,0.002969
15:02:18.587,4.865684,15:02:18.587,73.92121,15:02:18.587,0.002969
15:02:18.588,4.899452,15:02:18.588,73.904326,15:02:18.588,0.006256
15:02:18.589,4.815032,15:02:18.589,73.954978,15:02:18.589,1.532869
15:02:18.590,4.93322,15:02:18.590,73.887442,15:02:18.590,7.268742
15:02:18.591,4.899452,15:02:18.591,73.718602,15:02:18.591,8.59872
15:02:18.592,4.93322,15:02:18.592,73.66795,15:02:18.592,8.62601
15:02:18.593,4.899452,15:02:18.593,73.870558,15:02:18.593,8.58787
15:02:18.594,4.882568,15:02:18.594,73.786138,15:02:18.594,8.594774
15:02:18.595,4.798148,15:02:18.595,73.735486,15:02:18.595,8.616804
15:02:18.596,4.798148,15:02:18.596,73.83679,15:02:18.596,8.64245
15:02:18.597,4.696844,15:02:18.597,73.651066,15:02:18.597,8.731553
15:02:18.598,4.578656,15:02:18.598,73.600414,15:02:18.598,8.749637
15:02:18.599,4.646192,15:02:18.599,73.532878,15:02:18.599,8.764104
15:02:18.600,4.67996,15:02:18.600,73.465342,15:02:18.600,8.777584
15:02:18.601,5.000756,15:02:18.601,73.600414,15:02:18.601,8.725964
15:02:18.602,5.878724,15:02:18.602,73.634182,15:02:18.602,8.682234
15:02:18.603,7.111255,15:02:18.603,73.33027,15:02:18.603,8.740759
15:02:18.604,9.289291,15:02:18.604,73.41469,15:02:18.604,8.769693
15:02:18.605,13.08819,15:02:18.605,73.58353,15:02:18.605,8.788435
15:02:18.606,19.959975,15:02:18.606,73.701718,15:02:18.606,8.779886
15:02:18.607,28.756536,15:02:18.607,73.66795,15:02:18.607,8.725635
15:02:18.608,37.721936,15:02:18.608,73.515994,15:02:18.608,8.704263
15:02:18.609,47.092552,15:02:18.609,73.684834,15:02:18.609,8.767063
15:02:18.610,57.15541,15:02:18.610,73.718602,15:02:18.610,8.771995
15:02:18.611,66.948123,15:02:18.611,73.515994,15:02:18.611,8.779886
15:02:18.612,76.318736,15:02:18.612,73.566646,15:02:18.612,8.791394
15:02:18.613,85.098408,15:02:18.613,73.684834,15:02:18.613,8.722347
15:02:18.614,93.253372,15:02:18.614,73.634182,15:02:18.614,8.695386
15:02:18.615,100.58102,15:02:18.615,73.515994,15:02:18.615,8.723662
15:02:18.616,107.351495,15:02:18.616,73.397806,15:02:18.616,8.775612
15:02:18.617,113.666103,15:02:18.617,73.380922,15:02:18.617,8.781859
15:02:18.618,117.228622,15:02:18.618,73.296502,15:02:18.618,8.735827
15:02:18.619,117.110435,15:02:18.619,73.178314,15:02:18.619,8.705578
15:02:18.620,116.485727,15:02:18.620,73.093894,15:02:18.620,8.757199
15:02:18.621,116.468843,15:02:18.621,73.380922,15:02:18.621,8.786791
15:02:18.622,112.636181,15:02:18.622,73.49911,15:02:18.622,8.791394
15:02:18.623,105.848821,15:02:18.623,73.532878,15:02:18.623,8.8006
15:02:18.624,102.539561,15:02:18.624,73.735486,15:02:18.624,8.738787
15:02:18.625,98.909505,15:02:18.625,73.819906,15:02:18.625,8.722676
15:02:18.626,89.606431,15:02:18.626,73.819906,15:02:18.626,8.769364
15:02:18.627,79.813721,15:02:18.627,73.75237,15:02:18.627,8.790407
15:02:18.628,72.384767,15:02:18.628,73.786138,15:02:18.628,8.798298
15:02:18.629,64.98958,15:02:18.629,73.971862,15:02:18.629,8.783174
15:02:18.630,59.215256,15:02:18.630,74.039398,15:02:18.630,8.725964
15:02:18.631,55.737155,15:02:18.631,74.056282,15:02:18.631,8.702619
15:02:18.632,56.05795,15:02:18.632,74.090049,15:02:18.632,8.746678
15:02:18.633,61.275103,15:02:18.633,74.309541,15:02:18.633,8.752925
15:02:18.634,69.024853,15:02:18.634,74.461497,15:02:18.634,8.758185
15:02:18.635,78.07467,15:02:18.635,74.326425,15:02:18.635,8.764433
15:02:18.636,88.677812,15:02:18.636,74.393961,15:02:18.636,8.71051
15:02:18.637,98.183494,15:02:18.637,74.647221,15:02:18.637,8.679932
15:02:18.638,104.211075,15:02:18.638,74.832945,15:02:18.638,8.693084
15:02:18.639,107.469683,15:02:18.639,74.697873,15:02:18.639,8.783831
15:02:18.640,108.313882,15:02:18.640,74.883597,15:02:18.640,8.782845
15:02:18.641,107.435915,15:02:18.641,75.069321,15:02:18.641,8.761802
15:02:18.642,105.713749,15:02:18.642,75.288812,15:02:18.642,8.748979
15:02:18.643,105.021506,15:02:18.643,75.255045,15:02:18.643,8.679932
15:02:18.644,106.068313,15:02:18.644,75.677144,15:02:18.644,8.659218
15:02:18.645,107.486567,15:02:18.645,76.014824,15:02:18.645,8.668753
15:02:18.646,108.398302,15:02:18.646,76.352504,15:02:18.646,8.733197
15:02:18.647,109.630833,15:02:18.647,76.487575,15:02:18.647,8.729909
15:02:18.648,112.636181,15:02:18.648,76.707067,15:02:18.648,8.727936
15:02:18.649,110.610103,15:02:18.649,76.977211,15:02:18.649,8.720045
15:02:18.650,108.85417,15:02:18.650,77.365543,15:02:18.650,8.680919
15:02:18.651,107.11512,15:02:18.651,77.348659,15:02:18.651,8.629627
15:02:18.652,104.616291,15:02:18.652,77.669454,15:02:18.652,8.640477
15:02:18.653,102.792821,15:02:18.653,77.888946,15:02:18.653,8.731553
15:02:18.654,102.016158,15:02:18.654,78.040902,15:02:18.654,8.74043
15:02:18.655,102.657749,15:02:18.655,78.024018,15:02:18.655,8.736485
15:02:18.656,106.220269,15:02:18.656,78.41235,15:02:18.656,8.734183
15:02:18.657,111.673794,15:02:18.657,78.986405,15:02:18.657,8.733855
15:02:18.658,117.059783,15:02:18.658,80.06698,15:02:18.658,8.668753
15:02:18.659,122.530191,15:02:18.659,81.383931,15:02:18.659,8.64771
15:02:18.660,127.173284,15:02:18.660,83.713921,15:02:18.660,8.641792
15:02:18.661,130.026675,15:02:18.661,85.689347,15:02:18.661,8.719388
15:02:18.662,130.195515,15:02:18.662,87.529701,15:02:18.662,8.731553
15:02:18.663,129.250012,15:02:18.663,88.863536,15:02:18.663,8.741417
15:02:18.664,127.207052,15:02:18.664,90.079183,15:02:18.664,8.737471
15:02:18.665,124.775759,15:02:18.665,91.04157,15:02:18.665,8.740102
15:02:18.666,121.584688,15:02:18.666,91.514321,15:02:18.666,8.739773
15:02:18.667,118.629992,15:02:18.667,91.109106,15:02:18.667,8.656259
15:02:18.668,115.405153,15:02:18.668,91.29483,15:02:18.668,8.640477
15:02:18.669,113.412844,15:02:18.669,91.497437,15:02:18.669,8.700975
15:02:18.670,112.517993,15:02:18.670,91.700045,15:02:18.670,8.732539
15:02:18.671,112.703717,15:02:18.671,90.281791,15:02:18.671,8.747006
15:02:18.672,115.084357,15:02:18.672,88.998608,15:02:18.672,8.763117
15:02:18.673,117.059783,15:02:18.673,88.96484,15:02:18.673,8.714784
15:02:18.674,118.883252,15:02:18.674,89.977879,15:02:18.674,8.688481
15:02:18.675,121.97302,15:02:18.675,90.53505,15:02:18.675,8.674014
15:02:18.676,124.387428,15:02:18.676,89.775271,15:02:18.676,8.744705
15:02:18.677,124.910831,15:02:18.677,89.623315,15:02:18.677,8.744705
15:02:18.678,123.256202,15:02:18.678,90.450631,15:02:18.678,8.75161
15:02:18.679,120.537882,15:02:18.679,91.311714,15:02:18.679,8.752596
15:02:18.680,117.211738,15:02:18.680,91.092222,15:02:18.680,8.750623
15:02:18.681,113.784291,15:02:18.681,90.399979,15:02:18.681,8.675987
15:02:18.682,111.48807,15:02:18.682,91.075338,15:02:18.682,8.664479
15:02:18.683,108.634678,15:02:18.683,92.628664,15:02:18.683,8.708209
15:02:18.684,106.355341,15:02:18.684,94.891118,15:02:18.684,8.751281
15:02:18.685,104.042236,15:02:18.685,95.937925,15:02:18.685,2.361112
15:02:18.686,103.957816,15:02:18.686,96.51198,15:02:18.686,2.008311
15:02:18.687,105.764401,15:02:18.687,97.406831,15:02:18.687,1.442449
15:02:18.688,110.745175,15:02:18.688,98.605594,15:02:18.688,1.188288
15:02:18.689,116.536379,15:02:18.689,98.605594,15:02:18.689,0.944977
15:02:18.690,122.141859,15:02:18.690,97.744511,15:02:18.690,0.732902
15:02:18.691,127.038212,15:02:18.691,97.119803,15:02:18.691,0.543514
15:02:18.692,129.334432,15:02:18.692,98.487406,15:02:18.692,0.368922
15:02:18.693,130.398123,15:02:18.693,99.82124,15:02:18.693,0.214057
15:02:18.694,129.722764,15:02:18.694,99.314721,15:02:18.694,0.067084
15:02:18.695,126.143361,15:02:18.695,98.200378,15:02:18.695,-0.015115
15:02:18.696,121.38208,15:02:18.696,97.322411,15:02:18.696,-0.006238
15:02:18.697,115.303849,15:02:18.697,96.647052,15:02:18.697,0.01349
15:02:18.698,110.475031,15:02:18.698,96.224952,15:02:18.698,0.00264
15:02:18.699,103.620136,15:02:18.699,95.684665,15:02:18.699,0.003955
15:02:18.700,96.072997,15:02:18.700,96.84966,15:02:18.700,0.002311
15:02:18.701,90.53505,15:02:18.701,99.314721,15:02:18.701,0.004941
15:02:18.702,86.094563,15:02:18.702,101.020003,15:02:18.702,0.003297
15:02:18.703,81.738495,15:02:18.703,101.053771,15:02:18.703,0.004284
15:02:18.704,79.273433,15:02:18.704,100.851163,15:02:18.704,0.003626
15:02:18.705,78.024018,15:02:18.705,100.766743,15:02:18.705,0.003297
15:02:18.706,76.268084,15:02:18.706,101.425219,15:02:18.706,0.00264
15:02:18.707,75.001785,15:02:18.707,102.134346,15:02:18.707,0.002311
15:02:18.708,74.883597,15:02:18.708,103.029197,15:02:18.708,0.003626
15:02:18.709,73.904326,15:02:18.709,104.261727,15:02:18.709,0.003297
15:02:18.710,72.756215,15:02:18.710,105.29165,15:02:18.710,0.003626
15:02:18.711,71.304192,15:02:18.711,104.920202,15:02:18.711,0.002311
15:02:18.712,70.527528,15:02:18.712,103.46818,15:02:18.712,0.00264
15:02:18.713,70.426224,15:02:18.713,102.23565,15:02:18.713,0.00264
15:02:18.714,70.645716,15:02:18.714,102.218766,15:02:18.714,0.003626
15:02:18.715,70.358688,15:02:18.715,102.15123,15:02:18.715,0.003626
15:02:18.716,69.548257,15:02:18.716,101.965506,15:02:18.716,0.002311
15:02:18.717,67.876742,15:02:18.717,102.016158,15:02:18.717,0.00264
15:02:18.718,65.9182,15:02:18.718,102.539561,15:02:18.718,0.002311
15:02:18.719,63.672629,15:02:18.719,102.472025,15:02:18.719,0.001982
15:02:18.720,61.038727,15:02:18.720,101.914854,15:02:18.720,0.002311
15:02:18.721,58.185333,15:02:18.721,101.307031,15:02:18.721,0.00264
15:02:18.722,55.905995,15:02:18.722,101.442103,15:02:18.722,0.002969
15:02:18.723,53.8968,15:02:18.723,101.492755,15:02:18.723,0.003297
15:02:18.724,52.461661,15:02:18.724,102.016158,15:02:18.724,0.001982
15:02:18.725,50.840798,15:02:18.725,102.775937,15:02:18.725,0.003626
15:02:18.726,49.067979,15:02:18.726,103.535716,15:02:18.726,0.003297
15:02:18.727,47.480883,15:02:18.727,103.940932,15:02:18.727,0.003626
15:02:18.728,46.1977,15:02:18.728,104.025352,15:02:18.728,0.00264
15:02:18.729,45.353501,15:02:18.729,103.991584,15:02:18.729,0.002969
15:02:18.730,44.948285,15:02:18.730,103.991584,15:02:18.730,0.003955
15:02:18.731,44.762561,15:02:18.731,103.80586,15:02:18.731,0.003297
15:02:18.732,44.391113,15:02:18.732,104.126655,15:02:18.732,0.003297
15:02:18.733,43.985897,15:02:18.733,104.329263,15:02:18.733,0.003955
15:02:18.734,43.817057,15:02:18.734,104.514987,15:02:18.734,0.00264
15:02:18.735,43.10793,15:02:18.735,104.261727,15:02:18.735,0.002311
15:02:18.736,42.60141,15:02:18.736,103.535716,15:02:18.736,0.001982
15:02:18.737,42.533874,15:02:18.737,103.198037,15:02:18.737,0.002969
15:02:18.738,42.60141,15:02:18.738,102.961661,15:02:18.738,0.001325
15:02:18.739,42.888438,15:02:18.739,102.640865,15:02:18.739,0.002969
15:02:18.740,42.989742,15:02:18.740,102.184998,15:02:18.740,0.001982
15:02:18.741,42.922206,15:02:18.741,102.134346,15:02:18.741,0.00264
15:02:18.742,42.989742,15:02:18.742,102.387605,15:02:18.742,0.000996
15:02:18.743,42.550758,15:02:18.743,102.421373,15:02:18.743,0.002311
15:02:18.744,41.554602,15:02:18.744,102.252534,15:02:18.744,0.002311
15:02:18.745,40.811707,15:02:18.745,102.06681,15:02:18.745,0.002311
15:02:18.746,39.950623,15:02:18.746,102.286302,15:02:18.746,0.003626
15:02:18.747,39.038888,15:02:18.747,102.353838,15:02:18.747,0.002311
15:02:18.748,38.228456,15:02:18.748,102.201882,15:02:18.748,0.003297
15:02:18.749,37.840124,15:02:18.749,102.218766,15:02:18.749,0.002311
15:02:18.750,37.688168,15:02:18.750,102.590213,15:02:18.750,0.002311
15:02:18.751,37.941428,15:02:18.751,102.623981,15:02:18.751,0.001982
15:02:18.752,38.177804,15:02:18.752,102.303186,15:02:18.752,0.00264
15:02:18.753,38.127152,15:02:18.753,101.931738,15:02:18.753,0.004941
15:02:18.754,36.371217,15:02:18.754,101.746014,15:02:18.754,0.003297
15:02:18.755,31.170947,15:02:18.755,101.391451,15:02:18.755,0.002311
15:02:18.756,25.26155,15:02:18.756,100.766743,15:02:18.756,0.002969
15:02:18.757,20.247003,15:02:18.757,100.260224,15:02:18.757,0.003626
15:02:18.758,14.877893,15:02:18.758,100.192688,15:02:18.758,0.002311
15:02:18.759,8.884075,15:02:18.759,100.125152,15:02:18.759,0.00264
15:02:18.760,3.092864,15:02:18.760,99.787472,15:02:18.760,0.003297
15:02:18.761,-1.53335,15:02:18.761,99.618633,15:02:18.761,0.002969
15:02:18.762,-3.187982,15:02:18.762,99.601749,15:02:18.762,0.002969
15:02:18.763,-3.356822,15:02:18.763,99.719937,15:02:18.763,0.003297
15:02:18.764,-3.39059,15:02:18.764,99.365373,15:02:18.764,0.00264
15:02:18.765,-3.39059,15:02:18.765,99.399141,15:02:18.765,0.004284
15:02:18.766,-3.39059,15:02:18.766,99.365373,15:02:18.766,0.003297
15:02:18.767,-3.39059,15:02:18.767,99.382257,15:02:18.767,0.003297
15:02:18.768,-3.39059,15:02:18.768,98.909505,15:02:18.768,0.001982
15:02:18.769,-3.373706,15:02:18.769,98.723782,15:02:18.769,0.002311
15:02:18.770,-3.323054,15:02:18.770,98.521174,15:02:18.770,0.003626
15:02:18.771,-3.103562,15:02:18.771,98.301682,15:02:18.771,0.001982
15:02:18.772,-1.769726,15:02:18.772,97.744511,15:02:18.772,0.004941
15:02:18.773,1.151205,15:02:18.773,97.356179,15:02:18.773,0.00264
15:02:18.774,4.831916,15:02:18.774,97.322411,15:02:18.774,0.002311
15:02:18.775,8.580163,15:02:18.775,97.119803,15:02:18.775,0.004612
15:02:18.776,12.395946,15:02:18.776,96.5964,15:02:18.776,0.003297
15:02:18.777,15.924701,15:02:18.777,96.478212,15:02:18.777,0.003955
15:02:18.778,19.250848,15:02:18.778,96.376908,15:02:18.778,0.00264
15:02:18.779,22.188663,15:02:18.779,96.292488,15:02:18.779,0.001653
15:02:18.780,24.50177,15:02:18.780,95.988577,15:02:18.780,0.001325
15:02:18.781,26.308357,15:02:18.781,95.634013,15:02:18.781,0.00264
15:02:18.782,27.405817,15:02:18.782,95.667781,15:02:18.782,0.003626
15:02:18.783,27.692845,15:02:18.783,95.752201,15:02:18.783,0.004284
15:02:18.784,27.355165,15:02:18.784,95.498941,15:02:18.784,0.002311
15:02:18.785,26.443429,15:02:18.785,95.279449,15:02:18.785,0.003297
15:02:18.786,25.194014,15:02:18.786,95.465173,15:02:18.786,0.00264
15:02:18.787,23.438078,15:02:18.787,95.498941,15:02:18.787,0.002969
15:02:18.788,21.361347,15:02:18.788,95.296333,15:02:18.788,0.002969
15:02:18.789,19.200196,15:02:18.789,95.093726,15:02:18.789,0.002969
15:02:18.790,16.870204,15:02:18.790,95.144378,15:02:18.790,0.001982
15:02:18.791,14.354489,15:02:18.791,95.11061,15:02:18.791,0.001653
15:02:18.792,11.889426,15:02:18.792,94.68851,15:02:18.792,0.002311
15:02:18.793,9.475015,15:02:18.793,94.536554,15:02:18.793,0.002969
15:02:18.794,7.212559,15:02:18.794,94.401482,15:02:18.794,0.003297
15:02:18.795,5.118944,15:02:18.795,94.401482,15:02:18.795,0.00264
15:02:18.796,3.24482,15:02:18.796,94.232643,15:02:18.796,0.002311
15:02:18.797,1.640841,15:02:18.797,93.928731,15:02:18.797,0.00264
15:02:18.798,0.475845,15:02:18.798,93.675471,15:02:18.798,0.003626
15:02:18.799,-0.283935,15:02:18.799,93.776775,15:02:18.799,0.002311
15:02:18.800,-0.672267,15:02:18.800,93.455979,15:02:18.800,0.002311
15:02:18.801,-0.689151,15:02:18.801,93.28714,15:02:18.801,0.001325
15:02:18.802,-0.267051,15:02:18.802,93.354676,15:02:18.802,0.002311
15:02:18.803,0.594033,15:02:18.803,93.523515,15:02:18.803,0.002969
15:02:18.804,1.944753,15:02:18.804,93.219604,15:02:18.804,0.002969
15:02:18.805,3.548732,15:02:18.805,93.1183,15:02:18.805,0.006256
15:02:18.806,5.389088,15:02:18.806,93.084532,15:02:18.806,0.001653
15:02:18.807,7.432051,15:02:18.807,93.320908,15:02:18.807,0.002311
15:02:18.808,9.441247,15:02:18.808,93.067648,15:02:18.808,0.002311
15:02:18.809,11.585514,15:02:18.809,92.932576,15:02:18.809,0.00264
15:02:18.810,13.662245,15:02:18.810,92.848156,15:02:18.810,0.002311
15:02:18.811,15.654557,15:02:18.811,93.016996,15:02:18.811,0.002969
15:02:18.812,17.6131,15:02:18.812,92.78062,15:02:18.812,0.002969
15:02:18.813,19.38592,15:02:18.813,92.510476,15:02:18.813,0.003297
15:02:18.814,20.770407,15:02:18.814,92.324753,15:02:18.814,0.002311
15:02:18.815,21.378231,15:02:18.815,92.426057,15:02:18.815,0.002311
15:02:18.816,21.597723,15:02:18.816,92.240333,15:02:18.816,0.001982
15:02:18.817,22.357503,15:02:18.817,92.105261,15:02:18.817,0.00264
15:02:18.818,22.543227,15:02:18.818,91.987073,15:02:18.818,0.002969
15:02:18.819,21.260043,15:02:18.819,92.105261,15:02:18.819,0.002969
15:02:18.820,20.247003,15:02:18.820,91.868885,15:02:18.820,0.00264
15:02:18.821,19.149544,15:02:18.821,91.936421,15:02:18.821,0.00264
15:02:18.822,17.883244,15:02:18.822,92.020841,15:02:18.822,0.001653
15:02:18.823,16.920856,15:02:18.823,92.324753,15:02:18.823,0.001982
15:02:18.824,15.924701,15:02:18.824,92.442941,15:02:18.824,0.003297
15:02:18.825,14.540213,15:02:18.825,92.510476,15:02:18.825,0.00264
15:02:18.826,13.25703,15:02:18.826,92.746852,15:02:18.826,0.00264
15:02:18.827,11.82189,15:02:18.827,93.050764,15:02:18.827,0.004612
15:02:18.828,10.352982,15:02:18.828,93.050764,15:02:18.828,0.002311
15:02:18.829,8.495743,15:02:18.829,93.067648,15:02:18.829,0.00264
15:02:18.830,6.621619,15:02:18.830,93.253372,15:02:18.830,0.002969
15:02:18.831,5.760536,15:02:18.831,93.506631,15:02:18.831,0.003297
15:02:18.832,5.693,15:02:18.832,93.37156,15:02:18.832,0.004612
15:02:18.833,5.52416,15:02:18.833,93.20272,15:02:18.833,0.003297
15:02:18.834,5.321552,15:02:18.834,93.101416,15:02:18.834,0.003297
15:02:18.835,5.490392,15:02:18.835,93.270256,15:02:18.835,0.001982
15:02:18.836,5.963144,15:02:18.836,92.966344,15:02:18.836,0.002969
15:02:18.837,6.486548,15:02:18.837,92.746852,15:02:18.837,0.003626
15:02:18.838,7.263211,15:02:18.838,92.679316,15:02:18.838,0.002969
15:02:18.839,8.259367,15:02:18.839,92.797504,15:02:18.839,0.00264
15:02:18.840,9.356827,15:02:18.840,92.578012,15:02:18.840,0.002311
15:02:18.841,10.690662,15:02:18.841,92.442941,15:02:18.841,0.00264
15:02:18.842,12.294642,15:02:18.842,92.510476,15:02:18.842,0.00264
15:02:18.843,13.679129,15:02:18.843,92.662432,15:02:18.843,0.002969
15:02:18.844,14.624633,15:02:18.844,92.746852,15:02:18.844,0.003297
15:02:18.845,15.468833,15:02:18.845,92.78062,15:02:18.845,0.002311
15:02:18.846,16.380569,15:02:18.846,92.983228,15:02:18.846,0.002969
15:02:18.847,16.93774,15:02:18.847,93.354676,15:02:18.847,0.00264
15:02:18.848,17.292304,15:02:18.848,93.489747,15:02:18.848,0.000996
15:02:18.849,17.596216,15:02:18.849,93.523515,15:02:18.849,0.004612
15:02:18.850,17.883244,15:02:18.850,93.658587,15:02:18.850,0.002969
15:02:18.851,17.883244,15:02:18.851,93.945615,15:02:18.851,0.003297
15:02:18.852,17.731288,15:02:18.852,94.030035,15:02:18.852,0.003626
15:02:18.853,17.292304,15:02:18.853,93.827427,15:02:18.853,0.003297
15:02:18.854,16.498757,15:02:18.854,93.743007,15:02:18.854,0.003297
15:02:18.855,15.485717,15:02:18.855,93.928731,15:02:18.855,0.003297
15:02:18.856,14.540213,15:02:18.856,93.591051,15:02:18.856,0.003626
15:02:18.857,13.696013,15:02:18.857,93.37156,15:02:18.857,0.004941
15:02:18.858,12.851814,15:02:18.858,93.20272,15:02:18.858,0.00264
15:02:18.859,11.90631,15:02:18.859,93.388444,15:02:18.859,0.00264
15:02:18.860,11.011458,15:02:18.860,93.270256,15:02:18.860,0.001325
15:02:18.861,10.065955,15:02:18.861,93.135184,15:02:18.861,0.004284
15:02:18.862,9.036031,15:02:18.862,93.152068,15:02:18.862,0.002311
15:02:18.863,8.090527,15:02:18.863,93.270256,15:02:18.863,0.002969
15:02:18.864,7.296979,15:02:18.864,93.388444,15:02:18.864,0.002311
15:02:18.865,6.857995,15:02:18.865,93.354676,15:02:18.865,0.002311
15:02:18.866,6.655387,15:02:18.866,93.523515,15:02:18.866,0.002311
15:02:18.867,6.739807,15:02:18.867,93.878079,15:02:18.867,0.00264
15:02:18.868,6.841111,15:02:18.868,94.114455,15:02:18.868,0.002969
15:02:18.869,7.161907,15:02:18.869,94.046919,15:02:18.869,0.00264
15:02:18.870,7.465819,15:02:18.870,94.232643,15:02:18.870,0.00264
15:02:18.871,7.989223,15:02:18.871,94.51967,15:02:18.871,0.002969
15:02:18.872,8.512627,15:02:18.872,94.637858,15:02:18.872,0.001982
15:02:18.873,9.187987,15:02:18.873,94.485902,15:02:18.873,0.001982
15:02:18.874,10.049071,15:02:18.874,94.401482,15:02:18.874,0.003297
15:02:18.875,10.842618,15:02:18.875,94.553438,15:02:18.875,0.00264
15:02:18.876,11.703702,15:02:18.876,94.485902,15:02:18.876,0.002311
15:02:18.877,12.480366,15:02:18.877,94.063803,15:02:18.877,0.003297
15:02:18.878,13.155726,15:02:18.878,93.962499,15:02:18.878,0.00264
15:02:18.879,13.560941,15:02:18.879,93.878079,15:02:18.879,0.002311
15:02:18.880,13.847969,15:02:18.880,93.878079,15:02:18.880,0.00264
15:02:18.881,14.253185,15:02:18.881,93.439095,15:02:18.881,0.003626
15:02:18.882,14.472677,15:02:18.882,93.219604,15:02:18.882,0.003626
15:02:18.883,14.709053,15:02:18.883,93.270256,15:02:18.883,0.00264
15:02:18.884,14.810357,15:02:18.884,93.28714,15:02:18.884,0.003626
15:02:18.885,14.827241,15:02:18.885,93.1183,15:02:18.885,0.00264
15:02:18.886,14.742821,15:02:18.886,93.135184,15:02:18.886,0.00264
15:02:18.887,14.540213,15:02:18.887,93.219604,15:02:18.887,0.002969
15:02:18.888,14.202533,15:02:18.888,93.405327,15:02:18.888,0.00264
15:02:18.889,13.712897,15:02:18.889,93.20272,15:02:18.889,0.003626
15:02:18.890,13.240146,15:02:18.890,93.185836,15:02:18.890,0.001982
15:02:18.891,12.615438,15:02:18.891,93.472863,15:02:18.891,0.004284
15:02:18.892,11.973846,15:02:18.892,93.574167,15:02:18.892,0.00264
15:02:18.893,11.349138,15:02:18.893,93.28714,15:02:18.893,0.001653
15:02:18.894,10.656894,15:02:18.894,93.320908,15:02:18.894,0.003626
15:02:18.895,10.082839,15:02:18.895,93.557283,15:02:18.895,0.003297
15:02:18.896,9.475015,15:02:18.896,93.540399,15:02:18.896,0.002311
15:02:18.897,9.036031,15:02:18.897,93.28714,15:02:18.897,0.00264
15:02:18.898,8.681467,15:02:18.898,93.236488,15:02:18.898,0.003955
15:02:18.899,8.428207,15:02:18.899,93.304024,15:02:18.899,0.00264
15:02:18.900,8.377555,15:02:18.900,93.28714,15:02:18.900,0.003626
15:02:18.901,8.326903,15:02:18.901,92.966344,15:02:18.901,0.003297
15:02:18.902,8.428207,15:02:18.902,92.831272,15:02:18.902,0.002311
15:02:18.903,8.546395,15:02:18.903,92.814388,15:02:18.903,0.003297
15:02:18.904,8.884075,15:02:18.904,92.746852,15:02:18.904,0.004941
15:02:18.905,9.289291,15:02:18.905,92.493592,15:02:18.905,0.003626
15:02:18.906,9.762043,15:02:18.906,92.409173,15:02:18.906,0.002969
15:02:18.907,10.082839,15:02:18.907,92.290985,15:02:18.907,0.002311
15:02:18.908,10.521822,15:02:18.908,92.392289,15:02:18.908,0.002969
15:02:18.909,10.994574,15:02:18.909,92.020841,15:02:18.909,0.001982
15:02:18.910,11.31537,15:02:18.910,91.970189,15:02:18.910,0.001982
15:02:18.911,11.73747,15:02:18.911,92.071493,15:02:18.911,0.003955
15:02:18.912,12.041382,15:02:18.912,92.223449,15:02:18.912,0.003297
15:02:18.913,12.463482,15:02:18.913,92.037725,15:02:18.913,0.003297
15:02:18.914,12.716742,15:02:18.914,91.818233,15:02:18.914,0.003626
15:02:18.915,12.986886,15:02:18.915,91.885769,15:02:18.915,0.001982
15:02:18.916,13.17261,15:02:18.916,91.970189,15:02:18.916,0.003297
15:02:18.917,13.25703,15:02:18.917,91.784465,15:02:18.917,0.00264
15:02:18.918,13.223262,15:02:18.918,91.716929,15:02:18.918,0.003626
15:02:18.919,13.206378,15:02:18.919,91.564973,15:02:18.919,0.001982
15:02:18.920,13.054422,15:02:18.920,91.716929,15:02:18.920,0.003297
15:02:18.921,12.902466,15:02:18.921,91.362366,15:02:18.921,0.003297
15:02:18.922,12.699858,15:02:18.922,91.193526,15:02:18.922,0.001653
15:02:18.923,12.480366,15:02:18.923,90.990918,15:02:18.923,0.002311
15:02:18.924,12.15957,15:02:18.924,91.075338,15:02:18.924,0.00264
15:02:18.925,11.923194,15:02:18.925,90.61947,15:02:18.925,0.00264
15:02:18.926,11.602398,15:02:18.926,90.501282,15:02:18.926,0.003626
15:02:18.927,11.31537,15:02:18.927,90.349327,15:02:18.927,0.004612
15:02:18.928,10.943922,15:02:18.928,90.416863,15:02:18.928,0.001982
15:02:18.929,10.673778,15:02:18.929,90.146719,15:02:18.929,0.002311
15:02:18.930,10.504938,15:02:18.930,90.096067,15:02:18.930,0.002969
15:02:18.931,10.352982,15:02:18.931,90.011647,15:02:18.931,0.002311
15:02:18.932,10.150375,15:02:18.932,90.332443,15:02:18.932,0.002969
15:02:18.933,10.133491,15:02:18.933,90.129835,15:02:18.933,0.00264
15:02:18.934,10.133491,15:02:18.934,90.011647,15:02:18.934,0.002311
15:02:18.935,10.099723,15:02:18.935,90.129835,15:02:18.935,0.003626
15:02:18.936,10.133491,15:02:18.936,90.416863,15:02:18.936,0.002311
15:02:18.937,10.251678,15:02:18.937,90.264907,15:02:18.937,0.001325
15:02:18.938,10.403634,15:02:18.938,90.214255,15:02:18.938,0.001982
15:02:18.939,10.656894,15:02:18.939,90.214255,15:02:18.939,0.001982
15:02:18.940,10.673778,15:02:18.940,90.349327,15:02:18.940,0.002969
15:02:18.941,10.842618,15:02:18.941,90.214255,15:02:18.941,0.002969
15:02:18.942,11.078994,15:02:18.942,89.960995,15:02:18.942,0.001982
15:02:18.943,11.23095,15:02:18.943,89.809039,15:02:18.943,0.00527
15:02:18.944,11.517978,15:02:18.944,89.893459,15:02:18.944,0.002969
15:02:18.945,11.669934,15:02:18.945,89.707735,15:02:18.945,0.00264
15:02:18.946,11.838774,15:02:18.946,89.47136,15:02:18.946,0.001325
15:02:18.947,12.108918,15:02:18.947,89.370056,15:02:18.947,0.002969
15:02:18.948,12.15957,15:02:18.948,89.572663,15:02:18.948,0.003297
15:02:18.949,12.294642,15:02:18.949,89.420708,15:02:18.949,0.004284
15:02:18.950,12.362178,15:02:18.950,89.234984,15:02:18.950,0.00264
15:02:18.951,12.311526,15:02:18.951,89.184332,15:02:18.951,0.001982
15:02:18.952,12.227106,15:02:18.952,89.47136,15:02:18.952,0.002311
15:02:18.953,12.15957,15:02:18.953,89.319404,15:02:18.953,0.003626
15:02:18.954,12.092034,15:02:18.954,89.251868,15:02:18.954,0.002969
15:02:18.955,11.889426,15:02:18.955,89.285636,15:02:18.955,0.003626
15:02:18.956,11.805006,15:02:18.956,89.420708,15:02:18.956,0.001982
15:02:18.957,11.686818,15:02:18.957,89.370056,15:02:18.957,0.003297
15:02:18.958,11.416674,15:02:18.958,89.167448,15:02:18.958,0.002969
15:02:18.959,11.197182,15:02:18.959,89.285636,15:02:18.959,0.001325
15:02:18.960,10.97769,15:02:18.960,89.285636,15:02:18.960,0.002311
15:02:18.961,10.775082,15:02:18.961,89.268752,15:02:18.961,0.001325
15:02:18.962,10.521822,15:02:18.962,89.116796,15:02:18.962,0.003626
15:02:18.963,10.38675,15:02:18.963,89.015492,15:02:18.963,0.003297
15:02:18.964,10.285446,15:02:18.964,89.184332,15:02:18.964,0.002311
15:02:18.965,10.251678,15:02:18.965,89.201216,15:02:18.965,0.002969
15:02:18.966,10.184142,15:02:18.966,88.914188,15:02:18.966,0.002311
15:02:18.967,10.201026,15:02:18.967,88.796,15:02:18.967,0.002311
15:02:18.968,10.167258,15:02:18.968,88.931072,15:02:18.968,0.001653
15:02:18.969,10.201026,15:02:18.969,89.015492,15:02:18.969,0.001982
15:02:18.970,10.150375,15:02:18.970,88.762232,15:02:18.970,0.003955
15:02:18.971,10.150375,15:02:18.971,88.745348,15:02:18.971,0.001653
15:02:18.972,10.150375,15:02:18.972,88.947956,15:02:18.972,0.003626
15:02:18.973,10.30233,15:02:18.973,88.897304,15:02:18.973,0.000996
15:02:18.974,10.285446,15:02:18.974,88.745348,15:02:18.974,0.003297
15:02:18.975,10.319214,15:02:18.975,88.863536,15:02:18.975,0.00264
15:02:18.976,10.420518,15:02:18.976,89.099912,15:02:18.976,0.002969
15:02:18.977,10.47117,15:02:18.977,89.167448,15:02:18.977,0.002311
15:02:18.978,10.589358,15:02:18.978,89.083028,15:02:18.978,0.002311
15:02:18.979,10.623126,15:02:18.979,89.150564,15:02:18.979,0.003955
15:02:18.980,10.656894,15:02:18.980,89.30252,15:02:18.980,0.003297
15:02:18.981,10.656894,15:02:18.981,89.38694,15:02:18.981,0.002969
15:02:18.982,10.72443,15:02:18.982,89.201216,15:02:18.982,0.00264
15:02:18.983,10.791966,15:02:18.983,89.167448,15:02:18.983,0.000996
15:02:18.984,10.758198,15:02:18.984,89.2181,15:02:18.984,0.003626
15:02:18.985,10.791966,15:02:18.985,89.285636,15:02:18.985,0.003626
15:02:18.986,10.80885,15:02:18.986,89.015492,15:02:18.986,0.003297
15:02:18.987,10.842618,15:02:18.987,88.914188,15:02:18.987,0.003297
15:02:18.988,10.825734,15:02:18.988,89.032376,15:02:18.988,0.003626
15:02:18.989,10.842618,15:02:18.989,88.981724,15:02:18.989,0.00264
15:02:18.990,10.775082,15:02:18.990,88.762232,15:02:18.990,0.002311
15:02:18.991,10.80885,15:02:18.991,88.694696,15:02:18.991,0.000996
15:02:18.992,10.80885,15:02:18.992,88.762232,15:02:18.992,0.002311
15:02:18.993,10.80885,15:02:18.993,88.846652,15:02:18.993,0.003297
15:02:18.994,10.80885,15:02:18.994,88.728464,15:02:18.994,0.003297
15:02:18.995,10.80885,15:02:18.995,88.796,15:02:18.995,0.001653
15:02:18.996,10.741314,15:02:18.996,88.998608,15:02:18.996,0.002311
15:02:18.997,10.690662,15:02:18.997,89.032376,15:02:18.997,0.001653
15:02:18.998,10.623126,15:02:18.998,88.829768,15:02:18.998,0.001982
15:02:18.999,10.55559,15:02:18.999,88.897304,15:02:18.999,0.002311
15:02:19.000,10.538706,15:02:19.000,88.998608,15:02:19.000,0.002969
15:02:19.001,10.454286,15:02:19.001,89.13368,15:02:19.001,0.003626
15:02:19.002,10.403634,15:02:19.002,88.829768,15:02:19.002,0.001653
15:02:19.003,10.38675,15:02:19.003,88.812884,15:02:19.003,0.001982
15:02:19.004,10.268562,15:02:19.004,88.931072,15:02:19.004,0.002311
15:02:19.005,10.234794,15:02:19.005,89.015492,15:02:19.005,0.003297
15:02:19.006,10.251678,15:02:19.006,88.762232,15:02:19.006,0.001982
15:02:19.007,10.234794,15:02:19.007,88.745348,15:02:19.007,0.003297
15:02:19.008,10.30233,15:02:19.008,88.829768,15:02:19.008,0.002969
15:02:19.009,10.251678,15:02:19.009,88.96484,15:02:19.009,0.002969
15:02:19.010,10.336098,15:02:19.010,88.559624,15:02:19.010,0.003626
15:02:19.011,10.352982,15:02:19.011,88.508972,15:02:19.011,0.002969
15:02:19.012,10.369866,15:02:19.012,88.71158,15:02:19.012,0.001653
15:02:19.013,10.352982,15:02:19.013,88.796,15:02:19.013,0.002969
15:02:19.014,10.30233,15:02:19.014,88.593392,15:02:19.014,0.001653
15:02:19.015,10.30233,15:02:19.015,88.576508,15:02:19.015,0.003955
15:02:19.016,10.336098,15:02:19.016,88.644044,15:02:19.016,0.001325
15:02:19.017,10.420518,15:02:19.017,88.863536,15:02:19.017,0.003297
15:02:19.018,10.403634,15:02:19.018,88.475205,15:02:19.018,0.001982
15:02:19.019,10.47117,15:02:19.019,88.593392,15:02:19.019,0.004612
15:02:19.020,10.454286,15:02:19.020,88.559624,15:02:19.020,0.002969
15:02:19.021,10.47117,15:02:19.021,88.728464,15:02:19.021,0.001982
15:02:19.022,10.504938,15:02:19.022,88.54274,15:02:19.022,0.000667
15:02:19.023,10.521822,15:02:19.023,88.458321,15:02:19.023,0.001982
15:02:19.024,10.55559,15:02:19.024,88.62716,15:02:19.024,0.003297
15:02:19.025,10.572474,15:02:19.025,88.779116,15:02:19.025,0.002311
15:02:19.026,10.656894,15:02:19.026,88.508972,15:02:19.026,0.002969
15:02:19.027,10.656894,15:02:19.027,88.508972,15:02:19.027,0.001982
15:02:19.028,10.623126,15:02:19.028,88.525856,15:02:19.028,0.001325
15:02:19.029,10.673778,15:02:19.029,88.694696,15:02:19.029,0.002969
15:02:19.030,10.606242,15:02:19.030,88.340133,15:02:19.030,0.002311
15:02:19.031,10.521822,15:02:19.031,88.255713,15:02:19.031,0.003626
15:02:19.032,10.504938,15:02:19.032,88.221945,15:02:19.032,0.00264
15:02:19.033,10.437402,15:02:19.033,88.323249,15:02:19.033,0.001653
15:02:19.034,10.38675,15:02:19.034,88.053105,15:02:19.034,0.002311
15:02:19.035,10.403634,15:02:19.035,87.968685,15:02:19.035,0.00264
15:02:19.036,10.369866,15:02:19.036,87.968685,15:02:19.036,0.002969
15:02:19.037,10.30233,15:02:19.037,87.985569,15:02:19.037,0.003297
15:02:19.038,10.268562,15:02:19.038,87.867381,15:02:19.038,0.00264
15:02:19.039,10.21791,15:02:19.039,87.664773,15:02:19.039,0.003955
15:02:19.040,10.150375,15:02:19.040,87.631005,15:02:19.040,0.001982
15:02:19.041,10.116607,15:02:19.041,87.918033,15:02:19.041,0.002311
15:02:19.042,10.049071,15:02:19.042,87.715425,15:02:19.042,0.000996
15:02:19.043,10.082839,15:02:19.043,87.681657,15:02:19.043,0.001653
15:02:19.044,9.998419,15:02:19.044,87.597237,15:02:19.044,0.001982
15:02:19.045,10.049071,15:02:19.045,87.918033,15:02:19.045,0.001982
15:02:19.046,10.015303,15:02:19.046,87.698541,15:02:19.046,0.003297
15:02:19.047,10.015303,15:02:19.047,87.681657,15:02:19.047,0.001982
15:02:19.048,10.049071,15:02:19.048,87.614121,15:02:19.048,0.003626
15:02:19.049,9.947767,15:02:19.049,87.816729,15:02:19.049,0.001653
15:02:19.050,9.964651,15:02:19.050,87.631005,15:02:19.050,0.004612
15:02:19.051,9.930883,15:02:19.051,87.614121,15:02:19.051,0.002311
15:02:19.052,9.947767,15:02:19.052,87.529701,15:02:19.052,0.002311
15:02:19.053,10.082839,15:02:19.053,87.749193,15:02:19.053,0.001982
15:02:19.054,10.032187,15:02:19.054,87.580353,15:02:19.054,0.001982
15:02:19.055,9.998419,15:02:19.055,87.445282,15:02:19.055,0.003955
15:02:19.056,10.049071,15:02:19.056,87.343978,15:02:19.056,0.003297
15:02:19.057,10.049071,15:02:19.057,87.47905,15:02:19.057,0.002969
15:02:19.058,10.032187,15:02:19.058,87.175138,15:02:19.058,0.002311
15:02:19.059,9.998419,15:02:19.059,87.023182,15:02:19.059,0.001325
15:02:19.060,10.065955,15:02:19.060,86.97253,15:02:19.060,0.00264
15:02:19.061,10.015303,15:02:19.061,87.175138,15:02:19.061,0.002969
15:02:19.062,10.116607,15:02:19.062,87.006298,15:02:19.062,0.00264
15:02:19.063,10.099723,15:02:19.063,86.854342,15:02:19.063,0.002311
15:02:19.064,10.065955,15:02:19.064,86.736154,15:02:19.064,0.003297
15:02:19.065,10.082839,15:02:19.065,86.904994,15:02:19.065,0.003297
15:02:19.066,9.998419,15:02:19.066,86.786806,15:02:19.066,0.002311
15:02:19.067,10.032187,15:02:19.067,86.702386,15:02:19.067,0.00264
15:02:19.068,10.065955,15:02:19.068,86.685502,15:02:19.068,0.00264
15:02:19.069,10.015303,15:02:19.069,86.854342,15:02:19.069,0.002969
15:02:19.070,10.032187,15:02:19.070,86.617966,15:02:19.070,0.003955
15:02:19.071,9.998419,15:02:19.071,86.432243,15:02:19.071,0.003626
15:02:19.072,9.964651,15:02:19.072,86.381591,15:02:19.072,0.003626
15:02:19.073,9.897115,15:02:19.073,86.516662,15:02:19.073,0.001982
15:02:19.074,9.880231,15:02:19.074,86.347823,15:02:19.074,0.002311
15:02:19.075,9.846463,15:02:19.075,86.212751,15:02:19.075,0.001982
15:02:19.076,9.829579,15:02:19.076,86.145215,15:02:19.076,0.003297
15:02:19.077,9.778927,15:02:19.077,86.246519,15:02:19.077,0.003626
15:02:19.078,9.711391,15:02:19.078,86.280287,15:02:19.078,0.001653
15:02:19.079,9.677623,15:02:19.079,85.959491,15:02:19.079,0.003297
15:02:19.080,9.643855,15:02:19.080,85.891955,15:02:19.080,0.002311
15:02:19.081,9.643855,15:02:19.081,86.145215,15:02:19.081,0.004941
15:02:19.082,9.711391,15:02:19.082,86.060795,15:02:19.082,0.002311
15:02:19.083,9.643855,15:02:19.083,86.010143,15:02:19.083,0.00264
15:02:19.084,9.576319,15:02:19.084,86.027027,15:02:19.084,0.001325
15:02:19.085,9.610087,15:02:19.085,86.145215,15:02:19.085,0.002311
15:02:19.086,9.593203,15:02:19.086,86.111447,15:02:19.086,0.003955
15:02:19.087,9.694507,15:02:19.087,85.993259,15:02:19.087,0.004612
15:02:19.088,9.728275,15:02:19.088,86.010143,15:02:19.088,0.00264
15:02:19.089,9.745159,15:02:19.089,86.145215,15:02:19.089,0.001653
15:02:19.090,9.745159,15:02:19.090,86.128331,15:02:19.090,0.001653
15:02:19.091,9.694507,15:02:19.091,85.959491,15:02:19.091,0.001982
15:02:19.092,9.812695,15:02:19.092,85.925723,15:02:19.092,0.003626
15:02:19.093,9.745159,15:02:19.093,86.128331,15:02:19.093,0.003297
15:02:19.094,9.745159,15:02:19.094,86.145215,15:02:19.094,0.002969
15:02:19.095,9.745159,15:02:19.095,85.925723,15:02:19.095,0.001982
15:02:19.096,9.745159,15:02:19.096,85.756883,15:02:19.096,0.002969
15:02:19.097,9.711391,15:02:19.097,85.925723,15:02:19.097,0.001653
15:02:19.098,9.778927,15:02:19.098,85.807535,15:02:19.098,0.003626
15:02:19.099,9.694507,15:02:19.099,85.588043,15:02:19.099,0.002969
15:02:19.100,9.711391,15:02:19.100,85.503623,15:02:19.100,0.002969
15:02:19.101,9.711391,15:02:19.101,85.706231,15:02:19.101,0.002969
15:02:19.102,9.745159,15:02:19.102,85.571159,15:02:19.102,0.001653
15:02:19.103,9.711391,15:02:19.103,85.452971,15:02:19.103,0.003297
15:02:19.104,9.711391,15:02:19.104,85.486739,15:02:19.104,0.001982
15:02:19.105,9.677623,15:02:19.105,85.554275,15:02:19.105,0.002311
15:02:19.106,9.660739,15:02:19.106,85.638695,15:02:19.106,0.00264
15:02:19.107,9.711391,15:02:19.107,85.436087,15:02:19.107,0.001982
15:02:19.108,9.728275,15:02:19.108,85.419203,15:02:19.108,0.003626
15:02:19.109,9.677623,15:02:19.109,85.537391,15:02:19.109,0.002311
15:02:19.110,9.660739,15:02:19.110,85.520507,15:02:19.110,0.003626
15:02:19.111,9.643855,15:02:19.111,85.284132,15:02:19.111,0.002311
15:02:19.112,9.576319,15:02:19.112,85.250364,15:02:19.112,0.004941
15:02:19.113,9.475015,15:02:19.113,85.351668,15:02:19.113,0.00264
15:02:19.114,9.424363,15:02:19.114,85.452971,15:02:19.114,0.002969
15:02:19.115,9.424363,15:02:19.115,85.14906,15:02:19.115,0.001982
15:02:19.116,9.407479,15:02:19.116,85.14906,15:02:19.116,0.00264
15:02:19.117,9.339943,15:02:19.117,85.351668,15:02:19.117,0.00264
15:02:19.118,9.356827,15:02:19.118,85.351668,15:02:19.118,0.003297
15:02:19.119,9.356827,15:02:19.119,85.23348,15:02:19.119,0.002969
15:02:19.120,9.306175,15:02:19.120,85.216596,15:02:19.120,0.00264
15:02:19.121,9.373711,15:02:19.121,85.301016,15:02:19.121,0.001653
15:02:19.122,9.356827,15:02:19.122,85.351668,15:02:19.122,0.003955
15:02:19.123,9.390595,15:02:19.123,85.14906,15:02:19.123,0.000996
15:02:19.124,9.356827,15:02:19.124,85.165944,15:02:19.124,0.003626
15:02:19.125,9.356827,15:02:19.125,85.284132,15:02:19.125,0.002969
15:02:19.126,9.289291,15:02:19.126,85.385436,15:02:19.126,0.002969
15:02:19.127,9.441247,15:02:19.127,85.182828,15:02:19.127,0.003626
15:02:19.128,9.441247,15:02:19.128,85.047756,15:02:19.128,0.001653
15:02:19.129,9.475015,15:02:19.129,85.182828,15:02:19.129,0.00264
15:02:19.130,9.424363,15:02:19.130,85.216596,15:02:19.130,0.002311
15:02:19.131,9.458131,15:02:19.131,85.013988,15:02:19.131,0.002969
15:02:19.132,9.458131,15:02:19.132,84.946452,15:02:19.132,0.002969
15:02:19.133,9.407479,15:02:19.133,85.081524,15:02:19.133,0.001982
15:02:19.134,9.390595,15:02:19.134,85.165944,15:02:19.134,0.002311
15:02:19.135,9.373711,15:02:19.135,84.912684,15:02:19.135,0.002969
15:02:19.136,9.407479,15:02:19.136,84.878916,15:02:19.136,0.002311
15:02:19.137,9.424363,15:02:19.137,84.963336,15:02:19.137,0.002311
15:02:19.138,9.390595,15:02:19.138,85.047756,15:02:19.138,0.00264
15:02:19.139,9.306175,15:02:19.139,84.760728,15:02:19.139,0.003297
15:02:19.140,9.272407,15:02:19.140,84.760728,15:02:19.140,0.001653
15:02:19.141,9.238639,15:02:19.141,84.777612,15:02:19.141,0.002969
15:02:19.142,9.187987,15:02:19.142,84.8958,15:02:19.142,0.002311
15:02:19.143,9.187987,15:02:19.143,84.693192,15:02:19.143,0.003626
15:02:19.144,9.204871,15:02:19.144,84.710076,15:02:19.144,0.001653
15:02:19.145,9.137335,15:02:19.145,84.625656,15:02:19.145,0.002969
15:02:19.146,9.052915,15:02:19.146,84.878916,15:02:19.146,0.00264
15:02:19.147,9.103567,15:02:19.147,84.55812,15:02:19.147,0.001982
15:02:19.148,9.120451,15:02:19.148,84.591888,15:02:19.148,0.003626
15:02:19.149,9.154219,15:02:19.149,84.591888,15:02:19.149,0.002969
15:02:19.150,9.120451,15:02:19.150,84.743844,15:02:19.150,0.002311
15:02:19.151,9.103567,15:02:19.151,84.541236,15:02:19.151,0.001653
15:02:19.152,9.069799,15:02:19.152,84.406164,15:02:19.152,0.001653
15:02:19.153,9.069799,15:02:19.153,84.608772,15:02:19.153,0.003955
15:02:19.154,9.137335,15:02:19.154,84.625656,15:02:19.154,0.002311
15:02:19.155,9.019147,15:02:19.155,84.490584,15:02:19.155,0.003955
15:02:19.156,9.019147,15:02:19.156,84.372396,15:02:19.156,0.00264
15:02:19.157,9.019147,15:02:19.157,84.38928,15:02:19.157,0.004284
15:02:19.158,9.052915,15:02:19.158,84.575004,15:02:19.158,0.00264
15:02:19.159,8.917843,15:02:19.159,84.372396,15:02:19.159,0.001982
15:02:19.160,8.985379,15:02:19.160,84.338629,15:02:19.160,0.001653
15:02:19.161,9.002263,15:02:19.161,84.423048,15:02:19.161,0.002969
15:02:19.162,9.002263,15:02:19.162,84.575004,15:02:19.162,0.003297
15:02:19.163,8.985379,15:02:19.163,84.4737,15:02:19.163,0.003626
15:02:19.164,8.968495,15:02:19.164,84.406164,15:02:19.164,0.002969
15:02:19.165,9.002263,15:02:19.165,84.490584,15:02:19.165,0.002969
15:02:19.166,9.069799,15:02:19.166,84.524352,15:02:19.166,0.000996
15:02:19.167,9.019147,15:02:19.167,84.372396,15:02:19.167,0.002969
15:02:19.168,9.052915,15:02:19.168,84.271093,15:02:19.168,0.002969
15:02:19.169,9.036031,15:02:19.169,84.304861,15:02:19.169,0.002969
15:02:19.170,9.086683,15:02:19.170,84.406164,15:02:19.170,0.003626
15:02:19.171,9.086683,15:02:19.171,84.220441,15:02:19.171,0.001982
15:02:19.172,9.069799,15:02:19.172,84.068485,15:02:19.172,0.002969
15:02:19.173,9.086683,15:02:19.173,84.085369,15:02:19.173,0.002311
15:02:19.174,9.052915,15:02:19.174,84.237325,15:02:19.174,0.003297
15:02:19.175,9.069799,15:02:19.175,84.034717,15:02:19.175,0.001982
15:02:19.176,9.002263,15:02:19.176,83.916529,15:02:19.176,0.002969
15:02:19.177,9.019147,15:02:19.177,83.848993,15:02:19.177,0.003626
15:02:19.178,8.968495,15:02:19.178,84.068485,15:02:19.178,0.001982
15:02:19.179,8.884075,15:02:19.179,83.984065,15:02:19.179,0.002969
15:02:19.180,8.985379,15:02:19.180,83.815225,15:02:19.180,0.001982
15:02:19.181,8.934727,15:02:19.181,83.815225,15:02:19.181,0.002969
15:02:19.182,8.900959,15:02:19.182,83.933413,15:02:19.182,0.003297
15:02:19.183,8.884075,15:02:19.183,83.848993,15:02:19.183,0.002311
15:02:19.184,8.884075,15:02:19.184,83.764573,15:02:19.184,0.003955
15:02:19.185,8.850307,15:02:19.185,83.680153,15:02:19.185,0.001982
15:02:19.186,8.749003,15:02:19.186,83.882761,15:02:19.186,0.003297
15:02:19.187,8.833423,15:02:19.187,83.764573,15:02:19.187,0.001982
15:02:19.188,8.884075,15:02:19.188,83.612617,15:02:19.188,0.004284
15:02:19.189,8.816539,15:02:19.189,83.545081,15:02:19.189,0.002311
15:02:19.190,8.867191,15:02:19.190,83.629501,15:02:19.190,0.00264
15:02:19.191,8.850307,15:02:19.191,83.578849,15:02:19.191,0.001325
15:02:19.192,8.765887,15:02:19.192,83.443777,15:02:19.192,0.00264
15:02:19.193,8.782771,15:02:19.193,83.410009,15:02:19.193,0.003626
15:02:19.194,8.782771,15:02:19.194,83.477545,15:02:19.194,0.003297
15:02:19.195,8.782771,15:02:19.195,83.443777,15:02:19.195,0.002311
15:02:19.196,8.732119,15:02:19.196,83.207402,15:02:19.196,0.002311
15:02:19.197,8.681467,15:02:19.197,83.393125,15:02:19.197,0.001653
15:02:19.198,8.681467,15:02:19.198,83.629501,15:02:19.198,0.003955
15:02:19.199,8.681467,15:02:19.199,83.460661,15:02:19.199,0.001982
15:02:19.200,8.647699,15:02:19.200,83.342473,15:02:19.200,0.003297
15:02:19.201,8.664583,15:02:19.201,83.190518,15:02:19.201,0.00264
15:02:19.202,8.630815,15:02:19.202,83.410009,15:02:19.202,0.00264
15:02:19.203,8.597047,15:02:19.203,83.443777,15:02:19.203,0.002969
15:02:19.204,8.647699,15:02:19.204,83.173634,15:02:19.204,0.002311
15:02:19.205,8.580163,15:02:19.205,83.173634,15:02:19.205,0.002311
15:02:19.206,8.613931,15:02:19.206,83.274938,15:02:19.206,0.001653
15:02:19.207,8.664583,15:02:19.207,83.224286,15:02:19.207,0.002969
15:02:19.208,8.664583,15:02:19.208,82.937258,15:02:19.208,0.004284
15:02:19.209,8.681467,15:02:19.209,83.021678,15:02:19.209,0.003626
15:02:19.210,8.630815,15:02:19.210,83.089214,15:02:19.210,0.00264
15:02:19.211,8.597047,15:02:19.211,83.07233,15:02:19.211,0.001982
15:02:19.212,8.698351,15:02:19.212,82.937258,15:02:19.212,0.002311
15:02:19.213,8.597047,15:02:19.213,82.785302,15:02:19.213,0.001653
15:02:19.214,8.580163,15:02:19.214,82.937258,15:02:19.214,0.00264
15:02:19.215,8.580163,15:02:19.215,82.937258,15:02:19.215,0.004284
15:02:19.216,8.495743,15:02:19.216,82.785302,15:02:19.216,0.001325
15:02:19.217,8.580163,15:02:19.217,82.683998,15:02:19.217,0.002969
15:02:19.218,8.563279,15:02:19.218,82.852838,15:02:19.218,0.001653
15:02:19.219,8.461975,15:02:19.219,82.73465,15:02:19.219,0.00527
15:02:19.220,8.461975,15:02:19.220,82.515158,15:02:19.220,0.002311
15:02:19.221,8.461975,15:02:19.221,82.48139,15:02:19.221,0.003297
15:02:19.222,8.394439,15:02:19.222,82.785302,15:02:19.222,0.001325
15:02:19.223,8.428207,15:02:19.223,82.683998,15:02:19.223,0.003626
15:02:19.224,8.445091,15:02:19.224,82.413854,15:02:19.224,0.002311
15:02:19.225,8.495743,15:02:19.225,82.532042,15:02:19.225,0.00264
15:02:19.226,8.428207,15:02:19.226,82.532042,15:02:19.226,0.002969
15:02:19.227,8.445091,15:02:19.227,82.599578,15:02:19.227,0.00264
15:02:19.228,8.478859,15:02:19.228,82.380086,15:02:19.228,0.001325
15:02:19.229,8.445091,15:02:19.229,82.295666,15:02:19.229,0.00264
15:02:19.230,8.495743,15:02:19.230,82.413854,15:02:19.230,0.00264
15:02:19.231,8.394439,15:02:19.231,82.48139,15:02:19.231,0.003297
15:02:19.232,8.495743,15:02:19.232,82.295666,15:02:19.232,0.001982
15:02:19.233,8.360671,15:02:19.233,82.346318,15:02:19.233,0.002311
15:02:19.234,8.394439,15:02:19.234,82.430738,15:02:19.234,0.002311
15:02:19.235,8.394439,15:02:19.235,82.48139,15:02:19.235,0.001325
15:02:19.236,8.377555,15:02:19.236,82.245014,15:02:19.236,0.000996
15:02:19.237,8.411323,15:02:19.237,82.109943,15:02:19.237,0.00264
15:02:19.238,8.326903,15:02:19.238,82.363202,15:02:19.238,0.00264
15:02:19.239,8.377555,15:02:19.239,82.464506,15:02:19.239,0.003297
15:02:19.240,8.377555,15:02:19.240,82.194362,15:02:19.240,0.002969
15:02:19.241,8.360671,15:02:19.241,82.177479,15:02:19.241,0.001982
15:02:19.242,8.360671,15:02:19.242,82.194362,15:02:19.242,0.001653
15:02:19.243,8.360671,15:02:19.243,82.329434,15:02:19.243,0.00264
15:02:19.244,8.360671,15:02:19.244,82.025523,15:02:19.244,0.001653
15:02:19.245,8.310019,15:02:19.245,82.042407,15:02:19.245,0.003297
15:02:19.246,8.293135,15:02:19.246,82.093059,15:02:19.246,0.002969
15:02:19.247,8.343787,15:02:19.247,82.177479,15:02:19.247,0.00264
15:02:19.248,8.310019,15:02:19.248,81.991755,15:02:19.248,0.003626
15:02:19.249,8.259367,15:02:19.249,81.907335,15:02:19.249,0.001653
15:02:19.250,8.276251,15:02:19.250,81.957987,15:02:19.250,0.002969
15:02:19.251,8.276251,15:02:19.251,82.194362,15:02:19.251,0.00264
15:02:19.252,8.208715,15:02:19.252,81.856683,15:02:19.252,0.003297
15:02:19.253,8.225599,15:02:19.253,81.856683,15:02:19.253,0.00264
15:02:19.254,8.174947,15:02:19.254,81.924219,15:02:19.254,0.003626
15:02:19.255,8.242483,15:02:19.255,81.974871,15:02:19.255,0.002969
15:02:19.256,8.259367,15:02:19.256,81.772263,15:02:19.256,0.001982
15:02:19.257,8.158063,15:02:19.257,81.806031,15:02:19.257,0.002311
15:02:19.258,8.141179,15:02:19.258,81.789147,15:02:19.258,0.002311
15:02:19.259,8.191831,15:02:19.259,81.873567,15:02:19.259,0.001653
15:02:19.260,8.073643,15:02:19.260,81.687843,15:02:19.260,0.003955
15:02:19.261,8.141179,15:02:19.261,81.620307,15:02:19.261,0.002311
15:02:19.262,8.141179,15:02:19.262,81.603423,15:02:19.262,0.003955
15:02:19.263,7.972339,15:02:19.263,81.822915,15:02:19.263,0.00264
15:02:19.264,8.124295,15:02:19.264,81.586539,15:02:19.264,0.004941
15:02:19.265,8.141179,15:02:19.265,81.485235,15:02:19.265,0.003297
15:02:19.266,8.174947,15:02:19.266,81.552771,15:02:19.266,0.00264
15:02:19.267,8.124295,15:02:19.267,81.620307,15:02:19.267,0.001325
15:02:19.268,8.158063,15:02:19.268,81.519003,15:02:19.268,0.001982
15:02:19.269,8.124295,15:02:19.269,81.502119,15:02:19.269,0.002969
15:02:19.270,8.174947,15:02:19.270,81.620307,15:02:19.270,0.003955
15:02:19.271,8.124295,15:02:19.271,81.738495,15:02:19.271,0.003297
15:02:19.272,8.107411,15:02:19.272,81.519003,15:02:19.272,0.001982
15:02:19.273,8.056759,15:02:19.273,81.535887,15:02:19.273,0.001653
15:02:19.274,7.989223,15:02:19.274,81.502119,15:02:19.274,0.002969
15:02:19.275,7.972339,15:02:19.275,81.586539,15:02:19.275,0.002311
15:02:19.276,8.006107,15:02:19.276,81.502119,15:02:19.276,0.003955
15:02:19.277,7.972339,15:02:19.277,81.434583,15:02:19.277,0.003297
15:02:19.278,7.989223,15:02:19.278,81.333279,15:02:19.278,0.001653
15:02:19.279,7.972339,15:02:19.279,81.519003,15:02:19.279,0.002969
15:02:19.280,7.854151,15:02:19.280,81.299511,15:02:19.280,0.001653
15:02:19.281,7.887919,15:02:19.281,81.248859,15:02:19.281,0.004284
15:02:19.282,7.887919,15:02:19.282,81.248859,15:02:19.282,0.002311
15:02:19.283,7.854151,15:02:19.283,81.333279,15:02:19.283,0.003297
15:02:19.284,7.871035,15:02:19.284,81.181323,15:02:19.284,0.002969
15:02:19.285,7.904803,15:02:19.285,81.113787,15:02:19.285,0.001982
15:02:19.286,7.904803,15:02:19.286,81.198207,15:02:19.286,0.002969
15:02:19.287,7.854151,15:02:19.287,81.316395,15:02:19.287,0.002311
15:02:19.288,7.887919,15:02:19.288,81.231975,15:02:19.288,0.002311
15:02:19.289,7.921687,15:02:19.289,81.029368,15:02:19.289,0.00264
15:02:19.290,7.887919,15:02:19.290,81.096903,15:02:19.290,0.001653
15:02:19.291,7.904803,15:02:19.291,81.282627,15:02:19.291,0.002969
15:02:19.292,7.938571,15:02:19.292,81.08002,15:02:19.292,0.00264
15:02:19.293,7.887919,15:02:19.293,80.9956,15:02:19.293,0.003626
15:02:19.294,7.887919,15:02:19.294,80.928064,15:02:19.294,0.002969
15:02:19.295,7.854151,15:02:19.295,81.147555,15:02:19.295,0.001653
15:02:19.296,7.871035,15:02:19.296,81.08002,15:02:19.296,0.001982
15:02:19.297,7.820383,15:02:19.297,80.9956,15:02:19.297,0.00264
15:02:19.298,7.871035,15:02:19.298,80.843644,15:02:19.298,0.001982
15:02:19.299,7.803499,15:02:19.299,80.944948,15:02:19.299,0.001982
15:02:19.300,7.820383,15:02:19.300,80.809876,15:02:19.300,0.001982
15:02:19.301,7.820383,15:02:19.301,80.65792,15:02:19.301,0.000996
15:02:19.302,7.769731,15:02:19.302,80.590384,15:02:19.302,0.00264
15:02:19.303,7.702195,15:02:19.303,80.776108,15:02:19.303,0.001982
15:02:19.304,7.719079,15:02:19.304,80.691688,15:02:19.304,0.004284
15:02:19.305,7.769731,15:02:19.305,80.641036,15:02:19.305,0.003626
15:02:19.306,7.803499,15:02:19.306,80.624152,15:02:19.306,0.002311
15:02:19.307,7.769731,15:02:19.307,80.776108,15:02:19.307,0.002969
15:02:19.308,7.786615,15:02:19.308,80.708572,15:02:19.308,0.002311
15:02:19.309,7.769731,15:02:19.309,80.674804,15:02:19.309,0.004284
15:02:19.310,7.786615,15:02:19.310,80.65792,15:02:19.310,0.00264
15:02:19.311,7.702195,15:02:19.311,80.74234,15:02:19.311,0.00264
15:02:19.312,7.719079,15:02:19.312,80.708572,15:02:19.312,0.003626
15:02:19.313,7.719079,15:02:19.313,80.65792,15:02:19.313,0.002969
15:02:19.314,7.651543,15:02:19.314,80.624152,15:02:19.314,0.003297
15:02:19.315,7.617775,15:02:19.315,80.776108,15:02:19.315,0.002311
15:02:19.316,7.550239,15:02:19.316,80.5735,15:02:19.316,0.001653
15:02:19.317,7.634659,15:02:19.317,80.48908,15:02:19.317,0.003626
15:02:19.318,7.584007,15:02:19.318,80.421544,15:02:19.318,0.002311
15:02:19.319,7.584007,15:02:19.319,80.472196,15:02:19.319,0.002311
15:02:19.320,7.567123,15:02:19.320,80.387776,15:02:19.320,0.001982
15:02:19.321,7.448935,15:02:19.321,80.218936,15:02:19.321,0.002969
15:02:19.322,7.550239,15:02:19.322,80.185168,15:02:19.322,0.003297
15:02:19.323,7.516471,15:02:19.323,80.370892,15:02:19.323,0.001982
15:02:19.324,7.516471,15:02:19.324,80.286472,15:02:19.324,0.003626
15:02:19.325,7.516471,15:02:19.325,80.185168,15:02:19.325,0.000667
15:02:19.326,7.533355,15:02:19.326,80.185168,15:02:19.326,0.002311
15:02:19.327,7.550239,15:02:19.327,80.252704,15:02:19.327,0.002311
15:02:19.328,7.685311,15:02:19.328,80.269588,15:02:19.328,0.003626
15:02:19.329,7.617775,15:02:19.329,80.1514,15:02:19.329,0.001653
15:02:19.330,7.600891,15:02:19.330,80.117632,15:02:19.330,0.00264
15:02:19.331,7.634659,15:02:19.331,80.303356,15:02:19.331,0.003297
15:02:19.332,7.600891,15:02:19.332,80.252704,15:02:19.332,0.003297
15:02:19.333,7.533355,15:02:19.333,80.06698,15:02:19.333,0.00264
15:02:19.334,7.600891,15:02:19.334,80.083864,15:02:19.334,0.002969
15:02:19.335,7.584007,15:02:19.335,80.083864,15:02:19.335,0.004284
15:02:19.336,7.584007,15:02:19.336,80.050096,15:02:19.336,0.00264
15:02:19.337,7.567123,15:02:19.337,79.931909,15:02:19.337,0.00264
15:02:19.338,7.482703,15:02:19.338,79.898141,15:02:19.338,0.002311
15:02:19.339,7.448935,15:02:19.339,79.98256,15:02:19.339,0.002311
15:02:19.340,7.448935,15:02:19.340,79.948793,15:02:19.340,0.003955
15:02:19.341,7.465819,15:02:19.341,79.796837,15:02:19.341,0.003297
15:02:19.342,7.415167,15:02:19.342,79.729301,15:02:19.342,0.001653
15:02:19.343,7.448935,15:02:19.343,79.847489,15:02:19.343,0.002969
15:02:19.344,7.364515,15:02:19.344,79.898141,15:02:19.344,0.00264
15:02:19.345,7.398283,15:02:19.345,79.661765,15:02:19.345,0.004284
15:02:19.346,7.364515,15:02:19.346,79.594229,15:02:19.346,0.002311
15:02:19.347,7.398283,15:02:19.347,79.779953,15:02:19.347,0.00264
15:02:19.348,7.415167,15:02:19.348,79.813721,15:02:19.348,0.001982
15:02:19.349,7.381399,15:02:19.349,79.644881,15:02:19.349,0.003626
15:02:19.350,7.398283,15:02:19.350,79.661765,15:02:19.350,0.003297
15:02:19.351,7.347631,15:02:19.351,79.779953,15:02:19.351,0.001982
15:02:19.352,7.330747,15:02:19.352,79.813721,15:02:19.352,0.003297
15:02:19.353,7.296979,15:02:19.353,79.611113,15:02:19.353,0.002311
15:02:19.354,7.246327,15:02:19.354,79.425389,15:02:19.354,0.002311
15:02:19.355,7.263211,15:02:19.355,79.611113,15:02:19.355,0.00264
15:02:19.356,7.212559,15:02:19.356,79.678649,15:02:19.356,0.002311
15:02:19.357,7.229443,15:02:19.357,79.442273,15:02:19.357,0.002969
15:02:19.358,7.246327,15:02:19.358,79.408505,15:02:19.358,0.001982
15:02:19.359,7.212559,15:02:19.359,79.459157,15:02:19.359,0.002969
15:02:19.360,7.178791,15:02:19.360,79.476041,15:02:19.360,0.001325
15:02:19.361,7.195675,15:02:19.361,79.256549,15:02:19.361,0.001653
15:02:19.362,7.246327,15:02:19.362,79.256549,15:02:19.362,0.003626
15:02:19.363,7.195675,15:02:19.363,79.357853,15:02:19.363,0.00264
15:02:19.364,7.195675,15:02:19.364,79.374737,15:02:19.364,0.003955
15:02:19.365,7.212559,15:02:19.365,79.222781,15:02:19.365,0.001653
15:02:19.366,7.263211,15:02:19.366,79.104593,15:02:19.366,0.003297
15:02:19.367,7.246327,15:02:19.367,79.290317,15:02:19.367,0.002969
15:02:19.368,7.246327,15:02:19.368,79.307201,15:02:19.368,0.002311
15:02:19.369,7.296979,15:02:19.369,79.172129,15:02:19.369,0.002969
15:02:19.370,7.280095,15:02:19.370,79.053941,15:02:19.370,0.002311
15:02:19.371,7.280095,15:02:19.371,79.239665,15:02:19.371,0.003297
15:02:19.372,7.280095,15:02:19.372,79.222781,15:02:19.372,0.003626
15:02:19.373,7.229443,15:02:19.373,79.087709,15:02:19.373,0.003297
15:02:19.374,7.246327,15:02:19.374,79.053941,15:02:19.374,0.002311
15:02:19.375,7.212559,15:02:19.375,79.070825,15:02:19.375,0.00264
15:02:19.376,7.161907,15:02:19.376,79.053941,15:02:19.376,0.00264
15:02:19.377,7.145023,15:02:19.377,78.969521,15:02:19.377,0.001653
15:02:19.378,7.145023,15:02:19.378,78.75003,15:02:19.378,0.003626
15:02:19.379,7.094371,15:02:19.379,78.868217,15:02:19.379,0.003297
15:02:19.380,7.043719,15:02:19.380,79.003289,15:02:19.380,0.004284
15:02:19.381,7.094371,15:02:19.381,78.800682,15:02:19.381,0.001325
15:02:19.382,7.026835,15:02:19.382,78.716262,15:02:19.382,0.003297
15:02:19.383,7.043719,15:02:19.383,78.733146,15:02:19.383,0.001982
15:02:19.384,7.026835,15:02:19.384,78.901985,15:02:19.384,0.002969
15:02:19.385,7.043719,15:02:19.385,78.817566,15:02:19.385,0.002311
15:02:19.386,7.026835,15:02:19.386,78.699378,15:02:19.386,0.00264
15:02:19.387,7.060603,15:02:19.387,78.699378,15:02:19.387,0.001982
15:02:19.388,7.009951,15:02:19.388,78.918869,15:02:19.388,0.00264
15:02:19.389,7.026835,15:02:19.389,78.75003,15:02:19.389,0.001982
15:02:19.390,7.094371,15:02:19.390,78.733146,15:02:19.390,0.002969
15:02:19.391,7.026835,15:02:19.391,78.766914,15:02:19.391,0.003626
15:02:19.392,6.993067,15:02:19.392,78.901985,15:02:19.392,0.003297
15:02:19.393,6.993067,15:02:19.393,78.733146,15:02:19.393,0.003626
15:02:19.394,6.942415,15:02:19.394,78.614958,15:02:19.394,0.002311
15:02:19.395,6.976183,15:02:19.395,78.66561,15:02:19.395,0.003297
15:02:19.396,6.891763,15:02:19.396,78.868217,15:02:19.396,0.002969
15:02:19.397,7.043719,15:02:19.397,78.547422,15:02:19.397,0.00264
15:02:19.398,6.959299,15:02:19.398,78.446118,15:02:19.398,0.003626
15:02:19.399,6.942415,15:02:19.399,78.395466,15:02:19.399,0.002311
15:02:19.400,6.908647,15:02:19.400,78.547422,15:02:19.400,0.002311
15:02:19.401,6.908647,15:02:19.401,78.361698,15:02:19.401,0.001982
15:02:19.402,6.976183,15:02:19.402,78.32793,15:02:19.402,0.002311
15:02:19.403,6.942415,15:02:19.403,78.294162,15:02:19.403,0.002969
15:02:19.404,6.976183,15:02:19.404,78.429234,15:02:19.404,0.003626
15:02:19.405,6.942415,15:02:19.405,78.361698,15:02:19.405,0.00264
15:02:19.406,6.942415,15:02:19.406,78.277278,15:02:19.406,0.002969
15:02:19.407,6.976183,15:02:19.407,78.277278,15:02:19.407,0.00264
15:02:19.408,6.942415,15:02:19.408,78.41235,15:02:19.408,0.003626
15:02:19.409,6.993067,15:02:19.409,78.260394,15:02:19.409,0.002311
15:02:19.410,6.959299,15:02:19.410,78.192858,15:02:19.410,0.001653
15:02:19.411,6.959299,15:02:19.411,78.24351,15:02:19.411,0.002969
15:02:19.412,6.959299,15:02:19.412,78.49677,15:02:19.412,0.003626
15:02:19.413,6.841111,15:02:19.413,78.277278,15:02:19.413,0.003626
15:02:19.414,6.824227,15:02:19.414,78.07467,15:02:19.414,0.004284
15:02:19.415,6.807343,15:02:19.415,78.057786,15:02:19.415,0.002969
15:02:19.416,6.807343,15:02:19.416,78.226626,15:02:19.416,0.002311
15:02:19.417,6.857995,15:02:19.417,78.07467,15:02:19.417,0.001982
15:02:19.418,6.790459,15:02:19.418,77.922714,15:02:19.418,0.00264
15:02:19.419,6.773575,15:02:19.419,77.939598,15:02:19.419,0.002311
15:02:19.420,6.689155,15:02:19.420,78.07467,15:02:19.420,0.002311
15:02:19.421,6.706039,15:02:19.421,77.973366,15:02:19.421,0.002969
15:02:19.422,6.655387,15:02:19.422,77.855178,15:02:19.422,0.00264
15:02:19.423,6.756691,15:02:19.423,77.82141,15:02:19.423,0.003297
15:02:19.424,6.621619,15:02:19.424,78.007134,15:02:19.424,0.00264
15:02:19.425,6.689155,15:02:19.425,77.922714,15:02:19.425,0.003297
15:02:19.426,6.672271,15:02:19.426,77.770758,15:02:19.426,0.003626
15:02:19.427,6.689155,15:02:19.427,77.787642,15:02:19.427,0.00264
15:02:19.428,6.689155,15:02:19.428,77.956482,15:02:19.428,0.003626
15:02:19.429,6.722923,15:02:19.429,77.90583,15:02:19.429,0.001982
15:02:19.430,6.672271,15:02:19.430,77.82141,15:02:19.430,0.002311
15:02:19.431,6.689155,15:02:19.431,77.922714,15:02:19.431,0.001653
15:02:19.432,6.655387,15:02:19.432,77.99025,15:02:19.432,0.002969
15:02:19.433,6.672271,15:02:19.433,77.82141,15:02:19.433,0.001982
15:02:19.434,6.689155,15:02:19.434,77.703222,15:02:19.434,0.001982
15:02:19.435,6.638503,15:02:19.435,77.686338,15:02:19.435,0.002311
15:02:19.436,6.655387,15:02:19.436,77.804526,15:02:19.436,0.001653
15:02:19.437,6.638503,15:02:19.437,77.753874,15:02:19.437,0.002311
15:02:19.438,6.672271,15:02:19.438,77.517499,15:02:19.438,0.004284
15:02:19.439,6.621619,15:02:19.439,77.483731,15:02:19.439,0.00264
15:02:19.440,6.587851,15:02:19.440,77.635687,15:02:19.440,0.002969
15:02:19.441,6.587851,15:02:19.441,77.585035,15:02:19.441,0.001982
15:02:19.442,6.587851,15:02:19.442,77.433079,15:02:19.442,0.002311
15:02:19.443,6.570967,15:02:19.443,77.416195,15:02:19.443,0.002969
15:02:19.444,6.570967,15:02:19.444,77.551267,15:02:19.444,0.00264
15:02:19.445,6.570967,15:02:19.445,77.500615,15:02:19.445,0.001982
15:02:19.446,6.520316,15:02:19.446,77.314891,15:02:19.446,0.002311
15:02:19.447,6.554084,15:02:19.447,77.399311,15:02:19.447,0.002969
15:02:19.448,6.5372,15:02:19.448,77.517499,15:02:19.448,0.00264
15:02:19.449,6.621619,15:02:19.449,77.483731,15:02:19.449,0.001982
15:02:19.450,6.587851,15:02:19.450,77.399311,15:02:19.450,0.002969
15:02:19.451,6.554084,15:02:19.451,77.365543,15:02:19.451,0.002311
15:02:19.452,6.503432,15:02:19.452,77.416195,15:02:19.452,0.00264
15:02:19.453,6.486548,15:02:19.453,77.466847,15:02:19.453,0.001982
15:02:19.454,6.486548,15:02:19.454,77.196703,15:02:19.454,0.003297
15:02:19.455,6.45278,15:02:19.455,77.230471,15:02:19.455,0.00264
15:02:19.456,6.45278,15:02:19.456,77.348659,15:02:19.456,0.003297
15:02:19.457,6.419012,15:02:19.457,77.298007,15:02:19.457,0.002311
15:02:19.458,6.419012,15:02:19.458,77.095399,15:02:19.458,0.001982
15:02:19.459,6.402128,15:02:19.459,77.112283,15:02:19.459,0.00264
15:02:19.460,6.402128,15:02:19.460,77.196703,15:02:19.460,0.00264
15:02:19.461,6.419012,15:02:19.461,77.196703,15:02:19.461,0.003626
15:02:19.462,6.385244,15:02:19.462,77.044747,15:02:19.462,0.003297
15:02:19.463,6.317708,15:02:19.463,76.909675,15:02:19.463,0.001653
15:02:19.464,6.385244,15:02:19.464,77.027863,15:02:19.464,0.002311
15:02:19.465,6.385244,15:02:19.465,77.162935,15:02:19.465,0.003626
15:02:19.466,6.334592,15:02:19.466,77.061631,15:02:19.466,0.004612
15:02:19.467,6.486548,15:02:19.467,76.960327,15:02:19.467,0.002969
15:02:19.468,6.419012,15:02:19.468,77.112283,15:02:19.468,0.002311
15:02:19.469,6.402128,15:02:19.469,77.129167,15:02:19.469,0.00264
15:02:19.470,6.486548,15:02:19.470,76.808371,15:02:19.470,0.00264
15:02:19.471,6.419012,15:02:19.471,76.909675,15:02:19.471,0.00264
15:02:19.472,6.36836,15:02:19.472,77.027863,15:02:19.472,0.001982
15:02:19.473,6.36836,15:02:19.473,76.994095,15:02:19.473,0.003297
15:02:19.474,6.402128,15:02:19.474,76.825255,15:02:19.474,0.001982
15:02:19.475,6.334592,15:02:19.475,76.774603,15:02:19.475,0.001982
15:02:19.476,6.28394,15:02:19.476,76.825255,15:02:19.476,0.003955
15:02:19.477,6.334592,15:02:19.477,76.909675,15:02:19.477,0.001982
15:02:19.478,6.402128,15:02:19.478,76.622647,15:02:19.478,0.003626
15:02:19.479,6.267056,15:02:19.479,76.656415,15:02:19.479,0.003297
15:02:19.480,6.267056,15:02:19.480,76.707067,15:02:19.480,0.003955
15:02:19.481,6.250172,15:02:19.481,76.774603,15:02:19.481,0.003626
15:02:19.482,6.300824,15:02:19.482,76.605763,15:02:19.482,0.003626
15:02:19.483,6.28394,15:02:19.483,76.504459,15:02:19.483,0.004612
15:02:19.484,6.19952,15:02:19.484,76.639531,15:02:19.484,0.001653
15:02:19.485,6.19952,15:02:19.485,76.656415,15:02:19.485,0.00264
15:02:19.486,6.267056,15:02:19.486,76.487575,15:02:19.486,0.003626
15:02:19.487,6.250172,15:02:19.487,76.504459,15:02:19.487,0.002311
15:02:19.488,6.19952,15:02:19.488,76.538227,15:02:19.488,0.00264
15:02:19.489,6.216404,15:02:19.489,76.538227,15:02:19.489,0.002969
15:02:19.490,6.250172,15:02:19.490,76.318736,15:02:19.490,0.00264
15:02:19.491,6.216404,15:02:19.491,76.318736,15:02:19.491,0.001325
15:02:19.492,6.250172,15:02:19.492,76.403156,15:02:19.492,0.002311
15:02:19.493,6.131984,15:02:19.493,76.605763,15:02:19.493,0.002311
15:02:19.494,6.216404,15:02:19.494,76.352504,15:02:19.494,0.00264
15:02:19.495,6.1151,15:02:19.495,76.217432,15:02:19.495,0.00264
15:02:19.496,6.148868,15:02:19.496,76.301852,15:02:19.496,0.002311
15:02:19.497,6.148868,15:02:19.497,76.403156,15:02:19.497,0.002969
15:02:19.498,6.131984,15:02:19.498,76.217432,15:02:19.498,0.001982
15:02:19.499,6.064448,15:02:19.499,76.183664,15:02:19.499,0.003297
15:02:19.500,6.064448,15:02:19.500,76.284968,15:02:19.500,0.00264
15:02:19.501,6.03068,15:02:19.501,76.436924,15:02:19.501,0.003297
15:02:19.502,6.081332,15:02:19.502,76.149896,15:02:19.502,0.001653
15:02:19.503,6.013796,15:02:19.503,76.116128,15:02:19.503,0.001653
15:02:19.504,6.098216,15:02:19.504,76.16678,15:02:19.504,0.002969
15:02:19.505,6.064448,15:02:19.505,76.2512,15:02:19.505,0.002969
15:02:19.506,6.1151,15:02:19.506,76.149896,15:02:19.506,0.003626
15:02:19.507,6.1151,15:02:19.507,76.048592,15:02:19.507,0.003955
15:02:19.508,6.148868,15:02:19.508,76.149896,15:02:19.508,0.00264
15:02:19.509,6.1151,15:02:19.509,76.200548,15:02:19.509,0.002311
15:02:19.510,6.131984,15:02:19.510,76.048592,15:02:19.510,0.003297
15:02:19.511,6.064448,15:02:19.511,76.031708,15:02:19.511,0.001653
15:02:19.512,6.081332,15:02:19.512,76.065476,15:02:19.512,0.003955
15:02:19.513,6.03068,15:02:19.513,76.200548,15:02:19.513,0.001982
15:02:19.514,5.996912,15:02:19.514,75.981056,15:02:19.514,0.00264
15:02:19.515,6.013796,15:02:19.515,75.845984,15:02:19.515,0.002969
15:02:19.516,6.013796,15:02:19.516,75.795332,15:02:19.516,0.00264
15:02:19.517,5.963144,15:02:19.517,75.99794,15:02:19.517,0.004284
15:02:19.518,5.980028,15:02:19.518,75.778448,15:02:19.518,0.001653
15:02:19.519,5.963144,15:02:19.519,75.694028,15:02:19.519,0.001982
15:02:19.520,6.013796,15:02:19.520,75.727796,15:02:19.520,0.002311
15:02:19.521,5.980028,15:02:19.521,75.91352,15:02:19.521,0.002969
15:02:19.522,5.929376,15:02:19.522,75.677144,15:02:19.522,0.002311
15:02:19.523,5.929376,15:02:19.523,75.694028,15:02:19.523,0.003297
15:02:19.524,5.895608,15:02:19.524,75.694028,15:02:19.524,0.003955
15:02:19.525,5.895608,15:02:19.525,75.862868,15:02:19.525,0.00264
15:02:19.526,5.895608,15:02:19.526,75.694028,15:02:19.526,0.00264
15:02:19.527,5.94626,15:02:19.527,75.57584,15:02:19.527,0.002311
15:02:19.528,5.980028,15:02:19.528,75.57584,15:02:19.528,0.002311
15:02:19.529,6.013796,15:02:19.529,75.778448,15:02:19.529,0.003955
15:02:19.530,5.929376,15:02:19.530,75.66026,15:02:19.530,0.002311
15:02:19.531,5.94626,15:02:19.531,75.57584,15:02:19.531,0.003297
15:02:19.532,5.895608,15:02:19.532,75.508304,15:02:19.532,0.001982
15:02:19.533,5.878724,15:02:19.533,75.643376,15:02:19.533,0.002969
15:02:19.534,5.828072,15:02:19.534,75.558956,15:02:19.534,0.003626
15:02:19.535,5.811188,15:02:19.535,75.423884,15:02:19.535,0.003626
15:02:19.536,5.878724,15:02:19.536,75.288812,15:02:19.536,0.002311
15:02:19.537,5.794304,15:02:19.537,75.508304,15:02:19.537,0.002311
15:02:19.538,5.828072,15:02:19.538,75.508304,15:02:19.538,0.003297
15:02:19.539,5.828072,15:02:19.539,75.32258,15:02:19.539,0.001325
15:02:19.540,5.77742,15:02:19.540,75.356348,15:02:19.540,0.00264
15:02:19.541,5.77742,15:02:19.541,75.423884,15:02:19.541,0.002311
15:02:19.542,5.794304,15:02:19.542,75.390116,15:02:19.542,0.00264
15:02:19.543,5.743652,15:02:19.543,75.305696,15:02:19.543,0.002969
15:02:19.544,5.811188,15:02:19.544,75.238161,15:02:19.544,0.001982
15:02:19.545,5.693,15:02:19.545,75.423884,15:02:19.545,0.002311
15:02:19.546,5.828072,15:02:19.546,75.271929,15:02:19.546,0.00264
15:02:19.547,5.828072,15:02:19.547,75.305696,15:02:19.547,0.003955
15:02:19.548,5.794304,15:02:19.548,75.136857,15:02:19.548,0.002311
15:02:19.549,5.828072,15:02:19.549,75.339464,15:02:19.549,0.002969
15:02:19.550,5.811188,15:02:19.550,75.170625,15:02:19.550,0.00264
15:02:19.551,5.77742,15:02:19.551,75.103089,15:02:19.551,0.001982
15:02:19.552,5.743652,15:02:19.552,75.052437,15:02:19.552,0.00264
15:02:19.553,5.77742,15:02:19.553,75.238161,15:02:19.553,0.002311
15:02:19.554,5.709884,15:02:19.554,75.136857,15:02:19.554,0.000996
15:02:19.555,5.709884,15:02:19.555,75.052437,15:02:19.555,0.002311
15:02:19.556,5.726768,15:02:19.556,75.052437,15:02:19.556,0.002311
15:02:19.557,5.642348,15:02:19.557,75.187509,15:02:19.557,0.00264
15:02:19.558,5.676116,15:02:19.558,75.052437,15:02:19.558,0.00264
15:02:19.559,5.726768,15:02:19.559,74.984901,15:02:19.559,0.002969
15:02:19.560,5.642348,15:02:19.560,74.883597,15:02:19.560,0.004284
15:02:19.561,5.676116,15:02:19.561,75.069321,15:02:19.561,0.002311
15:02:19.562,5.659232,15:02:19.562,74.951133,15:02:19.562,0.001653
15:02:19.563,5.591696,15:02:19.563,74.816061,15:02:19.563,0.004284
15:02:19.564,5.60858,15:02:19.564,74.714757,15:02:19.564,0.001982
15:02:19.565,5.659232,15:02:19.565,74.883597,15:02:19.565,0.001982
15:02:19.566,5.659232,15:02:19.566,74.951133,15:02:19.566,0.00264
15:02:19.567,5.676116,15:02:19.567,74.731641,15:02:19.567,0.002969
15:02:19.568,5.642348,15:02:19.568,74.714757,15:02:19.568,0.00264
15:02:19.569,5.625464,15:02:19.569,74.866713,15:02:19.569,0.003297
15:02:19.570,5.591696,15:02:19.570,74.900481,15:02:19.570,0.002969
15:02:19.571,5.659232,15:02:19.571,74.630337,15:02:19.571,0.00264
15:02:19.572,5.693,15:02:19.572,74.664105,15:02:19.572,0.002311
15:02:19.573,5.574812,15:02:19.573,74.765409,15:02:19.573,0.001982
15:02:19.574,5.557928,15:02:19.574,74.799177,15:02:19.574,0.003297
15:02:19.575,5.60858,15:02:19.575,74.596569,15:02:19.575,0.002969
15:02:19.576,5.60858,15:02:19.576,74.545917,15:02:19.576,0.00264
15:02:19.577,5.541044,15:02:19.577,74.647221,15:02:19.577,0.00264
15:02:19.578,5.52416,15:02:19.578,74.680989,15:02:19.578,0.001982
15:02:19.579,5.490392,15:02:19.579,74.478381,15:02:19.579,0.003626
15:02:19.580,5.557928,15:02:19.580,74.512149,15:02:19.580,0.00264
15:02:19.581,5.456624,15:02:19.581,74.529033,15:02:19.581,0.003297
15:02:19.582,5.43974,15:02:19.582,74.579685,15:02:19.582,0.003297
15:02:19.583,5.473508,15:02:19.583,74.410845,15:02:19.583,0.002311
15:02:19.584,5.456624,15:02:19.584,74.343309,15:02:19.584,0.003297
15:02:19.585,5.473508,15:02:19.585,74.495265,15:02:19.585,0.002969
15:02:19.586,5.490392,15:02:19.586,74.613453,15:02:19.586,0.002969
15:02:19.587,5.473508,15:02:19.587,74.343309,15:02:19.587,0.003297
15:02:19.588,5.490392,15:02:19.588,74.360193,15:02:19.588,0.697391
15:02:19.589,5.52416,15:02:19.589,74.377077,15:02:19.589,6.505934
15:02:19.590,5.507276,15:02:19.590,74.512149,15:02:19.590,8.433007
15:02:19.591,5.490392,15:02:19.591,74.326425,15:02:19.591,8.540523
15:02:19.592,5.557928,15:02:19.592,74.360193,15:02:19.592,8.643436
15:02:19.593,5.541044,15:02:19.593,74.343309,15:02:19.593,8.681905
15:02:19.594,5.372204,15:02:19.594,74.410845,15:02:19.594,8.70229
15:02:19.595,5.35532,15:02:19.595,74.258889,15:02:19.595,8.713469
15:02:19.596,5.304668,15:02:19.596,74.090049,15:02:19.596,8.734512
15:02:19.597,5.220248,15:02:19.597,74.258889,15:02:19.597,8.747335
15:02:19.598,5.287784,15:02:19.598,74.292657,15:02:19.598,8.69407
15:02:19.599,5.304668,15:02:19.599,74.073165,15:02:19.599,8.690782
15:02:19.600,5.541044,15:02:19.600,74.106933,15:02:19.600,8.71873
15:02:19.601,6.081332,15:02:19.601,74.225121,15:02:19.601,8.784489
15:02:19.602,6.857995,15:02:19.602,74.242005,15:02:19.602,8.783503
15:02:19.603,8.326903,15:02:19.603,74.090049,15:02:19.603,8.771666
15:02:19.604,10.97769,15:02:19.604,74.039398,15:02:19.604,8.727607
15:02:19.605,16.144193,15:02:19.605,74.242005,15:02:19.605,8.695714
15:02:19.606,23.370542,15:02:19.606,74.242005,15:02:19.606,8.713141
15:02:19.607,30.951455,15:02:19.607,74.157585,15:02:19.607,8.771995
15:02:19.608,38.397296,15:02:19.608,74.039398,15:02:19.608,8.777584
15:02:19.609,46.6198,15:02:19.609,74.090049,15:02:19.609,8.794024
15:02:19.610,55.517663,15:02:19.610,74.174469,15:02:19.610,8.758514
15:02:19.611,64.280453,15:02:19.611,74.174469,15:02:19.611,8.707222
15:02:19.612,73.532878,15:02:19.612,74.157585,15:02:19.612,8.704921
15:02:19.613,83.460661,15:02:19.613,74.140701,15:02:19.613,8.781859
15:02:19.614,94.046919,15:02:19.614,74.242005,15:02:19.614,8.782845
15:02:19.615,103.80586,15:02:19.615,73.870558,15:02:19.615,8.767392
15:02:19.616,112.838788,15:02:19.616,73.786138,15:02:19.616,8.747335
15:02:19.617,121.179473,15:02:19.617,73.701718,15:02:19.617,8.694728
15:02:19.618,126.768068,15:02:19.618,73.803022,15:02:19.618,8.681576
15:02:19.619,126.616113,15:02:19.619,73.786138,15:02:19.619,8.74865
15:02:19.620,123.154898,15:02:19.620,73.938094,15:02:19.620,8.759829
15:02:19.621,118.427385,15:02:19.621,73.904326,15:02:19.621,8.757857
15:02:19.622,108.668446,15:02:19.622,74.174469,15:02:19.622,8.747006
15:02:19.623,96.444444,15:02:19.623,74.073165,15:02:19.623,8.692426
15:02:19.624,89.707735,15:02:19.624,74.106933,15:02:19.624,8.660862
15:02:19.625,81.822915,15:02:19.625,74.242005,15:02:19.625,8.719388
15:02:19.626,70.291152,15:02:19.626,74.444613,15:02:19.626,8.764433
15:02:19.627,61.494595,15:02:19.627,74.258889,15:02:19.627,8.771337
15:02:19.628,56.22679,15:02:19.628,74.225121,15:02:19.628,8.774954
15:02:19.629,54.453971,15:02:19.629,74.157585,15:02:19.629,8.742732
15:02:19.630,57.526857,15:02:19.630,74.309541,15:02:19.630,8.698345
15:02:19.631,62.980386,15:02:19.631,74.275773,15:02:19.631,8.691111
15:02:19.632,69.582025,15:02:19.632,74.309541,15:02:19.632,8.771008
15:02:19.633,77.095399,15:02:19.633,74.444613,15:02:19.633,8.782845
15:02:19.634,84.490584,15:02:19.634,74.579685,15:02:19.634,8.783831
15:02:19.635,90.70389,15:02:19.635,74.613453,15:02:19.635,8.785475
15:02:19.636,95.549593,15:02:19.636,74.832945,15:02:19.636,8.726292
15:02:19.637,98.25103,15:02:19.637,75.035553,15:02:19.637,8.682234
15:02:19.638,98.808202,15:02:19.638,75.508304,15:02:19.638,8.706236
15:02:19.639,98.149726,15:02:19.639,75.643376,15:02:19.639,8.753253
15:02:19.640,97.10292,15:02:19.640,75.761564,15:02:19.640,8.767063
15:02:19.641,95.397637,15:02:19.641,75.761564,15:02:19.641,8.782516
15:02:19.642,94.418366,15:02:19.642,75.947288,15:02:19.642,8.712154
15:02:19.643,95.482057,15:02:19.643,75.879752,15:02:19.643,8.706565
15:02:19.644,98.08219,15:02:19.644,76.116128,15:02:19.644,8.69966
15:02:19.645,100.614788,15:02:19.645,76.268084,15:02:19.645,8.76509
15:02:19.646,103.096733,15:02:19.646,76.386272,15:02:19.646,8.762789
15:02:19.647,105.004622,15:02:19.647,76.571995,15:02:19.647,8.766076
15:02:19.648,106.439761,15:02:19.648,76.521343,15:02:19.648,8.768707
15:02:19.649,106.726788,15:02:19.649,76.588879,15:02:19.649,8.697687
15:02:19.650,108.330766,15:02:19.650,77.044747,15:02:19.650,8.672699
15:02:19.651,105.409838,15:02:19.651,77.078515,15:02:19.651,8.691111
15:02:19.652,103.772092,15:02:19.652,77.365543,15:02:19.652,8.749637
15:02:19.653,102.033042,15:02:19.653,77.652571,15:02:19.653,8.765748
15:02:19.654,101.391451,15:02:19.654,78.192858,15:02:19.654,8.754897
15:02:19.655,102.252534,15:02:19.655,78.429234,15:02:19.655,8.699331
15:02:19.656,106.828092,15:02:19.656,78.66561,15:02:19.656,8.671384
15:02:19.657,113.193352,15:02:19.657,79.104593,15:02:19.657,8.726292
15:02:19.658,120.200202,15:02:19.658,79.898141,15:02:19.658,8.751281
15:02:19.659,126.447273,15:02:19.659,80.5735,15:02:19.659,8.755555
15:02:19.660,131.157901,15:02:19.660,81.282627,15:02:19.660,8.751938
15:02:19.661,133.589193,15:02:19.661,82.31255,15:02:19.661,8.75687
15:02:19.662,134.247668,15:02:19.662,83.680153,15:02:19.662,8.707551
15:02:19.663,133.099558,15:02:19.663,85.284132,15:02:19.663,8.676973
15:02:19.664,131.157901,15:02:19.664,87.360862,15:02:19.664,8.681247
15:02:19.665,127.679803,15:02:19.665,88.981724,15:02:19.665,8.742403
15:02:19.666,124.218588,15:02:19.666,89.623315,15:02:19.666,8.760487
15:02:19.667,120.537882,15:02:19.667,89.589547,15:02:19.667,8.756213
15:02:19.668,117.110435,15:02:19.668,89.555779,15:02:19.668,8.7378
15:02:19.669,115.422037,15:02:19.669,89.724619,15:02:19.669,8.715442
15:02:19.670,116.890943,15:02:19.670,90.248023,15:02:19.670,8.677302
15:02:19.671,119.102744,15:02:19.671,90.720774,15:02:19.671,8.6533
15:02:19.672,121.97302,15:02:19.672,90.78831,15:02:19.672,8.673356
15:02:19.673,124.843295,15:02:19.673,90.079183,15:02:19.673,8.720374
15:02:19.674,127.747339,15:02:19.674,89.454476,15:02:19.674,8.719716
15:02:19.675,128.47335,15:02:19.675,90.180487,15:02:19.675,8.725635
15:02:19.676,126.953792,15:02:19.676,90.974034,15:02:19.676,8.731224
15:02:19.677,125.079671,15:02:19.677,91.227294,15:02:19.677,8.699989
15:02:19.678,122.78345,15:02:19.678,92.409173,15:02:19.678,8.653957
15:02:19.679,119.068976,15:02:19.679,93.320908,15:02:19.679,8.641463
15:02:19.680,114.510302,15:02:19.680,92.881924,15:02:19.680,8.718401
15:02:19.681,110.069816,15:02:19.681,91.852001,15:02:19.681,8.763117
15:02:19.682,107.250192,15:02:19.682,92.071493,15:02:19.682,8.759501
15:02:19.683,107.132004,15:02:19.683,93.793659,15:02:19.683,8.738129
15:02:19.684,108.026855,15:02:19.684,94.739162,15:02:19.684,1.864626
15:02:19.685,110.846479,15:02:19.685,94.131339,15:02:19.685,1.368141
15:02:19.686,114.88175,15:02:19.686,93.084532,15:02:19.686,0.946292
15:02:19.687,118.950788,15:02:19.687,92.662432,15:02:19.687,0.610917
15:02:19.688,121.230125,15:02:19.688,93.540399,15:02:19.688,0.331438
15:02:19.689,123.12113,15:02:19.689,94.823582,15:02:19.689,0.091087
15:02:19.690,122.445771,15:02:19.690,96.714588,15:02:19.690,-0.047009
15:02:19.691,121.010633,15:02:19.691,98.284798,15:02:19.691,-0.064764
15:02:19.692,117.245506,15:02:19.692,99.027693,15:02:19.692,-0.063449
15:02:19.693,113.328424,15:02:19.693,98.267914,15:02:19.693,-0.051612
15:02:19.694,110.036048,15:02:19.694,97.069152,15:02:19.694,-0.036816
15:02:19.695,105.679982,15:02:19.695,96.714588,15:02:19.695,-0.022678
15:02:19.696,100.935583,15:02:19.696,96.68082,15:02:19.696,-0.006567
15:02:19.697,98.149726,15:02:19.697,97.221107,15:02:19.697,0.006585
15:02:19.698,96.84966,15:02:19.698,98.132842,15:02:19.698,0.009544
15:02:19.699,95.870389,15:02:19.699,98.217262,15:02:19.699,0.001653
15:02:19.700,93.574167,15:02:19.700,97.541903,15:02:19.700,0.001653
15:02:19.701,90.822078,15:02:19.701,96.84966,15:02:19.701,0.000996
15:02:19.702,87.647889,15:02:19.702,96.883428,15:02:19.702,0.001653
15:02:19.703,82.98791,15:02:19.703,97.423715,15:02:19.703,0.00264
15:02:19.704,76.571995,15:02:19.704,97.812047,15:02:19.704,0.002969
15:02:19.705,71.25354,15:02:19.705,98.605594,15:02:19.705,0.002969
15:02:19.706,67.471527,15:02:19.706,99.399141,15:02:19.706,0.00264
15:02:19.707,65.428564,15:02:19.707,100.513484,15:02:19.707,0.002311
15:02:19.708,64.027193,15:02:19.708,101.881086,15:02:19.708,0.00264
15:02:19.709,63.436254,15:02:19.709,102.877241,15:02:19.709,0.003297
15:02:19.710,63.537557,15:02:19.710,102.995429,15:02:19.710,0.003626
15:02:19.711,64.297337,15:02:19.711,102.911009,15:02:19.711,0.004284
15:02:19.712,65.209072,15:02:19.712,103.029197,15:02:19.712,0.001982
15:02:19.713,65.698708,15:02:19.713,103.46818,15:02:19.713,0.002969
15:02:19.714,64.888277,15:02:19.714,103.738324,15:02:19.714,0.00264
15:02:19.715,63.638861,15:02:19.715,103.873396,15:02:19.715,0.00264
15:02:19.716,62.65959,15:02:19.716,104.008468,15:02:19.716,0.002969
15:02:19.717,61.494595,15:02:19.717,104.126655,15:02:19.717,0.002311
15:02:19.718,59.839964,15:02:19.718,103.738324,15:02:19.718,0.003626
15:02:19.719,57.087874,15:02:19.719,103.113617,15:02:19.719,0.001982
15:02:19.720,54.031872,15:02:19.720,101.847318,15:02:19.720,0.002969
15:02:19.721,51.651229,15:02:19.721,100.986235,15:02:19.721,0.005599
15:02:19.722,49.135515,15:02:19.722,100.445948,15:02:19.722,0.004284
15:02:19.723,47.193856,15:02:19.723,100.378412,15:02:19.723,0.002969
15:02:19.724,45.437921,15:02:19.724,100.277108,15:02:19.724,0.003626
15:02:19.725,43.918361,15:02:19.725,100.429064,15:02:19.725,0.003626
15:02:19.726,43.378074,15:02:19.726,100.648555,15:02:19.726,0.003626
15:02:19.727,43.10793,15:02:19.727,100.41218,15:02:19.727,0.002311
15:02:19.728,43.040394,15:02:19.728,99.90566,15:02:19.728,0.001982
15:02:19.729,42.297498,15:02:19.729,99.99008,15:02:19.729,0.001982
15:02:19.730,41.554602,15:02:19.730,100.716091,15:02:19.730,0.002969
15:02:19.731,40.946779,15:02:19.731,101.81355,15:02:19.731,0.001982
15:02:19.732,40.136347,15:02:19.732,102.370721,15:02:19.732,0.002311
15:02:19.733,39.832435,15:02:19.733,102.978545,15:02:19.733,0.00264
15:02:19.734,39.410336,15:02:19.734,103.72144,15:02:19.734,0.003297
15:02:19.735,39.42722,15:02:19.735,104.160423,15:02:19.735,0.002311
15:02:19.736,39.781783,15:02:19.736,103.738324,15:02:19.736,0.002311
15:02:19.737,40.186999,15:02:19.737,103.333108,15:02:19.737,0.003297
15:02:19.738,40.744171,15:02:19.738,102.826589,15:02:19.738,0.001982
15:02:19.739,40.676635,15:02:19.739,102.472025,15:02:19.739,0.00264
15:02:19.740,40.355839,15:02:19.740,102.083694,15:02:19.740,0.001653
15:02:19.741,39.967507,15:02:19.741,101.712246,15:02:19.741,0.004284
15:02:19.742,39.494756,15:02:19.742,101.594058,15:02:19.742,0.001982
15:02:19.743,38.988236,15:02:19.743,101.577174,15:02:19.743,0.002311
15:02:19.744,38.295992,15:02:19.744,101.087539,15:02:19.744,0.002969
15:02:19.745,37.705052,15:02:19.745,100.800511,15:02:19.745,0.00264
15:02:19.746,37.215417,15:02:19.746,100.58102,15:02:19.746,0.002969
15:02:19.747,36.641361,15:02:19.747,100.766743,15:02:19.747,0.002311
15:02:19.748,35.763393,15:02:19.748,100.732975,15:02:19.748,0.002311
15:02:19.749,33.095722,15:02:19.749,100.783627,15:02:19.749,0.00264
15:02:19.750,27.388933,15:02:19.750,100.817395,15:02:19.750,0.003626
15:02:19.751,21.108087,15:02:19.751,101.104423,15:02:19.751,0.001325
15:02:19.752,15.570137,15:02:19.752,100.699207,15:02:19.752,0.002969
15:02:19.753,9.745159,15:02:19.753,100.293992,15:02:19.753,0.002969
15:02:19.754,3.83576,15:02:19.754,100.023848,15:02:19.754,0.002969
15:02:19.755,-1.280091,15:02:19.755,99.82124,15:02:19.755,0.000667
15:02:19.756,-3.22175,15:02:19.756,99.280953,15:02:19.756,0.002311
15:02:19.757,-3.39059,15:02:19.757,99.112113,15:02:19.757,0.003955
15:02:19.758,-3.407474,15:02:19.758,99.145881,15:02:19.758,0.001982
15:02:19.759,-3.407474,15:02:19.759,99.314721,15:02:19.759,0.001325
15:02:19.760,-3.39059,15:02:19.760,99.128997,15:02:19.760,0.004941
15:02:19.761,-3.407474,15:02:19.761,98.993925,15:02:19.761,0.005599
15:02:19.762,-3.424358,15:02:19.762,98.892622,15:02:19.762,0.002969
15:02:19.763,-3.39059,15:02:19.763,99.061461,15:02:19.763,0.003626
15:02:19.764,-3.39059,15:02:19.764,98.656246,15:02:19.764,0.00264
15:02:19.765,-3.356822,15:02:19.765,98.50429,15:02:19.765,0.001653
15:02:19.766,-3.255518,15:02:19.766,98.369218,15:02:19.766,0.003626
15:02:19.767,-2.664578,15:02:19.767,98.58871,15:02:19.767,0.002311
15:02:19.768,-0.621615,15:02:19.768,98.115958,15:02:19.768,0.004612
15:02:19.769,2.670765,15:02:19.769,97.761395,15:02:19.769,0.001982
15:02:19.770,6.36836,15:02:19.770,97.389947,15:02:19.770,0.002969
15:02:19.771,10.167258,15:02:19.771,97.339295,15:02:19.771,0.002311
15:02:19.772,13.712897,15:02:19.772,96.815892,15:02:19.772,0.003626
15:02:19.773,17.005276,15:02:19.773,96.376908,15:02:19.773,0.002969
15:02:19.774,19.757368,15:02:19.774,96.089881,15:02:19.774,0.002969
15:02:19.775,21.918519,15:02:19.775,95.988577,15:02:19.775,0.002311
15:02:19.776,23.303006,15:02:19.776,95.701549,15:02:19.776,0.002311
15:02:19.777,23.944598,15:02:19.777,95.380753,15:02:19.777,0.001653
15:02:19.778,23.927714,15:02:19.778,95.19503,15:02:19.778,0.003626
15:02:19.779,23.31989,15:02:19.779,95.296333,15:02:19.779,0.00264
15:02:19.780,22.222431,15:02:19.780,95.059958,15:02:19.780,0.002969
15:02:19.781,20.702871,15:02:19.781,94.823582,15:02:19.781,0.003626
15:02:19.782,19.031356,15:02:19.782,94.908002,15:02:19.782,0.002969
15:02:19.783,17.02216,15:02:19.783,95.043074,15:02:19.783,0.001653
15:02:19.784,14.911661,15:02:19.784,95.02619,15:02:19.784,0.003626
15:02:19.785,12.615438,15:02:19.785,94.840466,15:02:19.785,0.00264
15:02:19.786,10.336098,15:02:19.786,94.756046,15:02:19.786,0.001653
15:02:19.787,7.904803,15:02:19.787,94.874234,15:02:19.787,0.002311
15:02:19.788,5.659232,15:02:19.788,94.637858,15:02:19.788,0.003297
15:02:19.789,3.531848,15:02:19.789,94.401482,15:02:19.789,0.003955
15:02:19.790,1.590189,15:02:19.790,94.232643,15:02:19.790,0.00264
15:02:19.791,0.019977,15:02:19.791,94.249527,15:02:19.791,0.002311
15:02:19.792,-1.026831,15:02:19.792,93.878079,15:02:19.792,0.003626
15:02:19.793,-1.651538,15:02:19.793,93.489747,15:02:19.793,0.003297
15:02:19.794,-2.090522,15:02:19.794,93.337792,15:02:19.794,0.00264
15:02:19.795,-2.225594,15:02:19.795,93.37156,15:02:19.795,0.002969
15:02:19.796,-2.141174,15:02:19.796,93.067648,15:02:19.796,0.002969
15:02:19.797,-1.854146,15:02:19.797,92.797504,15:02:19.797,0.00264
15:02:19.798,-1.246323,15:02:19.798,92.713084,15:02:19.798,0.002969
15:02:19.799,-0.148863,15:02:19.799,92.645548,15:02:19.799,0.003297
15:02:19.800,1.370697,15:02:19.800,92.544244,15:02:19.800,0.004612
15:02:19.801,3.025328,15:02:19.801,92.274101,15:02:19.801,0.001653
15:02:19.802,4.747496,15:02:19.802,92.155913,15:02:19.802,0.00264
15:02:19.803,6.469664,15:02:19.803,92.442941,15:02:19.803,0.001653
15:02:19.804,8.445091,15:02:19.804,92.442941,15:02:19.804,0.002311
15:02:19.805,10.47117,15:02:19.805,92.290985,15:02:19.805,0.004284
15:02:19.806,12.446598,15:02:19.806,92.358521,15:02:19.806,0.00264
15:02:19.807,14.270069,15:02:19.807,92.746852,15:02:19.807,0.001982
15:02:19.808,15.975353,15:02:19.808,92.86504,15:02:19.808,0.002969
15:02:19.809,17.427376,15:02:19.809,92.662432,15:02:19.809,0.002969
15:02:19.810,18.355996,15:02:19.810,92.594896,15:02:19.810,0.003297
15:02:19.811,18.8794,15:02:19.811,92.61178,15:02:19.811,0.003297
15:02:19.812,19.031356,15:02:19.812,92.409173,15:02:19.812,0.003955
15:02:19.813,18.845632,15:02:19.813,91.970189,15:02:19.813,0.003955
15:02:19.814,18.524836,15:02:19.814,91.615625,15:02:19.814,0.004284
15:02:19.815,17.78194,15:02:19.815,91.514321,15:02:19.815,0.004612
15:02:19.816,16.93774,15:02:19.816,91.193526,15:02:19.816,0.003626
15:02:19.817,15.840281,15:02:19.817,90.737658,15:02:19.817,0.003297
15:02:19.818,15.316877,15:02:19.818,90.653238,15:02:19.818,0.003626
15:02:19.819,13.847969,15:02:19.819,90.754542,15:02:19.819,0.003297
15:02:19.820,11.332254,15:02:19.820,90.771426,15:02:19.820,0.003955
15:02:19.821,9.356827,15:02:19.821,90.838962,15:02:19.821,0.004612
15:02:19.822,7.246327,15:02:19.822,90.95715,15:02:19.822,0.004284
15:02:19.823,5.659232,15:02:19.823,91.480553,15:02:19.823,0.003297
15:02:19.824,4.916336,15:02:19.824,91.868885,15:02:19.824,0.003626
15:02:19.825,4.376048,15:02:19.825,91.953305,15:02:19.825,0.003297
15:02:19.826,3.734456,15:02:19.826,92.341637,15:02:19.826,0.002969
15:02:19.827,3.481196,15:02:19.827,92.898808,15:02:19.827,0.00264
15:02:19.828,3.177284,15:02:19.828,93.067648,15:02:19.828,0.003297
15:02:19.829,2.687649,15:02:19.829,92.86504,15:02:19.829,0.003297
15:02:19.830,1.961637,15:02:19.830,92.746852,15:02:19.830,0.003297
15:02:19.831,1.657725,15:02:19.831,92.848156,15:02:19.831,0.00264
15:02:19.832,2.873372,15:02:19.832,92.78062,15:02:19.832,0.001982
15:02:19.833,4.325396,15:02:19.833,92.290985,15:02:19.833,0.00264
15:02:19.834,5.490392,15:02:19.834,91.970189,15:02:19.834,0.003297
15:02:19.835,6.891763,15:02:19.835,91.885769,15:02:19.835,0.003297
15:02:19.836,8.293135,15:02:19.836,91.801349,15:02:19.836,0.001982
15:02:19.837,9.576319,15:02:19.837,91.362366,15:02:19.837,0.002311
15:02:19.838,10.521822,15:02:19.838,91.37925,15:02:19.838,0.00264
15:02:19.839,11.534862,15:02:19.839,91.446786,15:02:19.839,0.001653
15:02:19.840,12.514134,15:02:19.840,91.564973,15:02:19.840,0.002311
15:02:19.841,13.560941,15:02:19.841,91.548089,15:02:19.841,0.002311
15:02:19.842,14.709053,15:02:19.842,91.716929,15:02:19.842,0.002311
15:02:19.843,15.789629,15:02:19.843,92.003957,15:02:19.843,0.003297
15:02:19.844,16.397453,15:02:19.844,92.442941,15:02:19.844,0.002969
15:02:19.845,16.566293,15:02:19.845,92.409173,15:02:19.845,0.001982
15:02:19.846,16.600061,15:02:19.846,92.61178,15:02:19.846,0.002311
15:02:19.847,16.245497,15:02:19.847,92.881924,15:02:19.847,0.00264
15:02:19.848,15.502601,15:02:19.848,93.1183,15:02:19.848,0.002969
15:02:19.849,14.911661,15:02:19.849,93.135184,15:02:19.849,0.00264
15:02:19.850,14.270069,15:02:19.850,93.168952,15:02:19.850,0.002969
15:02:19.851,13.493406,15:02:19.851,93.20272,15:02:19.851,0.00264
15:02:19.852,12.598554,15:02:19.852,93.337792,15:02:19.852,0.001982
15:02:19.853,11.551746,15:02:19.853,93.067648,15:02:19.853,0.001982
15:02:19.854,10.167258,15:02:19.854,92.932576,15:02:19.854,0.003955
15:02:19.855,8.647699,15:02:19.855,92.746852,15:02:19.855,0.003626
15:02:19.856,7.330747,15:02:19.856,92.86504,15:02:19.856,0.003297
15:02:19.857,6.233288,15:02:19.857,92.544244,15:02:19.857,0.002311
15:02:19.858,5.321552,15:02:19.858,92.375405,15:02:19.858,0.002969
15:02:19.859,4.646192,15:02:19.859,92.459824,15:02:19.859,0.001982
15:02:19.860,4.105904,15:02:19.860,92.409173,15:02:19.860,0.00264
15:02:19.861,3.717572,15:02:19.861,92.240333,15:02:19.861,0.002311
15:02:19.862,3.24482,15:02:19.862,92.122145,15:02:19.862,0.002311
15:02:19.863,2.873372,15:02:19.863,92.324753,15:02:19.863,0.00264
15:02:19.864,2.704532,15:02:19.864,92.628664,15:02:19.864,0.002311
15:02:19.865,2.957792,15:02:19.865,92.645548,15:02:19.865,0.002969
15:02:19.866,3.548732,15:02:19.866,92.746852,15:02:19.866,0.002969
15:02:19.867,4.190324,15:02:19.867,93.067648,15:02:19.867,0.002311
15:02:19.868,5.01764,15:02:19.868,93.439095,15:02:19.868,0.002969
15:02:19.869,5.878724,15:02:19.869,93.472863,15:02:19.869,0.001982
15:02:19.870,6.638503,15:02:19.870,93.557283,15:02:19.870,0.001982
15:02:19.871,7.482703,15:02:19.871,93.743007,15:02:19.871,0.003955
15:02:19.872,8.411323,15:02:19.872,94.080687,15:02:19.872,0.002969
15:02:19.873,9.323059,15:02:19.873,93.827427,15:02:19.873,0.00264
15:02:19.874,10.251678,15:02:19.874,93.743007,15:02:19.874,0.001653
15:02:19.875,11.095878,15:02:19.875,93.675471,15:02:19.875,0.001653
15:02:19.876,11.855658,15:02:19.876,93.675471,15:02:19.876,0.002311
15:02:19.877,12.345294,15:02:19.877,93.37156,15:02:19.877,0.001982
15:02:19.878,12.66609,15:02:19.878,93.050764,15:02:19.878,0.002311
15:02:19.879,12.851814,15:02:19.879,92.763736,15:02:19.879,0.002311
15:02:19.880,12.953118,15:02:19.880,92.898808,15:02:19.880,0.00264
15:02:19.881,12.784278,15:02:19.881,92.578012,15:02:19.881,0.001653
15:02:19.882,12.615438,15:02:19.882,92.375405,15:02:19.882,0.001982
15:02:19.883,12.463482,15:02:19.883,92.375405,15:02:19.883,0.002969
15:02:19.884,12.092034,15:02:19.884,92.578012,15:02:19.884,0.002311
15:02:19.885,11.619282,15:02:19.885,92.375405,15:02:19.885,0.001325
15:02:19.886,11.011458,15:02:19.886,92.52736,15:02:19.886,0.002311
15:02:19.887,10.403634,15:02:19.887,92.594896,15:02:19.887,0.00264
15:02:19.888,9.626971,15:02:19.888,92.94946,15:02:19.888,0.001653
15:02:19.889,8.782771,15:02:19.889,92.915692,15:02:19.889,0.002311
15:02:19.890,7.938571,15:02:19.890,92.831272,15:02:19.890,0.001653
15:02:19.891,7.178791,15:02:19.891,92.966344,15:02:19.891,0.002969
15:02:19.892,6.469664,15:02:19.892,93.185836,15:02:19.892,0.001982
15:02:19.893,5.86184,15:02:19.893,93.084532,15:02:19.893,0.001982
15:02:19.894,5.321552,15:02:19.894,92.831272,15:02:19.894,0.002311
15:02:19.895,5.000756,15:02:19.895,92.713084,15:02:19.895,0.002311
15:02:19.896,4.67996,15:02:19.896,92.848156,15:02:19.896,0.001982
15:02:19.897,4.612424,15:02:19.897,92.679316,15:02:19.897,0.001653
15:02:19.898,4.544888,15:02:19.898,92.274101,15:02:19.898,0.001982
15:02:19.899,4.781264,15:02:19.899,92.139029,15:02:19.899,0.002311
15:02:19.900,5.068292,15:02:19.900,92.206565,15:02:19.900,0.002311
15:02:19.901,5.52416,15:02:19.901,91.936421,15:02:19.901,0.002311
15:02:19.902,5.963144,15:02:19.902,91.716929,15:02:19.902,0.002311
15:02:19.903,6.503432,15:02:19.903,91.497437,15:02:19.903,0.001325
15:02:19.904,7.043719,15:02:19.904,91.716929,15:02:19.904,0.002969
15:02:19.905,7.651543,15:02:19.905,91.598741,15:02:19.905,0.00264
15:02:19.906,8.242483,15:02:19.906,91.564973,15:02:19.906,0.002311
15:02:19.907,8.833423,15:02:19.907,91.564973,15:02:19.907,0.002311
15:02:19.908,9.424363,15:02:19.908,91.716929,15:02:19.908,0.001982
15:02:19.909,9.947767,15:02:19.909,91.581857,15:02:19.909,0.001982
15:02:19.910,10.488054,15:02:19.910,91.46367,15:02:19.910,0.001982
15:02:19.911,10.741314,15:02:19.911,91.37925,15:02:19.911,0.002311
15:02:19.912,11.06211,15:02:19.912,91.564973,15:02:19.912,0.00264
15:02:19.913,11.214066,15:02:19.913,91.531205,15:02:19.913,0.002311
15:02:19.914,11.332254,15:02:19.914,91.244178,15:02:19.914,0.003297
15:02:19.915,11.31537,15:02:19.915,91.244178,15:02:19.915,0.001653
15:02:19.916,11.197182,15:02:19.916,91.37925,15:02:19.916,0.002311
15:02:19.917,11.045226,15:02:19.917,91.227294,15:02:19.917,0.002969
15:02:19.918,10.775082,15:02:19.918,90.95715,15:02:19.918,0.001982
15:02:19.919,10.437402,15:02:19.919,90.855846,15:02:19.919,0.00264
15:02:19.920,10.032187,15:02:19.920,90.838962,15:02:19.920,0.00264
15:02:19.921,9.458131,15:02:19.921,90.61947,15:02:19.921,0.003297
15:02:19.922,9.019147,15:02:19.922,90.298675,15:02:19.922,0.001982
15:02:19.923,8.529511,15:02:19.923,90.079183,15:02:19.923,0.002969
15:02:19.924,8.090527,15:02:19.924,90.197371,15:02:19.924,0.00264
15:02:19.925,7.651543,15:02:19.925,90.129835,15:02:19.925,0.002311
15:02:19.926,7.313863,15:02:19.926,89.724619,15:02:19.926,0.003297
15:02:19.927,7.128139,15:02:19.927,89.741503,15:02:19.927,0.00264
15:02:19.928,6.841111,15:02:19.928,89.758387,15:02:19.928,0.002311
15:02:19.929,6.672271,15:02:19.929,89.758387,15:02:19.929,0.00264
15:02:19.930,6.621619,15:02:19.930,89.505128,15:02:19.930,0.00264
15:02:19.931,6.604735,15:02:19.931,89.538895,15:02:19.931,0.003626
15:02:19.932,6.638503,15:02:19.932,89.673967,15:02:19.932,0.001653
15:02:19.933,6.756691,15:02:19.933,89.741503,15:02:19.933,0.002311
15:02:19.934,6.942415,15:02:19.934,89.640199,15:02:19.934,0.002969
15:02:19.935,7.212559,15:02:19.935,89.505128,15:02:19.935,0.002311
15:02:19.936,7.550239,15:02:19.936,89.724619,15:02:19.936,0.003626
15:02:19.937,7.871035,15:02:19.937,89.724619,15:02:19.937,0.003955
15:02:19.938,8.174947,15:02:19.938,89.505128,15:02:19.938,0.004284
15:02:19.939,8.630815,15:02:19.939,89.403824,15:02:19.939,0.003297
15:02:19.940,8.900959,15:02:19.940,89.437592,15:02:19.940,0.003626
15:02:19.941,9.187987,15:02:19.941,89.538895,15:02:19.941,0.002969
15:02:19.942,9.508783,15:02:19.942,89.032376,15:02:19.942,0.00264
15:02:19.943,9.762043,15:02:19.943,88.998608,15:02:19.943,0.002311
15:02:19.944,9.964651,15:02:19.944,88.96484,15:02:19.944,0.002311
15:02:19.945,10.150375,15:02:19.945,89.032376,15:02:19.945,0.003297
15:02:19.946,10.251678,15:02:19.946,88.728464,15:02:19.946,0.002969
15:02:19.947,10.336098,15:02:19.947,88.62716,15:02:19.947,0.003297
15:02:19.948,10.268562,15:02:19.948,88.745348,15:02:19.948,0.003297
15:02:19.949,10.251678,15:02:19.949,88.863536,15:02:19.949,0.003297
15:02:19.950,10.150375,15:02:19.950,88.62716,15:02:19.950,0.003297
15:02:19.951,9.846463,15:02:19.951,88.593392,15:02:19.951,0.003297
15:02:19.952,9.576319,15:02:19.952,88.71158,15:02:19.952,0.003626
15:02:19.953,9.272407,15:02:19.953,88.812884,15:02:19.953,0.003297
15:02:19.954,8.951611,15:02:19.954,88.644044,15:02:19.954,0.003626
15:02:19.955,8.664583,15:02:19.955,88.576508,15:02:19.955,0.003297
15:02:19.956,8.343787,15:02:19.956,88.728464,15:02:19.956,0.00264
15:02:19.957,7.989223,15:02:19.957,88.812884,15:02:19.957,0.003297
15:02:19.958,7.634659,15:02:19.958,88.62716,15:02:19.958,0.002969
15:02:19.959,7.415167,15:02:19.959,88.525856,15:02:19.959,0.003297
15:02:19.960,7.195675,15:02:19.960,88.593392,15:02:19.960,0.003297
15:02:19.961,7.009951,15:02:19.961,88.745348,15:02:19.961,0.002969
15:02:19.962,6.959299,15:02:19.962,88.323249,15:02:19.962,0.002969
15:02:19.963,6.841111,15:02:19.963,88.323249,15:02:19.963,0.002969
15:02:19.964,6.874879,15:02:19.964,88.407669,15:02:19.964,0.003297
15:02:19.965,6.908647,15:02:19.965,88.475205,15:02:19.965,0.001982
15:02:19.966,6.959299,15:02:19.966,88.171293,15:02:19.966,0.002969
15:02:19.967,7.060603,15:02:19.967,88.053105,15:02:19.967,0.00264
15:02:19.968,7.161907,15:02:19.968,88.154409,15:02:19.968,0.002969
15:02:19.969,7.313863,15:02:19.969,88.272597,15:02:19.969,0.003626
15:02:19.970,7.465819,15:02:19.970,88.069989,15:02:19.970,0.003626
15:02:19.971,7.600891,15:02:19.971,88.053105,15:02:19.971,0.002969
15:02:19.972,7.752847,15:02:19.972,88.120641,15:02:19.972,0.002969
15:02:19.973,7.921687,15:02:19.973,88.323249,15:02:19.973,0.00264
15:02:19.974,8.107411,15:02:19.974,88.171293,15:02:19.974,0.003626
15:02:19.975,8.225599,15:02:19.975,88.171293,15:02:19.975,0.003297
15:02:19.976,8.343787,15:02:19.976,88.272597,15:02:19.976,0.003297
15:02:19.977,8.428207,15:02:19.977,88.475205,15:02:19.977,0.003297
15:02:19.978,8.394439,15:02:19.978,88.424553,15:02:19.978,0.00264
15:02:19.979,8.428207,15:02:19.979,88.424553,15:02:19.979,0.003297
15:02:19.980,8.445091,15:02:19.980,88.525856,15:02:19.980,0.003626
15:02:19.981,8.461975,15:02:19.981,88.745348,15:02:19.981,0.003297
15:02:19.982,8.377555,15:02:19.982,88.525856,15:02:19.982,0.00264
15:02:19.983,8.293135,15:02:19.983,88.508972,15:02:19.983,0.002969
15:02:19.984,8.242483,15:02:19.984,88.441437,15:02:19.984,0.003955
15:02:19.985,8.124295,15:02:19.985,88.508972,15:02:19.985,0.001653
15:02:19.986,8.124295,15:02:19.986,88.289481,15:02:19.986,0.00264
15:02:19.987,8.056759,15:02:19.987,88.120641,15:02:19.987,0.002969
15:02:19.988,7.955455,15:02:19.988,88.154409,15:02:19.988,0.002969
15:02:19.989,7.803499,15:02:19.989,88.255713,15:02:19.989,0.003626
15:02:19.990,7.685311,15:02:19.990,88.053105,15:02:19.990,0.002311
15:02:19.991,7.634659,15:02:19.991,88.053105,15:02:19.991,0.003297
15:02:19.992,7.617775,15:02:19.992,88.019337,15:02:19.992,0.001325
15:02:19.993,7.499587,15:02:19.993,88.238829,15:02:19.993,0.002311
15:02:19.994,7.415167,15:02:19.994,88.120641,15:02:19.994,0.003626
15:02:19.995,7.330747,15:02:19.995,88.120641,15:02:19.995,0.002969
15:02:19.996,7.415167,15:02:19.996,88.205061,15:02:19.996,0.002969
15:02:19.997,7.280095,15:02:19.997,88.357017,15:02:19.997,0.001325
15:02:19.998,7.330747,15:02:19.998,88.221945,15:02:19.998,0.00264
15:02:19.999,7.296979,15:02:19.999,88.205061,15:02:19.999,0.00264
15:02:20.000,7.364515,15:02:20.000,88.340133,15:02:20.000,0.001982
15:02:20.001,7.330747,15:02:20.001,88.54274,15:02:20.001,0.00264
15:02:20.002,7.415167,15:02:20.002,88.289481,15:02:20.002,0.003626
15:02:20.003,7.516471,15:02:20.003,88.289481,15:02:20.003,0.002969
15:02:20.004,7.533355,15:02:20.004,88.221945,15:02:20.004,0.00264
15:02:20.005,7.584007,15:02:20.005,88.441437,15:02:20.005,0.002969
15:02:20.006,7.685311,15:02:20.006,88.390785,15:02:20.006,0.00264
15:02:20.007,7.702195,15:02:20.007,88.255713,15:02:20.007,0.001982
15:02:20.008,7.803499,15:02:20.008,88.086873,15:02:20.008,0.002311
15:02:20.009,7.837267,15:02:20.009,88.272597,15:02:20.009,0.001653
15:02:20.010,7.803499,15:02:20.010,87.968685,15:02:20.010,0.002311
15:02:20.011,7.854151,15:02:20.011,87.884265,15:02:20.011,0.003297
15:02:20.012,7.904803,15:02:20.012,87.901149,15:02:20.012,0.003297
15:02:20.013,7.871035,15:02:20.013,88.120641,15:02:20.013,0.003955
15:02:20.014,7.887919,15:02:20.014,87.918033,15:02:20.014,0.001982
15:02:20.015,7.854151,15:02:20.015,87.816729,15:02:20.015,0.003626
15:02:20.016,7.803499,15:02:20.016,87.867381,15:02:20.016,0.002311
15:02:20.017,7.752847,15:02:20.017,88.002453,15:02:20.017,0.001325
15:02:20.018,7.769731,15:02:20.018,87.968685,15:02:20.018,0.00264
15:02:20.019,7.719079,15:02:20.019,87.867381,15:02:20.019,0.001982
15:02:20.020,7.668427,15:02:20.020,87.901149,15:02:20.020,0.003297
15:02:20.021,7.600891,15:02:20.021,88.103757,15:02:20.021,0.001325
15:02:20.022,7.617775,15:02:20.022,88.053105,15:02:20.022,0.000996
15:02:20.023,7.634659,15:02:20.023,87.918033,15:02:20.023,0.001653
15:02:20.024,7.651543,15:02:20.024,87.884265,15:02:20.024,0.001982
15:02:20.025,7.685311,15:02:20.025,88.053105,15:02:20.025,0.002311
15:02:20.026,7.651543,15:02:20.026,87.985569,15:02:20.026,0.001982
15:02:20.027,7.702195,15:02:20.027,87.766077,15:02:20.027,0.002969
15:02:20.028,7.786615,15:02:20.028,87.715425,15:02:20.028,0.002311
15:02:20.029,7.735963,15:02:20.029,87.867381,15:02:20.029,0.002969
15:02:20.030,7.702195,15:02:20.030,87.715425,15:02:20.030,0.001982
15:02:20.031,7.735963,15:02:20.031,87.580353,15:02:20.031,0.002311
15:02:20.032,7.702195,15:02:20.032,87.47905,15:02:20.032,0.002311
15:02:20.033,7.685311,15:02:20.033,87.597237,15:02:20.033,0.002311
15:02:20.034,7.651543,15:02:20.034,87.563469,15:02:20.034,0.00264
15:02:20.035,7.702195,15:02:20.035,87.327094,15:02:20.035,0.002311
15:02:20.036,7.786615,15:02:20.036,87.242674,15:02:20.036,0.003626
15:02:20.037,7.685311,15:02:20.037,87.39463,15:02:20.037,0.003297
15:02:20.038,7.702195,15:02:20.038,87.495933,15:02:20.038,0.003297
15:02:20.039,7.651543,15:02:20.039,87.175138,15:02:20.039,0.002969
15:02:20.040,7.550239,15:02:20.040,87.192022,15:02:20.040,0.002969
15:02:20.041,7.533355,15:02:20.041,87.39463,15:02:20.041,0.002969
15:02:20.042,7.499587,15:02:20.042,87.31021,15:02:20.042,0.003955
15:02:20.043,7.465819,15:02:20.043,87.158254,15:02:20.043,0.003955
15:02:20.044,7.448935,15:02:20.044,87.05695,15:02:20.044,0.00527
15:02:20.045,7.381399,15:02:20.045,87.158254,15:02:20.045,0.003955
15:02:20.046,7.381399,15:02:20.046,87.124486,15:02:20.046,0.002969
15:02:20.047,7.364515,15:02:20.047,86.921878,15:02:20.047,0.004284
15:02:20.048,7.330747,15:02:20.048,86.904994,15:02:20.048,0.004284
15:02:20.049,7.347631,15:02:20.049,87.073834,15:02:20.049,0.004284
15:02:20.050,7.263211,15:02:20.050,87.05695,15:02:20.050,0.004284
15:02:20.051,7.229443,15:02:20.051,86.854342,15:02:20.051,0.00527
15:02:20.052,7.246327,15:02:20.052,86.820574,15:02:20.052,0.003626
15:02:20.053,7.195675,15:02:20.053,86.921878,15:02:20.053,0.003955
15:02:20.054,7.128139,15:02:20.054,86.837458,15:02:20.054,0.003626
15:02:20.055,7.094371,15:02:20.055,86.584198,15:02:20.055,0.003297
15:02:20.056,7.178791,15:02:20.056,86.567314,15:02:20.056,0.003297
15:02:20.057,7.161907,15:02:20.057,86.702386,15:02:20.057,0.004612
15:02:20.058,7.145023,15:02:20.058,86.71927,15:02:20.058,0.003955
15:02:20.059,7.178791,15:02:20.059,86.432243,15:02:20.059,0.003297
15:02:20.060,7.229443,15:02:20.060,86.381591,15:02:20.060,0.002311
15:02:20.061,7.212559,15:02:20.061,86.482894,15:02:20.061,0.002969
15:02:20.062,7.296979,15:02:20.062,86.499778,15:02:20.062,0.003297
15:02:20.063,7.246327,15:02:20.063,86.263403,15:02:20.063,0.003626
15:02:20.064,7.296979,15:02:20.064,86.195867,15:02:20.064,0.003955
15:02:20.065,7.246327,15:02:20.065,86.229635,15:02:20.065,0.003297
15:02:20.066,7.330747,15:02:20.066,86.246519,15:02:20.066,0.003297
15:02:20.067,7.313863,15:02:20.067,86.010143,15:02:20.067,0.002969
15:02:20.068,7.347631,15:02:20.068,85.976375,15:02:20.068,0.004941
15:02:20.069,7.330747,15:02:20.069,86.043911,15:02:20.069,0.002969
15:02:20.070,7.330747,15:02:20.070,86.111447,15:02:20.070,0.003626
15:02:20.071,7.313863,15:02:20.071,85.807535,15:02:20.071,0.00264
15:02:20.072,7.246327,15:02:20.072,85.841303,15:02:20.072,0.003297
15:02:20.073,7.145023,15:02:20.073,85.858187,15:02:20.073,0.00264
15:02:20.074,7.026835,15:02:20.074,85.942607,15:02:20.074,0.001982
15:02:20.075,7.094371,15:02:20.075,85.689347,15:02:20.075,0.002969
15:02:20.076,7.094371,15:02:20.076,85.520507,15:02:20.076,0.00264
15:02:20.077,7.026835,15:02:20.077,85.638695,15:02:20.077,0.003955
15:02:20.078,6.976183,15:02:20.078,85.773767,15:02:20.078,0.00264
15:02:20.079,6.908647,15:02:20.079,85.436087,15:02:20.079,0.002311
15:02:20.080,6.891763,15:02:20.080,85.419203,15:02:20.080,0.00264
15:02:20.081,6.773575,15:02:20.081,85.385436,15:02:20.081,0.002311
15:02:20.082,6.739807,15:02:20.082,85.520507,15:02:20.082,0.001982
15:02:20.083,6.756691,15:02:20.083,85.334784,15:02:20.083,0.002969
15:02:20.084,6.739807,15:02:20.084,85.284132,15:02:20.084,0.00264
15:02:20.085,6.756691,15:02:20.085,85.419203,15:02:20.085,0.002311
15:02:20.086,6.790459,15:02:20.086,85.436087,15:02:20.086,0.002311
15:02:20.087,6.824227,15:02:20.087,85.3179,15:02:20.087,0.002311
15:02:20.088,6.891763,15:02:20.088,85.284132,15:02:20.088,0.00264
15:02:20.089,6.857995,15:02:20.089,85.267248,15:02:20.089,0.002969
15:02:20.090,6.908647,15:02:20.090,85.486739,15:02:20.090,0.003626
15:02:20.091,6.993067,15:02:20.091,85.284132,15:02:20.091,0.002311
15:02:20.092,7.026835,15:02:20.092,85.250364,15:02:20.092,0.001982
15:02:20.093,6.976183,15:02:20.093,85.284132,15:02:20.093,0.002311
15:02:20.094,7.026835,15:02:20.094,85.40232,15:02:20.094,0.001982
15:02:20.095,7.009951,15:02:20.095,85.250364,15:02:20.095,0.002311
15:02:20.096,7.128139,15:02:20.096,84.98022,15:02:20.096,0.001653
15:02:20.097,7.111255,15:02:20.097,85.14906,15:02:20.097,0.001982
15:02:20.098,7.128139,15:02:20.098,85.115292,15:02:20.098,0.001653
15:02:20.099,7.094371,15:02:20.099,84.912684,15:02:20.099,0.001653
15:02:20.100,7.111255,15:02:20.100,84.912684,15:02:20.100,0.002311
15:02:20.101,7.077487,15:02:20.101,84.81138,15:02:20.101,0.001982
15:02:20.102,7.009951,15:02:20.102,85.115292,15:02:20.102,0.001982
15:02:20.103,7.009951,15:02:20.103,84.98022,15:02:20.103,0.000996
15:02:20.104,6.959299,15:02:20.104,84.946452,15:02:20.104,0.001982
15:02:20.105,6.959299,15:02:20.105,84.963336,15:02:20.105,0.002311
15:02:20.106,6.959299,15:02:20.106,85.030872,15:02:20.106,0.001325
15:02:20.107,6.908647,15:02:20.107,84.946452,15:02:20.107,0.002311
15:02:20.108,6.891763,15:02:20.108,84.8958,15:02:20.108,0.001325
15:02:20.109,6.824227,15:02:20.109,84.912684,15:02:20.109,0.001982
15:02:20.110,6.739807,15:02:20.110,84.997104,15:02:20.110,0.001653
15:02:20.111,6.638503,15:02:20.111,84.794496,15:02:20.111,0.001982
15:02:20.112,6.621619,15:02:20.112,84.760728,15:02:20.112,0.002969
15:02:20.113,6.587851,15:02:20.113,84.743844,15:02:20.113,0.002969
15:02:20.114,6.554084,15:02:20.114,84.828264,15:02:20.114,0.002311
15:02:20.115,6.554084,15:02:20.115,84.608772,15:02:20.115,0.001982
15:02:20.116,6.5372,15:02:20.116,84.55812,15:02:20.116,0.002969
15:02:20.117,6.503432,15:02:20.117,84.490584,15:02:20.117,0.003626
15:02:20.118,6.520316,15:02:20.118,84.760728,15:02:20.118,0.003297
15:02:20.119,6.570967,15:02:20.119,84.490584,15:02:20.119,0.00264
15:02:20.120,6.621619,15:02:20.120,84.507468,15:02:20.120,0.00264
15:02:20.121,6.570967,15:02:20.121,84.439932,15:02:20.121,0.003297
15:02:20.122,6.604735,15:02:20.122,84.541236,15:02:20.122,0.003297
15:02:20.123,6.638503,15:02:20.123,84.456816,15:02:20.123,0.002969
15:02:20.124,6.672271,15:02:20.124,84.406164,15:02:20.124,0.003297
15:02:20.125,6.689155,15:02:20.125,84.372396,15:02:20.125,0.00264
15:02:20.126,6.689155,15:02:20.126,84.676308,15:02:20.126,0.003297
15:02:20.127,6.790459,15:02:20.127,84.541236,15:02:20.127,0.00264
15:02:20.128,6.790459,15:02:20.128,84.456816,15:02:20.128,0.00264
15:02:20.129,6.874879,15:02:20.129,84.490584,15:02:20.129,0.003626
15:02:20.130,6.891763,15:02:20.130,84.72696,15:02:20.130,0.00264
15:02:20.131,6.824227,15:02:20.131,84.541236,15:02:20.131,0.00264
15:02:20.132,6.874879,15:02:20.132,84.439932,15:02:20.132,0.002311
15:02:20.133,6.824227,15:02:20.133,84.406164,15:02:20.133,0.002969
15:02:20.134,6.756691,15:02:20.134,84.55812,15:02:20.134,0.003955
15:02:20.135,6.706039,15:02:20.135,84.4737,15:02:20.135,0.002311
15:02:20.136,6.739807,15:02:20.136,84.287977,15:02:20.136,0.003297
15:02:20.137,6.655387,15:02:20.137,84.186673,15:02:20.137,0.002969
15:02:20.138,6.655387,15:02:20.138,84.355512,15:02:20.138,0.003626
15:02:20.139,6.5372,15:02:20.139,84.254209,15:02:20.139,0.003626
15:02:20.140,6.587851,15:02:20.140,84.034717,15:02:20.140,0.00264
15:02:20.141,6.5372,15:02:20.141,84.085369,15:02:20.141,0.002969
15:02:20.142,6.419012,15:02:20.142,84.220441,15:02:20.142,0.002969
15:02:20.143,6.385244,15:02:20.143,84.220441,15:02:20.143,0.003955
15:02:20.144,6.385244,15:02:20.144,84.017833,15:02:20.144,0.003626
15:02:20.145,6.385244,15:02:20.145,84.136021,15:02:20.145,0.00264
15:02:20.146,6.402128,15:02:20.146,84.237325,15:02:20.146,0.00264
15:02:20.147,6.36836,15:02:20.147,84.152905,15:02:20.147,0.002311
15:02:20.148,6.334592,15:02:20.148,83.984065,15:02:20.148,0.002969
15:02:20.149,6.351476,15:02:20.149,84.051601,15:02:20.149,0.003297
15:02:20.150,6.317708,15:02:20.150,84.152905,15:02:20.150,0.002311
15:02:20.151,6.317708,15:02:20.151,84.203557,15:02:20.151,0.003297
15:02:20.152,6.351476,15:02:20.152,84.051601,15:02:20.152,0.003297
15:02:20.153,6.36836,15:02:20.153,83.882761,15:02:20.153,0.003955
15:02:20.154,6.267056,15:02:20.154,84.085369,15:02:20.154,0.00264
15:02:20.155,6.402128,15:02:20.155,83.950297,15:02:20.155,0.003297
15:02:20.156,6.267056,15:02:20.156,83.832109,15:02:20.156,0.003626
15:02:20.157,6.351476,15:02:20.157,83.646385,15:02:20.157,0.003626
15:02:20.158,6.351476,15:02:20.158,83.916529,15:02:20.158,0.002969
15:02:20.159,6.317708,15:02:20.159,83.848993,15:02:20.159,0.002311
15:02:20.160,6.300824,15:02:20.160,83.697037,15:02:20.160,0.003297
15:02:20.161,6.334592,15:02:20.161,83.781457,15:02:20.161,0.003297
15:02:20.162,6.250172,15:02:20.162,83.916529,15:02:20.162,0.002969
15:02:20.163,6.250172,15:02:20.163,83.798341,15:02:20.163,0.003297
15:02:20.164,6.267056,15:02:20.164,83.663269,15:02:20.164,0.00264
15:02:20.165,6.351476,15:02:20.165,83.713921,15:02:20.165,0.003297
15:02:20.166,6.334592,15:02:20.166,83.798341,15:02:20.166,0.00264
15:02:20.167,6.36836,15:02:20.167,83.933413,15:02:20.167,0.003297
15:02:20.168,6.28394,15:02:20.168,83.730805,15:02:20.168,0.002969
15:02:20.169,6.28394,15:02:20.169,83.595733,15:02:20.169,0.00264
15:02:20.170,6.351476,15:02:20.170,83.646385,15:02:20.170,0.002969
15:02:20.171,6.300824,15:02:20.171,83.713921,15:02:20.171,0.002311
15:02:20.172,6.233288,15:02:20.172,83.494429,15:02:20.172,0.003297
15:02:20.173,6.19952,15:02:20.173,83.393125,15:02:20.173,0.00264
15:02:20.174,6.182636,15:02:20.174,83.477545,15:02:20.174,0.002311
15:02:20.175,6.19952,15:02:20.175,83.511313,15:02:20.175,0.001982
15:02:20.176,6.182636,15:02:20.176,83.342473,15:02:20.176,0.001982
15:02:20.177,6.19952,15:02:20.177,83.207402,15:02:20.177,0.00264
15:02:20.178,6.131984,15:02:20.178,83.359357,15:02:20.178,0.002311
15:02:20.179,6.131984,15:02:20.179,83.426893,15:02:20.179,0.003297
15:02:20.180,6.03068,15:02:20.180,83.207402,15:02:20.180,0.004284
15:02:20.181,6.148868,15:02:20.181,83.224286,15:02:20.181,0.001982
15:02:20.182,6.131984,15:02:20.182,83.224286,15:02:20.182,0.002311
15:02:20.183,6.1151,15:02:20.183,83.393125,15:02:20.183,0.002311
15:02:20.184,6.1151,15:02:20.184,83.207402,15:02:20.184,0.002311
15:02:20.185,6.131984,15:02:20.185,83.139866,15:02:20.185,0.002311
15:02:20.186,6.131984,15:02:20.186,83.24117,15:02:20.186,0.003297
15:02:20.187,6.182636,15:02:20.187,83.291821,15:02:20.187,0.002311
15:02:20.188,6.250172,15:02:20.188,83.055446,15:02:20.188,0.001653
15:02:20.189,6.267056,15:02:20.189,82.954142,15:02:20.189,0.00264
15:02:20.190,6.216404,15:02:20.190,83.106098,15:02:20.190,0.002969
15:02:20.191,6.148868,15:02:20.191,83.089214,15:02:20.191,0.002969
15:02:20.192,6.19952,15:02:20.192,82.920374,15:02:20.192,0.003297
15:02:20.193,6.131984,15:02:20.193,82.81907,15:02:20.193,0.002311
15:02:20.194,6.131984,15:02:20.194,82.81907,15:02:20.194,0.001653
15:02:20.195,6.131984,15:02:20.195,82.886606,15:02:20.195,0.001982
15:02:20.196,6.081332,15:02:20.196,82.73465,15:02:20.196,0.00264
15:02:20.197,6.131984,15:02:20.197,82.599578,15:02:20.197,0.00264
15:02:20.198,6.081332,15:02:20.198,82.768418,15:02:20.198,0.002969
15:02:20.199,6.081332,15:02:20.199,82.90349,15:02:20.199,0.002969
15:02:20.200,6.013796,15:02:20.200,82.717766,15:02:20.200,0.002969
15:02:20.201,6.013796,15:02:20.201,82.515158,15:02:20.201,0.002969
15:02:20.202,6.03068,15:02:20.202,82.683998,15:02:20.202,0.003955
15:02:20.203,5.980028,15:02:20.203,82.768418,15:02:20.203,0.001653
15:02:20.204,5.980028,15:02:20.204,82.48139,15:02:20.204,0.002969
15:02:20.205,6.03068,15:02:20.205,82.515158,15:02:20.205,0.002311
15:02:20.206,5.980028,15:02:20.206,82.582694,15:02:20.206,0.00264
15:02:20.207,5.996912,15:02:20.207,82.700882,15:02:20.207,0.001982
15:02:20.208,5.996912,15:02:20.208,82.413854,15:02:20.208,0.00264
15:02:20.209,5.996912,15:02:20.209,82.39697,15:02:20.209,0.00264
15:02:20.210,5.980028,15:02:20.210,82.39697,15:02:20.210,0.001653
15:02:20.211,5.878724,15:02:20.211,82.56581,15:02:20.211,0.002969
15:02:20.212,5.929376,15:02:20.212,82.194362,15:02:20.212,0.003626
15:02:20.213,5.878724,15:02:20.213,82.177479,15:02:20.213,0.00264
15:02:20.214,5.760536,15:02:20.214,82.329434,15:02:20.214,0.00264
15:02:20.215,5.77742,15:02:20.215,82.261898,15:02:20.215,0.003297
15:02:20.216,5.811188,15:02:20.216,82.093059,15:02:20.216,0.002969
15:02:20.217,5.794304,15:02:20.217,82.042407,15:02:20.217,0.003297
15:02:20.218,5.743652,15:02:20.218,82.059291,15:02:20.218,0.001982
15:02:20.219,5.693,15:02:20.219,82.295666,15:02:20.219,0.00264
15:02:20.220,5.743652,15:02:20.220,82.008639,15:02:20.220,0.001982
15:02:20.221,5.726768,15:02:20.221,81.957987,15:02:20.221,0.000996
15:02:20.222,5.743652,15:02:20.222,81.974871,15:02:20.222,0.001653
15:02:20.223,5.676116,15:02:20.223,82.093059,15:02:20.223,0.00264
15:02:20.224,5.726768,15:02:20.224,81.924219,15:02:20.224,0.002311
15:02:20.225,5.760536,15:02:20.225,81.873567,15:02:20.225,0.000667
15:02:20.226,5.760536,15:02:20.226,81.839799,15:02:20.226,0.001982
15:02:20.227,5.794304,15:02:20.227,82.076175,15:02:20.227,0.001982
15:02:20.228,5.794304,15:02:20.228,81.856683,15:02:20.228,0.001982
15:02:20.229,5.760536,15:02:20.229,81.755379,15:02:20.229,0.002969
15:02:20.230,5.794304,15:02:20.230,81.806031,15:02:20.230,0.003626
15:02:20.231,5.828072,15:02:20.231,81.941103,15:02:20.231,0.003626
15:02:20.232,5.760536,15:02:20.232,81.755379,15:02:20.232,0.003297
15:02:20.233,5.760536,15:02:20.233,81.620307,15:02:20.233,0.003626
15:02:20.234,5.760536,15:02:20.234,81.620307,15:02:20.234,0.004941
15:02:20.235,5.726768,15:02:20.235,81.772263,15:02:20.235,0.004612
15:02:20.236,5.743652,15:02:20.236,81.603423,15:02:20.236,0.004612
15:02:20.237,5.726768,15:02:20.237,81.603423,15:02:20.237,0.004612
15:02:20.238,5.760536,15:02:20.238,81.637191,15:02:20.238,0.004284
15:02:20.239,5.676116,15:02:20.239,81.721611,15:02:20.239,0.004284
15:02:20.240,5.709884,15:02:20.240,81.637191,15:02:20.240,0.003955
15:02:20.241,5.642348,15:02:20.241,81.502119,15:02:20.241,0.002311
15:02:20.242,5.60858,15:02:20.242,81.502119,15:02:20.242,0.00264
15:02:20.243,5.591696,15:02:20.243,81.704727,15:02:20.243,0.003297
15:02:20.244,5.693,15:02:20.244,81.519003,15:02:20.244,0.003955
15:02:20.245,5.693,15:02:20.245,81.434583,15:02:20.245,0.00264
15:02:20.246,5.659232,15:02:20.246,81.468351,15:02:20.246,0.002969
15:02:20.247,5.659232,15:02:20.247,81.569655,15:02:20.247,0.002969
15:02:20.248,5.709884,15:02:20.248,81.519003,15:02:20.248,0.002969
15:02:20.249,5.693,15:02:20.249,81.417699,15:02:20.249,0.003297
15:02:20.250,5.693,15:02:20.250,81.316395,15:02:20.250,0.003297
15:02:20.251,5.591696,15:02:20.251,81.502119,15:02:20.251,0.002311
15:02:20.252,5.591696,15:02:20.252,81.333279,15:02:20.252,0.002969
15:02:20.253,5.625464,15:02:20.253,81.181323,15:02:20.253,0.002969
15:02:20.254,5.60858,15:02:20.254,81.215091,15:02:20.254,0.001325
15:02:20.255,5.52416,15:02:20.255,81.333279,15:02:20.255,0.002969
15:02:20.256,5.625464,15:02:20.256,81.248859,15:02:20.256,0.001653
15:02:20.257,5.557928,15:02:20.257,81.215091,15:02:20.257,0.00264
15:02:20.258,5.541044,15:02:20.258,81.08002,15:02:20.258,0.00264
15:02:20.259,5.473508,15:02:20.259,81.299511,15:02:20.259,0.002311
15:02:20.260,5.574812,15:02:20.260,81.181323,15:02:20.260,0.002969
15:02:20.261,5.52416,15:02:20.261,80.978716,15:02:20.261,0.001982
15:02:20.262,5.490392,15:02:20.262,80.978716,15:02:20.262,0.001653
15:02:20.263,5.52416,15:02:20.263,81.181323,15:02:20.263,0.00264
15:02:20.264,5.490392,15:02:20.264,81.029368,15:02:20.264,0.003297
15:02:20.265,5.574812,15:02:20.265,80.9956,15:02:20.265,0.002969
15:02:20.266,5.507276,15:02:20.266,80.894296,15:02:20.266,0.002311
15:02:20.267,5.473508,15:02:20.267,81.08002,15:02:20.267,0.00264
15:02:20.268,5.490392,15:02:20.268,81.046252,15:02:20.268,0.002311
15:02:20.269,5.557928,15:02:20.269,80.961832,15:02:20.269,0.002969
15:02:20.270,5.52416,15:02:20.270,80.894296,15:02:20.270,0.001325
15:02:20.271,5.473508,15:02:20.271,81.063136,15:02:20.271,0.002311
15:02:20.272,5.35532,15:02:20.272,80.91118,15:02:20.272,0.002969
15:02:20.273,5.35532,15:02:20.273,80.74234,15:02:20.273,0.002311
15:02:20.274,5.35532,15:02:20.274,80.725456,15:02:20.274,0.002311
15:02:20.275,5.35532,15:02:20.275,80.91118,15:02:20.275,0.002311
15:02:20.276,5.304668,15:02:20.276,80.894296,15:02:20.276,0.001325
15:02:20.277,5.304668,15:02:20.277,80.65792,15:02:20.277,0.001982
15:02:20.278,5.321552,15:02:20.278,80.691688,15:02:20.278,0.001982
15:02:20.279,5.338436,15:02:20.279,80.91118,15:02:20.279,0.001982
15:02:20.280,5.203364,15:02:20.280,80.792992,15:02:20.280,0.00264
15:02:20.281,5.254016,15:02:20.281,80.641036,15:02:20.281,0.002311
15:02:20.282,5.254016,15:02:20.282,80.522848,15:02:20.282,0.001653
15:02:20.283,5.152712,15:02:20.283,80.82676,15:02:20.283,0.002311
15:02:20.284,5.254016,15:02:20.284,80.691688,15:02:20.284,0.002969
15:02:20.285,5.203364,15:02:20.285,80.556616,15:02:20.285,0.00264
15:02:20.286,5.237132,15:02:20.286,80.624152,15:02:20.286,0.003297
15:02:20.287,5.2709,15:02:20.287,80.674804,15:02:20.287,0.002969
15:02:20.288,5.321552,15:02:20.288,80.624152,15:02:20.288,0.002969
15:02:20.289,5.304668,15:02:20.289,80.522848,15:02:20.289,0.000996
15:02:20.290,5.389088,15:02:20.290,80.421544,15:02:20.290,0.00264
15:02:20.291,5.287784,15:02:20.291,80.624152,15:02:20.291,0.003297
15:02:20.292,5.321552,15:02:20.292,80.522848,15:02:20.292,0.00264
15:02:20.293,5.237132,15:02:20.293,80.40466,15:02:20.293,0.002311
15:02:20.294,5.220248,15:02:20.294,80.387776,15:02:20.294,0.002969
15:02:20.295,5.254016,15:02:20.295,80.556616,15:02:20.295,0.002969
15:02:20.296,5.237132,15:02:20.296,80.421544,15:02:20.296,0.003626
15:02:20.297,5.254016,15:02:20.297,80.218936,15:02:20.297,0.002969
15:02:20.298,5.237132,15:02:20.298,80.185168,15:02:20.298,0.002969
15:02:20.299,5.254016,15:02:20.299,80.286472,15:02:20.299,0.00264
15:02:20.300,5.18648,15:02:20.300,80.286472,15:02:20.300,0.003297
15:02:20.301,5.237132,15:02:20.301,80.218936,15:02:20.301,0.00264
15:02:20.302,5.220248,15:02:20.302,80.168284,15:02:20.302,0.001653
15:02:20.303,5.220248,15:02:20.303,80.23582,15:02:20.303,0.002311
15:02:20.304,5.152712,15:02:20.304,80.354008,15:02:20.304,0.00264
15:02:20.305,5.203364,15:02:20.305,80.185168,15:02:20.305,0.003626
15:02:20.306,5.220248,15:02:20.306,80.117632,15:02:20.306,0.00264
15:02:20.307,5.152712,15:02:20.307,80.1514,15:02:20.307,0.002311
15:02:20.308,5.18648,15:02:20.308,80.202052,15:02:20.308,0.00264
15:02:20.309,5.135828,15:02:20.309,80.083864,15:02:20.309,0.002311
15:02:20.310,5.18648,15:02:20.310,80.016328,15:02:20.310,0.002311
15:02:20.311,5.135828,15:02:20.311,80.06698,15:02:20.311,0.002311
15:02:20.312,5.10206,15:02:20.312,80.168284,15:02:20.312,0.000996
15:02:20.313,5.118944,15:02:20.313,79.931909,15:02:20.313,0.002311
15:02:20.314,5.068292,15:02:20.314,79.864373,15:02:20.314,0.001982
15:02:20.315,5.01764,15:02:20.315,79.98256,15:02:20.315,0.002311
15:02:20.316,5.034524,15:02:20.316,80.06698,15:02:20.316,0.002311
15:02:20.317,5.034524,15:02:20.317,79.847489,15:02:20.317,0.00264
15:02:20.318,4.983872,15:02:20.318,79.695533,15:02:20.318,0.003626
15:02:20.319,4.983872,15:02:20.319,79.864373,15:02:20.319,0.001982
15:02:20.320,4.916336,15:02:20.320,79.999444,15:02:20.320,0.003297
15:02:20.321,5.000756,15:02:20.321,79.779953,15:02:20.321,0.003297
15:02:20.322,5.000756,15:02:20.322,79.678649,15:02:20.322,0.00264
15:02:20.323,5.000756,15:02:20.323,79.746185,15:02:20.323,0.001653
15:02:20.324,5.01764,15:02:20.324,79.813721,15:02:20.324,0.002969
15:02:20.325,4.983872,15:02:20.325,79.594229,15:02:20.325,0.001653
15:02:20.326,5.000756,15:02:20.326,79.611113,15:02:20.326,0.001982
15:02:20.327,5.034524,15:02:20.327,79.644881,15:02:20.327,0.002311
15:02:20.328,5.085176,15:02:20.328,79.729301,15:02:20.328,0.001653
15:02:20.329,5.051408,15:02:20.329,79.560461,15:02:20.329,0.00264
15:02:20.330,5.068292,15:02:20.330,79.476041,15:02:20.330,0.003626
15:02:20.331,5.034524,15:02:20.331,79.492925,15:02:20.331,0.003297
15:02:20.332,4.983872,15:02:20.332,79.712417,15:02:20.332,0.003297
15:02:20.333,5.000756,15:02:20.333,79.425389,15:02:20.333,0.001982
15:02:20.334,4.983872,15:02:20.334,79.340969,15:02:20.334,0.003297
15:02:20.335,4.93322,15:02:20.335,79.408505,15:02:20.335,0.00264
15:02:20.336,4.93322,15:02:20.336,79.560461,15:02:20.336,0.001982
15:02:20.337,4.899452,15:02:20.337,79.324085,15:02:20.337,0.001653
15:02:20.338,4.899452,15:02:20.338,79.273433,15:02:20.338,0.002311
15:02:20.339,4.950104,15:02:20.339,79.307201,15:02:20.339,0.003297
15:02:20.340,4.899452,15:02:20.340,79.442273,15:02:20.340,0.001653
15:02:20.341,4.8488,15:02:20.341,79.256549,15:02:20.341,0.001653
15:02:20.342,4.8488,15:02:20.342,79.155245,15:02:20.342,0.001653
15:02:20.343,4.831916,15:02:20.343,79.172129,15:02:20.343,0.001982
15:02:20.344,4.798148,15:02:20.344,79.340969,15:02:20.344,0.002311
15:02:20.345,4.831916,15:02:20.345,79.087709,15:02:20.345,0.001982
15:02:20.346,4.899452,15:02:20.346,79.037057,15:02:20.346,0.00264
15:02:20.347,4.865684,15:02:20.347,79.121477,15:02:20.347,0.001982
15:02:20.348,4.865684,15:02:20.348,79.307201,15:02:20.348,0.002969
15:02:20.349,4.8488,15:02:20.349,79.070825,15:02:20.349,0.00264
15:02:20.350,4.8488,15:02:20.350,78.952637,15:02:20.350,0.002311
15:02:20.351,4.831916,15:02:20.351,78.918869,15:02:20.351,0.001982
15:02:20.352,4.76438,15:02:20.352,79.155245,15:02:20.352,0.00264
15:02:20.353,4.798148,15:02:20.353,78.935753,15:02:20.353,0.002311
15:02:20.354,4.781264,15:02:20.354,78.817566,15:02:20.354,0.002311
15:02:20.355,4.730612,15:02:20.355,78.935753,15:02:20.355,0.003297
15:02:20.356,4.663076,15:02:20.356,79.020173,15:02:20.356,0.002969
15:02:20.357,4.730612,15:02:20.357,78.834449,15:02:20.357,0.002969
15:02:20.358,4.747496,15:02:20.358,78.733146,15:02:20.358,0.004941
15:02:20.359,4.781264,15:02:20.359,78.800682,15:02:20.359,0.003955
15:02:20.360,4.67996,15:02:20.360,78.935753,15:02:20.360,0.003297
15:02:20.361,4.730612,15:02:20.361,78.716262,15:02:20.361,0.001982
15:02:20.362,4.67996,15:02:20.362,78.699378,15:02:20.362,0.004284
15:02:20.363,4.747496,15:02:20.363,78.682494,15:02:20.363,0.00264
15:02:20.364,4.663076,15:02:20.364,78.766914,15:02:20.364,0.001653
15:02:20.365,4.713728,15:02:20.365,78.699378,15:02:20.365,0.00264
15:02:20.366,4.713728,15:02:20.366,78.66561,15:02:20.366,0.00264
15:02:20.367,4.747496,15:02:20.367,78.58119,15:02:20.367,0.001982
15:02:20.368,4.696844,15:02:20.368,78.716262,15:02:20.368,0.002311
15:02:20.369,4.781264,15:02:20.369,78.598074,15:02:20.369,0.000996
15:02:20.370,4.747496,15:02:20.370,78.479886,15:02:20.370,0.001325
15:02:20.371,4.747496,15:02:20.371,78.463002,15:02:20.371,0.003955
15:02:20.372,4.612424,15:02:20.372,78.733146,15:02:20.372,0.002969
15:02:20.373,4.646192,15:02:20.373,78.614958,15:02:20.373,0.002311
15:02:20.374,4.67996,15:02:20.374,78.32793,15:02:20.374,0.00264
15:02:20.375,4.612424,15:02:20.375,78.361698,15:02:20.375,0.002311
15:02:20.376,4.578656,15:02:20.376,78.479886,15:02:20.376,0.001325
15:02:20.377,4.612424,15:02:20.377,78.24351,15:02:20.377,0.001325
15:02:20.378,4.578656,15:02:20.378,78.24351,15:02:20.378,0.00264
15:02:20.379,4.51112,15:02:20.379,78.361698,15:02:20.379,0.000996
15:02:20.380,4.544888,15:02:20.380,78.446118,15:02:20.380,0.002969
15:02:20.381,4.460468,15:02:20.381,78.361698,15:02:20.381,0.002969
15:02:20.382,4.528004,15:02:20.382,78.226626,15:02:20.382,0.003297
15:02:20.383,4.528004,15:02:20.383,78.175974,15:02:20.383,0.002311
15:02:20.384,4.51112,15:02:20.384,78.395466,15:02:20.384,0.002311
15:02:20.385,4.544888,15:02:20.385,78.378582,15:02:20.385,0.00264
15:02:20.386,4.561772,15:02:20.386,78.260394,15:02:20.386,0.002311
15:02:20.387,4.561772,15:02:20.387,78.142206,15:02:20.387,0.001982
15:02:20.388,4.51112,15:02:20.388,78.378582,15:02:20.388,0.002311
15:02:20.389,4.51112,15:02:20.389,78.24351,15:02:20.389,0.002311
15:02:20.390,4.528004,15:02:20.390,78.125322,15:02:20.390,0.002311
15:02:20.391,4.477352,15:02:20.391,78.108438,15:02:20.391,0.00264
15:02:20.392,4.477352,15:02:20.392,78.142206,15:02:20.392,0.002969
15:02:20.393,4.477352,15:02:20.393,78.125322,15:02:20.393,0.00264
15:02:20.394,4.477352,15:02:20.394,77.956482,15:02:20.394,0.003626
15:02:20.395,4.392932,15:02:20.395,77.973366,15:02:20.395,0.001982
15:02:20.396,4.460468,15:02:20.396,78.007134,15:02:20.396,0.002969
15:02:20.397,4.443584,15:02:20.397,77.99025,15:02:20.397,0.002969
15:02:20.398,4.477352,15:02:20.398,77.90583,15:02:20.398,0.001653
15:02:20.399,4.443584,15:02:20.399,77.855178,15:02:20.399,0.003297
15:02:20.400,4.392932,15:02:20.400,77.99025,15:02:20.400,0.004284
15:02:20.401,4.4267,15:02:20.401,77.939598,15:02:20.401,0.001982
15:02:20.402,4.443584,15:02:20.402,77.888946,15:02:20.402,0.00264
15:02:20.403,4.4267,15:02:20.403,77.787642,15:02:20.403,0.001325
15:02:20.404,4.460468,15:02:20.404,78.057786,15:02:20.404,0.002311
15:02:20.405,4.477352,15:02:20.405,78.108438,15:02:20.405,0.00264
15:02:20.406,4.460468,15:02:20.406,77.753874,15:02:20.406,0.001982
15:02:20.407,4.51112,15:02:20.407,77.703222,15:02:20.407,0.00264
15:02:20.408,4.51112,15:02:20.408,77.787642,15:02:20.408,0.000667
15:02:20.409,4.528004,15:02:20.409,77.82141,15:02:20.409,0.003297
15:02:20.410,4.477352,15:02:20.410,77.686338,15:02:20.410,0.001653
15:02:20.411,4.477352,15:02:20.411,77.568151,15:02:20.411,0.002969
15:02:20.412,4.4267,15:02:20.412,77.720106,15:02:20.412,0.004612
15:02:20.413,4.376048,15:02:20.413,77.753874,15:02:20.413,0.004941
15:02:20.414,4.4267,15:02:20.414,77.483731,15:02:20.414,0.00264
15:02:20.415,4.359164,15:02:20.415,77.416195,15:02:20.415,0.001982
15:02:20.416,4.308512,15:02:20.416,77.483731,15:02:20.416,0.003955
15:02:20.417,4.308512,15:02:20.417,77.601919,15:02:20.417,0.00264
15:02:20.418,4.291628,15:02:20.418,77.382427,15:02:20.418,0.003626
15:02:20.419,4.308512,15:02:20.419,77.365543,15:02:20.419,0.003955
15:02:20.420,4.291628,15:02:20.420,77.517499,15:02:20.420,0.00264
15:02:20.421,4.34228,15:02:20.421,77.618803,15:02:20.421,0.003955
15:02:20.422,4.274744,15:02:20.422,77.399311,15:02:20.422,0.001653
15:02:20.423,4.308512,15:02:20.423,77.416195,15:02:20.423,0.00264
15:02:20.424,4.291628,15:02:20.424,77.433079,15:02:20.424,0.002969
15:02:20.425,4.224092,15:02:20.425,77.517499,15:02:20.425,0.003626
15:02:20.426,4.325396,15:02:20.426,77.213587,15:02:20.426,0.003626
15:02:20.427,4.274744,15:02:20.427,77.314891,15:02:20.427,0.001653
15:02:20.428,4.224092,15:02:20.428,77.314891,15:02:20.428,0.003297
15:02:20.429,4.308512,15:02:20.429,77.382427,15:02:20.429,0.003297
15:02:20.430,4.25786,15:02:20.430,77.146051,15:02:20.430,0.002311
15:02:20.431,4.25786,15:02:20.431,77.196703,15:02:20.431,0.003955
15:02:20.432,4.207208,15:02:20.432,77.314891,15:02:20.432,0.003626
15:02:20.433,4.207208,15:02:20.433,77.298007,15:02:20.433,0.002311
15:02:20.434,4.17344,15:02:20.434,77.044747,15:02:20.434,0.003626
15:02:20.435,4.190324,15:02:20.435,76.994095,15:02:20.435,0.003297
15:02:20.436,4.08902,15:02:20.436,77.146051,15:02:20.436,0.002311
15:02:20.437,4.156556,15:02:20.437,77.213587,15:02:20.437,0.001653
15:02:20.438,4.139672,15:02:20.438,76.994095,15:02:20.438,0.00264
15:02:20.439,4.190324,15:02:20.439,76.960327,15:02:20.439,0.001653
15:02:20.440,4.17344,15:02:20.440,77.027863,15:02:20.440,0.003626
15:02:20.441,4.122788,15:02:20.441,77.213587,15:02:20.441,0.002969
15:02:20.442,4.08902,15:02:20.442,76.977211,15:02:20.442,0.003626
15:02:20.443,4.139672,15:02:20.443,76.943443,15:02:20.443,0.002311
15:02:20.444,4.156556,15:02:20.444,76.960327,15:02:20.444,0.003626
15:02:20.445,4.055252,15:02:20.445,77.146051,15:02:20.445,0.00264
15:02:20.446,4.122788,15:02:20.446,76.875907,15:02:20.446,0.002311
15:02:20.447,4.156556,15:02:20.447,76.757719,15:02:20.447,0.003626
15:02:20.448,4.122788,15:02:20.448,76.892791,15:02:20.448,0.002969
15:02:20.449,4.122788,15:02:20.449,76.943443,15:02:20.449,0.003297
15:02:20.450,4.122788,15:02:20.450,76.791487,15:02:20.450,0.003297
15:02:20.451,4.105904,15:02:20.451,76.740835,15:02:20.451,0.003297
15:02:20.452,4.021484,15:02:20.452,76.842139,15:02:20.452,0.002969
15:02:20.453,3.987716,15:02:20.453,76.859023,15:02:20.453,0.002969
15:02:20.454,4.055252,15:02:20.454,76.673299,15:02:20.454,0.003297
15:02:20.455,4.072136,15:02:20.455,76.588879,15:02:20.455,0.002311
15:02:20.456,4.021484,15:02:20.456,76.639531,15:02:20.456,0.002311
15:02:20.457,3.953948,15:02:20.457,76.740835,15:02:20.457,0.003297
15:02:20.458,3.970832,15:02:20.458,76.690183,15:02:20.458,0.003626
15:02:20.459,4.0046,15:02:20.459,76.521343,15:02:20.459,0.003297
15:02:20.460,4.08902,15:02:20.460,76.571995,15:02:20.460,0.003297
15:02:20.461,3.953948,15:02:20.461,76.757719,15:02:20.461,0.001653
15:02:20.462,3.970832,15:02:20.462,76.571995,15:02:20.462,0.002969
15:02:20.463,4.055252,15:02:20.463,76.504459,15:02:20.463,0.003297
15:02:20.464,4.0046,15:02:20.464,76.571995,15:02:20.464,0.003626
15:02:20.465,4.055252,15:02:20.465,76.622647,15:02:20.465,0.002311
15:02:20.466,4.139672,15:02:20.466,76.470692,15:02:20.466,0.001653
15:02:20.467,4.055252,15:02:20.467,76.436924,15:02:20.467,0.002969
15:02:20.468,4.055252,15:02:20.468,76.369388,15:02:20.468,0.003297
15:02:20.469,4.072136,15:02:20.469,76.538227,15:02:20.469,0.003297
15:02:20.470,4.055252,15:02:20.470,76.369388,15:02:20.470,0.002311
15:02:20.471,4.055252,15:02:20.471,76.301852,15:02:20.471,0.003297
15:02:20.472,4.0046,15:02:20.472,76.301852,15:02:20.472,0.003626
15:02:20.473,3.970832,15:02:20.473,76.386272,15:02:20.473,0.003297
15:02:20.474,4.021484,15:02:20.474,76.2512,15:02:20.474,0.002969
15:02:20.475,3.987716,15:02:20.475,76.200548,15:02:20.475,0.001982
15:02:20.476,4.038368,15:02:20.476,76.116128,15:02:20.476,0.002311
15:02:20.477,3.92018,15:02:20.477,76.268084,15:02:20.477,0.00264
15:02:20.478,3.987716,15:02:20.478,76.149896,15:02:20.478,0.002311
15:02:20.479,3.937064,15:02:20.479,76.116128,15:02:20.479,0.00264
15:02:20.480,3.886412,15:02:20.480,76.149896,15:02:20.480,0.003955
15:02:20.481,3.83576,15:02:20.481,76.16678,15:02:20.481,0.001653
15:02:20.482,3.852644,15:02:20.482,76.149896,15:02:20.482,0.00264
15:02:20.483,3.92018,15:02:20.483,75.981056,15:02:20.483,0.003626
15:02:20.484,3.886412,15:02:20.484,76.048592,15:02:20.484,0.00264
15:02:20.485,3.886412,15:02:20.485,76.200548,15:02:20.485,0.002969
15:02:20.486,3.92018,15:02:20.486,76.031708,15:02:20.486,0.002311
15:02:20.487,3.869528,15:02:20.487,75.99794,15:02:20.487,0.00264
15:02:20.488,3.886412,15:02:20.488,75.930404,15:02:20.488,0.003297
15:02:20.489,3.903296,15:02:20.489,76.16678,15:02:20.489,0.001982
15:02:20.490,3.92018,15:02:20.490,76.08236,15:02:20.490,0.003297
15:02:20.491,3.818876,15:02:20.491,75.862868,15:02:20.491,0.00264
15:02:20.492,3.83576,15:02:20.492,75.8291,15:02:20.492,0.003626
15:02:20.493,3.818876,15:02:20.493,75.99794,15:02:20.493,0.002969
15:02:20.494,3.785108,15:02:20.494,75.8291,15:02:20.494,0.001982
15:02:20.495,3.75134,15:02:20.495,75.643376,15:02:20.495,0.002969
15:02:20.496,3.83576,15:02:20.496,75.710912,15:02:20.496,0.002969
15:02:20.497,3.768224,15:02:20.497,75.8291,15:02:20.497,0.00264
15:02:20.498,3.75134,15:02:20.498,75.761564,15:02:20.498,0.001982
15:02:20.499,3.785108,15:02:20.499,75.677144,15:02:20.499,0.001653
15:02:20.500,3.768224,15:02:20.500,75.558956,15:02:20.500,0.003297
15:02:20.501,3.717572,15:02:20.501,75.795332,15:02:20.501,0.00264
15:02:20.502,3.717572,15:02:20.502,75.710912,15:02:20.502,0.001982
15:02:20.503,3.785108,15:02:20.503,75.558956,15:02:20.503,0.001653
15:02:20.504,3.768224,15:02:20.504,75.558956,15:02:20.504,0.003297
15:02:20.505,3.700688,15:02:20.505,75.795332,15:02:20.505,0.00264
15:02:20.506,3.801992,15:02:20.506,75.74468,15:02:20.506,0.002969
15:02:20.507,3.75134,15:02:20.507,75.508304,15:02:20.507,0.001982
15:02:20.508,3.83576,15:02:20.508,75.542072,15:02:20.508,0.002969
15:02:20.509,3.801992,15:02:20.509,75.694028,15:02:20.509,0.002969
15:02:20.510,3.818876,15:02:20.510,75.626492,15:02:20.510,0.002311
15:02:20.511,3.75134,15:02:20.511,75.542072,15:02:20.511,0.00264
15:02:20.512,3.801992,15:02:20.512,75.423884,15:02:20.512,0.003297
15:02:20.513,3.700688,15:02:20.513,75.49142,15:02:20.513,0.003297
15:02:20.514,3.734456,15:02:20.514,75.407,15:02:20.514,0.000996
15:02:20.515,3.683804,15:02:20.515,75.373232,15:02:20.515,0.001982
15:02:20.516,3.734456,15:02:20.516,75.373232,15:02:20.516,0.002311
15:02:20.517,3.734456,15:02:20.517,75.440768,15:02:20.517,0.00264
15:02:20.518,3.717572,15:02:20.518,75.373232,15:02:20.518,0.003626
15:02:20.519,3.700688,15:02:20.519,75.221277,15:02:20.519,0.001982
15:02:20.520,3.683804,15:02:20.520,75.204393,15:02:20.520,0.001982
15:02:20.521,3.683804,15:02:20.521,75.32258,15:02:20.521,0.002969
15:02:20.522,3.650036,15:02:20.522,75.204393,15:02:20.522,0.003626
15:02:20.523,3.650036,15:02:20.523,75.103089,15:02:20.523,0.002969
15:02:20.524,3.633152,15:02:20.524,75.136857,15:02:20.524,0.003626
15:02:20.525,3.633152,15:02:20.525,75.288812,15:02:20.525,0.002969
15:02:20.526,3.717572,15:02:20.526,75.32258,15:02:20.526,0.001982
15:02:20.527,3.650036,15:02:20.527,75.103089,15:02:20.527,0.002969
15:02:20.528,3.717572,15:02:20.528,75.136857,15:02:20.528,0.002311
15:02:20.529,3.683804,15:02:20.529,75.153741,15:02:20.529,0.002311
15:02:20.530,3.633152,15:02:20.530,75.170625,15:02:20.530,0.00264
15:02:20.531,3.700688,15:02:20.531,74.951133,15:02:20.531,0.001325
15:02:20.532,3.66692,15:02:20.532,75.001785,15:02:20.532,0.00264
15:02:20.533,3.49808,15:02:20.533,75.086205,15:02:20.533,0.002969
15:02:20.534,3.650036,15:02:20.534,75.052437,15:02:20.534,0.002311
15:02:20.535,3.548732,15:02:20.535,74.883597,15:02:20.535,0.00264
15:02:20.536,3.599384,15:02:20.536,74.917365,15:02:20.536,0.004284
15:02:20.537,3.565616,15:02:20.537,75.035553,15:02:20.537,0.004284
15:02:20.538,3.548732,15:02:20.538,74.917365,15:02:20.538,0.002969
15:02:20.539,3.599384,15:02:20.539,74.799177,15:02:20.539,0.002969
15:02:20.540,3.531848,15:02:20.540,74.748525,15:02:20.540,0.002969
15:02:20.541,3.531848,15:02:20.541,74.849829,15:02:20.541,0.00264
15:02:20.542,3.49808,15:02:20.542,74.917365,15:02:20.542,0.002311
15:02:20.543,3.514964,15:02:20.543,74.731641,15:02:20.543,0.002311
15:02:20.544,3.531848,15:02:20.544,74.680989,15:02:20.544,0.003626
15:02:20.545,3.548732,15:02:20.545,74.832945,15:02:20.545,0.003955
15:02:20.546,3.548732,15:02:20.546,74.832945,15:02:20.546,0.001982
15:02:20.547,3.599384,15:02:20.547,74.647221,15:02:20.547,0.00264
15:02:20.548,3.565616,15:02:20.548,74.664105,15:02:20.548,0.002311
15:02:20.549,3.565616,15:02:20.549,74.782293,15:02:20.549,0.002969
15:02:20.550,3.514964,15:02:20.550,74.883597,15:02:20.550,0.003297
15:02:20.551,3.531848,15:02:20.551,74.714757,15:02:20.551,0.003297
15:02:20.552,3.548732,15:02:20.552,74.495265,15:02:20.552,0.003297
15:02:20.553,3.481196,15:02:20.553,74.697873,15:02:20.553,0.001982
15:02:20.554,3.49808,15:02:20.554,74.765409,15:02:20.554,0.002311
15:02:20.555,3.481196,15:02:20.555,74.461497,15:02:20.555,0.003626
15:02:20.556,3.464312,15:02:20.556,74.478381,15:02:20.556,0.002969
15:02:20.557,3.430544,15:02:20.557,74.478381,15:02:20.557,0.003297
15:02:20.558,3.464312,15:02:20.558,74.596569,15:02:20.558,0.002311
15:02:20.559,3.49808,15:02:20.559,74.427729,15:02:20.559,0.001982
15:02:20.560,3.481196,15:02:20.560,74.258889,15:02:20.560,0.002311
15:02:20.561,3.430544,15:02:20.561,74.410845,15:02:20.561,0.00264
15:02:20.562,3.379892,15:02:20.562,74.512149,15:02:20.562,0.002311
15:02:20.563,3.464312,15:02:20.563,74.326425,15:02:20.563,0.00264
15:02:20.564,3.447428,15:02:20.564,74.292657,15:02:20.564,0.003626
15:02:20.565,3.481196,15:02:20.565,74.377077,15:02:20.565,0.002311
15:02:20.566,3.447428,15:02:20.566,74.478381,15:02:20.566,0.002969
15:02:20.567,3.481196,15:02:20.567,74.326425,15:02:20.567,0.003626
15:02:20.568,3.464312,15:02:20.568,74.242005,15:02:20.568,0.003626
15:02:20.569,3.49808,15:02:20.569,74.309541,15:02:20.569,0.003955
15:02:20.570,3.430544,15:02:20.570,74.377077,15:02:20.570,0.002969
15:02:20.571,3.447428,15:02:20.571,74.258889,15:02:20.571,0.001982
15:02:20.572,3.447428,15:02:20.572,74.140701,15:02:20.572,0.003297
15:02:20.573,3.32924,15:02:20.573,74.140701,15:02:20.573,0.002969
15:02:20.574,3.396776,15:02:20.574,74.275773,15:02:20.574,0.002311
15:02:20.575,3.363008,15:02:20.575,74.00563,15:02:20.575,0.002311
15:02:20.576,3.346124,15:02:20.576,73.938094,15:02:20.576,0.002969
15:02:20.577,3.379892,15:02:20.577,74.090049,15:02:20.577,0.002969
15:02:20.578,3.278588,15:02:20.578,74.242005,15:02:20.578,0.002311
15:02:20.579,3.396776,15:02:20.579,73.954978,15:02:20.579,0.002969
15:02:20.580,3.312356,15:02:20.580,73.954978,15:02:20.580,0.002969
15:02:20.581,3.32924,15:02:20.581,73.938094,15:02:20.581,0.001325
15:02:20.582,3.312356,15:02:20.582,74.073165,15:02:20.582,0.002969
15:02:20.583,3.32924,15:02:20.583,73.904326,15:02:20.583,0.002969
15:02:20.584,3.295472,15:02:20.584,73.904326,15:02:20.584,0.00264
15:02:20.585,3.363008,15:02:20.585,73.988746,15:02:20.585,0.002969
15:02:20.586,3.295472,15:02:20.586,74.090049,15:02:20.586,0.003955
15:02:20.587,3.312356,15:02:20.587,73.938094,15:02:20.587,0.249568
15:02:20.588,3.379892,15:02:20.588,73.904326,15:02:20.588,5.431755
15:02:20.589,3.430544,15:02:20.589,73.938094,15:02:20.589,8.255458
15:02:20.590,3.346124,15:02:20.590,73.954978,15:02:20.590,8.520138
15:02:20.591,3.379892,15:02:20.591,73.870558,15:02:20.591,8.53855
15:02:20.592,3.447428,15:02:20.592,73.870558,15:02:20.592,8.575704
15:02:20.593,3.346124,15:02:20.593,73.735486,15:02:20.593,8.618776
15:02:20.594,3.24482,15:02:20.594,73.803022,15:02:20.594,8.70788
15:02:20.595,3.109748,15:02:20.595,73.701718,15:02:20.595,8.722018
15:02:20.596,3.092864,15:02:20.596,73.465342,15:02:20.596,8.7378
15:02:20.597,3.07598,15:02:20.597,73.532878,15:02:20.597,8.732539
15:02:20.598,3.126632,15:02:20.598,73.651066,15:02:20.598,8.699002
15:02:20.599,3.531848,15:02:20.599,73.465342,15:02:20.599,8.653629
15:02:20.600,4.105904,15:02:20.600,73.549762,15:02:20.600,8.679275
15:02:20.601,5.085176,15:02:20.601,73.448458,15:02:20.601,8.760158
15:02:20.602,6.976183,15:02:20.602,73.634182,15:02:20.602,8.77068
15:02:20.603,10.21791,15:02:20.603,73.549762,15:02:20.603,8.775612
15:02:20.604,16.009121,15:02:20.604,73.515994,15:02:20.604,8.74602
15:02:20.605,23.809526,15:02:20.605,73.617298,15:02:20.605,8.701961
15:02:20.606,32.234639,15:02:20.606,73.735486,15:02:20.606,8.696701
15:02:20.607,41.014315,15:02:20.607,73.617298,15:02:20.607,8.766405
15:02:20.608,50.334278,15:02:20.608,73.566646,15:02:20.608,8.782516
15:02:20.609,60.008804,15:02:20.609,73.482226,15:02:20.609,8.789421
15:02:20.610,69.700213,15:02:20.610,73.532878,15:02:20.610,8.785475
15:02:20.611,78.800682,15:02:20.611,73.49911,15:02:20.611,8.713798
15:02:20.612,87.918033,15:02:20.612,73.549762,15:02:20.612,8.703934
15:02:20.613,97.676975,15:02:20.613,73.515994,15:02:20.613,8.769364
15:02:20.614,107.739827,15:02:20.614,73.566646,15:02:20.614,8.79238
15:02:20.615,117.076667,15:02:20.615,73.431574,15:02:20.615,8.811779
15:02:20.616,124.083516,15:02:20.616,73.195198,15:02:20.616,8.739115
15:02:20.617,126.126477,15:02:20.617,73.127662,15:02:20.617,8.723333
15:02:20.618,123.813373,15:02:20.618,73.364038,15:02:20.618,8.768707
15:02:20.619,119.828755,15:02:20.619,73.364038,15:02:20.619,8.774296
15:02:20.620,113.244004,15:02:20.620,73.600414,15:02:20.620,8.788106
15:02:20.621,102.725285,15:02:20.621,73.684834,15:02:20.621,8.79238
15:02:20.622,95.785969,15:02:20.622,73.83679,15:02:20.622,8.728923
15:02:20.623,91.261062,15:02:20.623,73.83679,15:02:20.623,8.693413
15:02:20.624,81.670959,15:02:20.624,73.735486,15:02:20.624,8.726292
15:02:20.625,71.405496,15:02:20.625,73.651066,15:02:20.625,8.777913
15:02:20.626,64.263569,15:02:20.626,73.853674,15:02:20.626,8.788106
15:02:20.627,58.286637,15:02:20.627,73.803022,15:02:20.627,8.743718
15:02:20.628,54.724115,15:02:20.628,73.769254,15:02:20.628,8.71051
15:02:20.629,54.386435,15:02:20.629,73.75237,15:02:20.629,8.76246
15:02:20.630,58.387941,15:02:20.630,73.938094,15:02:20.630,8.782516
15:02:20.631,66.627327,15:02:20.631,73.938094,15:02:20.631,8.788763
15:02:20.632,76.436924,15:02:20.632,73.954978,15:02:20.632,8.796654
15:02:20.633,86.398475,15:02:20.633,74.106933,15:02:20.633,8.747993
15:02:20.634,96.528864,15:02:20.634,74.461497,15:02:20.634,8.721032
15:02:20.635,104.464335,15:02:20.635,74.731641,15:02:20.635,8.733855
15:02:20.636,108.313882,15:02:20.636,74.765409,15:02:20.636,8.795668
15:02:20.637,108.955473,15:02:20.637,74.849829,15:02:20.637,8.792051
15:02:20.638,107.435915,15:02:20.638,75.170625,15:02:20.638,8.775283
15:02:20.639,103.940932,15:02:20.639,75.440768,15:02:20.639,8.731553
15:02:20.640,99.922544,15:02:20.640,75.457652,15:02:20.640,8.69703
15:02:20.641,97.778279,15:02:20.641,75.542072,15:02:20.641,8.69703
15:02:20.642,98.943273,15:02:20.642,75.845984,15:02:20.642,8.741088
15:02:20.643,101.425219,15:02:20.643,75.930404,15:02:20.643,8.742074
15:02:20.644,103.687672,15:02:20.644,75.896636,15:02:20.644,8.752267
15:02:20.645,106.017661,15:02:20.645,75.845984,15:02:20.645,8.75424
15:02:20.646,110.33996,15:02:20.646,76.149896,15:02:20.646,8.694399
15:02:20.647,111.775098,15:02:20.647,76.369388,15:02:20.647,8.669411
15:02:20.648,110.238656,15:02:20.648,76.504459,15:02:20.648,8.68322
15:02:20.649,108.837286,15:02:20.649,76.707067,15:02:20.649,8.77594
15:02:20.650,106.963164,15:02:20.650,77.129167,15:02:20.650,8.77594
15:02:20.651,105.477374,15:02:20.651,77.433079,15:02:20.651,8.755555
15:02:20.652,105.713749,15:02:20.652,77.466847,15:02:20.652,8.736485
15:02:20.653,108.077507,15:02:20.653,77.770758,15:02:20.653,8.686179
15:02:20.654,111.48807,15:02:20.654,78.32793,15:02:20.654,8.652971
15:02:20.655,115.084357,15:02:20.655,78.885101,15:02:20.655,8.636202
15:02:20.656,119.322235,15:02:20.656,79.205897,15:02:20.656,8.703934
15:02:20.657,123.138014,15:02:20.657,79.948793,15:02:20.657,8.715442
15:02:20.658,125.856334,15:02:20.658,80.944948,15:02:20.658,8.710839
15:02:20.659,126.025173,15:02:20.659,82.042407,15:02:20.659,8.704921
15:02:20.660,125.67061,15:02:20.660,83.663269,15:02:20.660,8.703605
15:02:20.661,124.235472,15:02:20.661,86.195867,15:02:20.661,8.698345
15:02:20.662,122.226279,15:02:20.662,87.597237,15:02:20.662,8.632257
15:02:20.663,119.930059,15:02:20.663,88.019337,15:02:20.663,8.610885
15:02:20.664,116.924711,15:02:20.664,87.918033,15:02:20.664,8.63686
15:02:20.665,115.101241,15:02:20.665,88.188177,15:02:20.665,8.723991
15:02:20.666,116.097396,15:02:20.666,88.694696,15:02:20.666,8.731224
15:02:20.667,118.798832,15:02:20.667,88.812884,15:02:20.667,8.730238
15:02:20.668,123.053594,15:02:20.668,88.644044,15:02:20.668,8.731553
15:02:20.669,126.143361,15:02:20.669,88.593392,15:02:20.669,8.733855
15:02:20.670,128.895449,15:02:20.670,88.644044,15:02:20.670,8.66678
15:02:20.671,130.212399,15:02:20.671,88.981724,15:02:20.671,8.644751
15:02:20.672,129.570808,15:02:20.672,88.914188,15:02:20.672,8.642121
15:02:20.673,127.375891,15:02:20.673,90.079183,15:02:20.673,8.724977
15:02:20.674,122.496423,15:02:20.674,91.885769,15:02:20.674,8.738787
15:02:20.675,118.292313,15:02:20.675,92.442941,15:02:20.675,8.747993
15:02:20.676,114.223275,15:02:20.676,91.801349,15:02:20.676,8.747335
15:02:20.677,109.664601,15:02:20.677,92.054609,15:02:20.677,8.753253
15:02:20.678,106.152733,15:02:20.678,92.594896,15:02:20.678,8.702948
15:02:20.679,103.248688,15:02:20.679,92.966344,15:02:20.679,8.657574
15:02:20.680,101.340799,15:02:20.680,92.409173,15:02:20.680,8.66152
15:02:20.681,100.631672,15:02:20.681,92.392289,15:02:20.681,8.734512
15:02:20.682,101.526522,15:02:20.682,93.152068,15:02:20.682,8.747335
15:02:20.683,104.160423,15:02:20.683,93.827427,15:02:20.683,2.435092
15:02:20.684,107.908667,15:02:20.684,93.692355,15:02:20.684,2.062892
15:02:20.685,112.349153,15:02:20.685,93.624819,15:02:20.685,1.590737
15:02:20.686,117.026015,15:02:20.686,94.030035,15:02:20.686,1.243526
15:02:20.687,121.128821,15:02:20.687,95.076842,15:02:20.687,0.968322
15:02:20.688,123.644533,15:02:20.688,96.478212,15:02:20.688,0.74145
15:02:20.689,124.201704,15:02:20.689,97.187339,15:02:20.689,0.556994
15:02:20.690,123.104246,15:02:20.690,97.795163,15:02:20.690,0.368593
15:02:20.691,119.896291,15:02:20.691,97.997771,15:02:20.691,0.195645
15:02:20.692,116.148048,15:02:20.692,97.643207,15:02:20.692,0.041767
15:02:20.693,113.22712,15:02:20.693,97.541903,15:02:20.693,-0.00558
15:02:20.694,108.76975,15:02:20.694,97.322411,15:02:20.694,0.017436
15:02:20.695,104.599407,15:02:20.695,98.132842,15:02:20.695,0.010202
15:02:20.696,99.635517,15:02:20.696,98.554942,15:02:20.696,0.004941
15:02:20.697,95.431405,15:02:20.697,98.943273,15:02:20.697,0.004612
15:02:20.698,93.675471,15:02:20.698,98.67313,15:02:20.698,0.00264
15:02:20.699,93.101416,15:02:20.699,98.50429,15:02:20.699,0.002969
15:02:20.700,91.29483,15:02:20.700,98.369218,15:02:20.700,0.003626
15:02:20.701,89.927227,15:02:20.701,99.027693,15:02:20.701,0.003626
15:02:20.702,87.563469,15:02:20.702,99.669285,15:02:20.702,0.001982
15:02:20.703,85.199712,15:02:20.703,100.884931,15:02:20.703,0.003626
15:02:20.704,82.582694,15:02:20.704,102.472025,15:02:20.704,0.002311
15:02:20.705,80.607268,15:02:20.705,103.265572,15:02:20.705,0.004284
15:02:20.706,77.078515,15:02:20.706,103.096733,15:02:20.706,0.002311
15:02:20.707,73.33027,15:02:20.707,102.23565,15:02:20.707,0.003626
15:02:20.708,70.730136,15:02:20.708,101.340799,15:02:20.708,0.00527
15:02:20.709,69.058621,15:02:20.709,101.155075,15:02:20.709,0.003955
15:02:20.710,67.454643,15:02:20.710,101.188843,15:02:20.710,0.002311
15:02:20.711,65.766244,15:02:20.711,101.577174,15:02:20.711,0.002311
15:02:20.712,63.942773,15:02:20.712,101.56029,15:02:20.712,0.003297
15:02:20.713,63.942773,15:02:20.713,101.458987,15:02:20.713,0.003626
15:02:20.714,64.499945,15:02:20.714,101.64471,15:02:20.714,0.003297
15:02:20.715,64.533713,15:02:20.715,102.387605,15:02:20.715,0.00264
15:02:20.716,64.077845,15:02:20.716,102.623981,15:02:20.716,0.002311
15:02:20.717,63.233646,15:02:20.717,102.759053,15:02:20.717,0.003626
15:02:20.718,62.32191,15:02:20.718,103.248688,15:02:20.718,0.002969
15:02:20.719,61.308871,15:02:20.719,104.076003,15:02:20.719,0.003955
15:02:20.720,59.451632,15:02:20.720,104.413683,15:02:20.720,0.004612
15:02:20.721,57.543741,15:02:20.721,104.700711,15:02:20.721,0.001653
15:02:20.722,55.095563,15:02:20.722,104.650059,15:02:20.722,0.003626
15:02:20.723,53.373396,15:02:20.723,104.396799,15:02:20.723,0.002311
15:02:20.724,51.786301,15:02:20.724,103.400644,15:02:20.724,0.001653
15:02:20.725,50.064134,15:02:20.725,102.404489,15:02:20.725,0.002311
15:02:20.726,48.071823,15:02:20.726,101.746014,15:02:20.726,0.003297
15:02:20.727,46.434076,15:02:20.727,101.543406,15:02:20.727,0.002969
15:02:20.728,45.049589,15:02:20.728,101.374567,15:02:20.728,0.003626
15:02:20.729,43.850825,15:02:20.729,101.56029,15:02:20.729,0.00264
15:02:20.730,42.804018,15:02:20.730,101.796666,15:02:20.730,0.003297
15:02:20.731,42.280614,15:02:20.731,102.117462,15:02:20.731,0.004284
15:02:20.732,42.01047,15:02:20.732,102.23565,15:02:20.732,0.00264
15:02:20.733,41.909166,15:02:20.733,102.303186,15:02:20.733,0.001653
15:02:20.734,42.111774,15:02:20.734,102.387605,15:02:20.734,0.002311
15:02:20.735,42.381918,15:02:20.735,102.674633,15:02:20.735,0.003297
15:02:20.736,42.584526,15:02:20.736,102.894125,15:02:20.736,0.003955
15:02:20.737,42.584526,15:02:20.737,103.181153,15:02:20.737,0.003626
15:02:20.738,42.213078,15:02:20.738,103.653904,15:02:20.738,0.002969
15:02:20.739,42.398802,15:02:20.739,104.092887,15:02:20.739,0.001325
15:02:20.740,42.246846,15:02:20.740,103.873396,15:02:20.740,0.003297
15:02:20.741,41.84163,15:02:20.741,103.501948,15:02:20.741,0.002969
15:02:20.742,41.470183,15:02:20.742,103.181153,15:02:20.742,0.003626
15:02:20.743,40.913011,15:02:20.743,103.062965,15:02:20.743,0.003955
15:02:20.744,40.322071,15:02:20.744,102.640865,15:02:20.744,0.001982
15:02:20.745,39.629827,15:02:20.745,102.201882,15:02:20.745,0.00264
15:02:20.746,38.886932,15:02:20.746,102.033042,15:02:20.746,0.002969
15:02:20.747,38.566136,15:02:20.747,101.965506,15:02:20.747,0.002969
15:02:20.748,38.481716,15:02:20.748,101.594058,15:02:20.748,0.004941
15:02:20.749,38.481716,15:02:20.749,101.087539,15:02:20.749,0.002311
15:02:20.750,38.75186,15:02:20.750,100.699207,15:02:20.750,0.00264
15:02:20.751,38.870048,15:02:20.751,100.378412,15:02:20.751,0.003297
15:02:20.752,37.789472,15:02:20.752,99.956312,15:02:20.752,0.003297
15:02:20.753,33.771082,15:02:20.753,99.669285,15:02:20.753,0.003297
15:02:20.754,27.777265,15:02:20.754,99.787472,15:02:20.754,0.00264
15:02:20.755,22.408155,15:02:20.755,100.142036,15:02:20.755,0.002969
15:02:20.756,17.427376,15:02:20.756,100.24334,15:02:20.756,0.002311
15:02:20.757,11.855658,15:02:20.757,100.260224,15:02:20.757,0.003297
15:02:20.758,6.385244,15:02:20.758,100.293992,15:02:20.758,0.001982
15:02:20.759,1.421349,15:02:20.759,100.462832,15:02:20.759,0.002311
15:02:20.760,-1.989218,15:02:20.760,100.293992,15:02:20.760,0.002311
15:02:20.761,-3.069794,15:02:20.761,99.90566,15:02:20.761,0.002311
15:02:20.762,-3.272402,15:02:20.762,99.855008,15:02:20.762,0.00264
15:02:20.763,-3.323054,15:02:20.763,100.057616,15:02:20.763,0.002969
15:02:20.764,-3.356822,15:02:20.764,99.804356,15:02:20.764,0.002311
15:02:20.765,-3.356822,15:02:20.765,99.348489,15:02:20.765,0.000996
15:02:20.766,-3.323054,15:02:20.766,98.892622,15:02:20.766,0.003626
15:02:20.767,-3.289286,15:02:20.767,98.605594,15:02:20.767,0.003626
15:02:20.768,-3.171098,15:02:20.768,98.099074,15:02:20.768,0.003626
15:02:20.769,-2.732114,15:02:20.769,97.592555,15:02:20.769,0.002969
15:02:20.770,-1.229439,15:02:20.770,97.204223,15:02:20.770,0.004284
15:02:20.771,1.370697,15:02:20.771,97.204223,15:02:20.771,0.002969
15:02:20.772,4.59554,15:02:20.772,97.10292,15:02:20.772,0.001653
15:02:20.773,8.107411,15:02:20.773,96.815892,15:02:20.773,0.002311
15:02:20.774,11.771238,15:02:20.774,96.5964,15:02:20.774,0.003297
15:02:20.775,15.333761,15:02:20.775,96.5964,15:02:20.775,0.003626
15:02:20.776,18.79498,15:02:20.776,96.579516,15:02:20.776,0.003626
15:02:20.777,21.850983,15:02:20.777,96.072997,15:02:20.777,0.002969
15:02:20.778,24.366698,15:02:20.778,95.887273,15:02:20.778,0.002969
15:02:20.779,26.342125,15:02:20.779,95.870389,15:02:20.779,0.003297
15:02:20.780,27.659077,15:02:20.780,95.836621,15:02:20.780,0.001982
15:02:20.781,28.2669,15:02:20.781,95.482057,15:02:20.781,0.003626
15:02:20.782,28.317552,15:02:20.782,95.397637,15:02:20.782,0.002969
15:02:20.783,27.844801,15:02:20.783,95.380753,15:02:20.783,0.00264
15:02:20.784,26.814877,15:02:20.784,95.363869,15:02:20.784,0.00264
15:02:20.785,25.295318,15:02:20.785,95.059958,15:02:20.785,0.00264
15:02:20.786,23.522498,15:02:20.786,94.94177,15:02:20.786,0.004941
15:02:20.787,21.631491,15:02:20.787,95.059958,15:02:20.787,0.002969
15:02:20.788,19.436572,15:02:20.788,95.009306,15:02:20.788,0.001982
15:02:20.789,17.02216,15:02:20.789,94.739162,15:02:20.789,0.001653
15:02:20.790,14.658401,15:02:20.790,94.722278,15:02:20.790,0.001653
15:02:20.791,12.24399,15:02:20.791,94.671626,15:02:20.791,0.001325
15:02:20.792,10.049071,15:02:20.792,94.553438,15:02:20.792,0.002311
15:02:20.793,7.921687,15:02:20.793,94.080687,15:02:20.793,0.00264
15:02:20.794,5.963144,15:02:20.794,93.759891,15:02:20.794,0.001325
15:02:20.795,4.207208,15:02:20.795,93.607935,15:02:20.795,0.001982
15:02:20.796,2.788952,15:02:20.796,93.489747,15:02:20.796,0.003297
15:02:20.797,1.843449,15:02:20.797,93.084532,15:02:20.797,0.003297
15:02:20.798,1.286277,15:02:20.798,92.94946,15:02:20.798,0.001653
15:02:20.799,1.083669,15:02:20.799,93.050764,15:02:20.799,0.002969
15:02:20.800,1.387581,15:02:20.800,92.966344,15:02:20.800,0.003297
15:02:20.801,2.029173,15:02:20.801,92.797504,15:02:20.801,0.002969
15:02:20.802,3.1604,15:02:20.802,92.679316,15:02:20.802,0.001325
15:02:20.803,4.51112,15:02:20.803,92.814388,15:02:20.803,0.002311
15:02:20.804,6.081332,15:02:20.804,92.932576,15:02:20.804,0.004284
15:02:20.805,7.887919,15:02:20.805,92.797504,15:02:20.805,0.00264
15:02:20.806,9.745159,15:02:20.806,92.78062,15:02:20.806,0.001653
15:02:20.807,11.703702,15:02:20.807,92.898808,15:02:20.807,0.00264
15:02:20.808,13.662245,15:02:20.808,92.86504,15:02:20.808,0.00264
15:02:20.809,15.688325,15:02:20.809,92.6962,15:02:20.809,0.004284
15:02:20.810,17.680636,15:02:20.810,92.561128,15:02:20.810,0.003297
15:02:20.811,19.63918,15:02:20.811,92.493592,15:02:20.811,0.003297
15:02:20.812,21.260043,15:02:20.812,92.442941,15:02:20.812,0.001325
15:02:20.813,21.918519,15:02:20.813,92.037725,15:02:20.813,0.002969
15:02:20.814,22.289967,15:02:20.814,92.020841,15:02:20.814,0.001325
15:02:20.815,23.032862,15:02:20.815,91.818233,15:02:20.815,0.00264
15:02:20.816,23.65757,15:02:20.816,92.037725,15:02:20.816,0.002969
15:02:20.817,22.880906,15:02:20.817,91.632509,15:02:20.817,0.002311
15:02:20.818,21.732795,15:02:20.818,91.615625,15:02:20.818,0.003626
15:02:20.819,20.939247,15:02:20.819,91.700045,15:02:20.819,0.00264
15:02:20.820,19.757368,15:02:20.820,91.885769,15:02:20.820,0.001982
15:02:20.821,18.761212,15:02:20.821,91.716929,15:02:20.821,0.00264
15:02:20.822,18.052084,15:02:20.822,91.649393,15:02:20.822,0.001982
15:02:20.823,16.718249,15:02:20.823,91.835117,15:02:20.823,0.001982
15:02:20.824,15.384413,15:02:20.824,92.274101,15:02:20.824,0.002969
15:02:20.825,14.151881,15:02:20.825,92.274101,15:02:20.825,0.003955
15:02:20.826,12.75051,15:02:20.826,92.290985,15:02:20.826,0.003626
15:02:20.827,11.028342,15:02:20.827,92.628664,15:02:20.827,0.003297
15:02:20.828,9.069799,15:02:20.828,93.000112,15:02:20.828,0.001653
15:02:20.829,7.854151,15:02:20.829,92.86504,15:02:20.829,0.003955
15:02:20.830,7.685311,15:02:20.830,92.915692,15:02:20.830,0.002969
15:02:20.831,7.550239,15:02:20.831,92.898808,15:02:20.831,0.003626
15:02:20.832,7.128139,15:02:20.832,93.101416,15:02:20.832,0.002311
15:02:20.833,7.212559,15:02:20.833,92.915692,15:02:20.833,0.003297
15:02:20.834,7.567123,15:02:20.834,92.729968,15:02:20.834,0.002311
15:02:20.835,7.938571,15:02:20.835,92.662432,15:02:20.835,0.002969
15:02:20.836,8.529511,15:02:20.836,92.746852,15:02:20.836,0.001325
15:02:20.837,9.339943,15:02:20.837,92.409173,15:02:20.837,0.002311
15:02:20.838,10.319214,15:02:20.838,92.274101,15:02:20.838,0.002969
15:02:20.839,11.433558,15:02:20.839,92.122145,15:02:20.839,0.00264
15:02:20.840,12.818046,15:02:20.840,92.290985,15:02:20.840,0.002969
15:02:20.841,14.185649,15:02:20.841,92.122145,15:02:20.841,0.00264
15:02:20.842,15.249341,15:02:20.842,92.240333,15:02:20.842,0.002311
15:02:20.843,15.992237,15:02:20.843,92.257217,15:02:20.843,0.004284
15:02:20.844,16.920856,15:02:20.844,92.6962,15:02:20.844,0.00264
15:02:20.845,17.748172,15:02:20.845,92.881924,15:02:20.845,0.003297
15:02:20.846,18.102736,15:02:20.846,92.966344,15:02:20.846,0.002969
15:02:20.847,18.423532,15:02:20.847,93.20272,15:02:20.847,0.001325
15:02:20.848,18.828748,15:02:20.848,93.675471,15:02:20.848,0.002969
15:02:20.849,18.96382,15:02:20.849,93.624819,15:02:20.849,0.001982
15:02:20.850,18.913168,15:02:20.850,93.591051,15:02:20.850,0.003297
15:02:20.851,18.659908,15:02:20.851,93.793659,15:02:20.851,0.00264
15:02:20.852,18.102736,15:02:20.852,93.861195,15:02:20.852,0.002311
15:02:20.853,17.207884,15:02:20.853,93.523515,15:02:20.853,0.003297
15:02:20.854,16.397453,15:02:20.854,93.236488,15:02:20.854,0.003297
15:02:20.855,15.637673,15:02:20.855,93.084532,15:02:20.855,0.003297
15:02:20.856,14.810357,15:02:20.856,93.236488,15:02:20.856,0.001653
15:02:20.857,13.983041,15:02:20.857,92.915692,15:02:20.857,0.00264
15:02:20.858,13.054422,15:02:20.858,92.713084,15:02:20.858,0.001982
15:02:20.859,12.15957,15:02:20.859,92.459824,15:02:20.859,0.001653
15:02:20.860,11.028342,15:02:20.860,92.713084,15:02:20.860,0.003955
15:02:20.861,10.015303,15:02:20.861,92.746852,15:02:20.861,0.001982
15:02:20.862,9.171103,15:02:20.862,92.713084,15:02:20.862,0.003955
15:02:20.863,8.664583,15:02:20.863,92.915692,15:02:20.863,0.001325
15:02:20.864,8.360671,15:02:20.864,93.28714,15:02:20.864,0.004612
15:02:20.865,8.293135,15:02:20.865,93.422211,15:02:20.865,0.00264
15:02:20.866,8.411323,15:02:20.866,93.624819,15:02:20.866,0.004284
15:02:20.867,8.529511,15:02:20.867,93.810543,15:02:20.867,0.001982
15:02:20.868,8.816539,15:02:20.868,94.148223,15:02:20.868,0.00264
15:02:20.869,9.171103,15:02:20.869,94.198875,15:02:20.869,0.002969
15:02:20.870,9.660739,15:02:20.870,93.996267,15:02:20.870,0.003955
15:02:20.871,10.184142,15:02:20.871,94.249527,15:02:20.871,0.003297
15:02:20.872,10.994574,15:02:20.872,94.283295,15:02:20.872,0.002311
15:02:20.873,11.788122,15:02:20.873,94.198875,15:02:20.873,0.000996
15:02:20.874,12.649206,15:02:20.874,93.928731,15:02:20.874,0.003297
15:02:20.875,13.307682,15:02:20.875,93.878079,15:02:20.875,0.00264
15:02:20.876,13.983041,15:02:20.876,93.878079,15:02:20.876,0.003297
15:02:20.877,14.506445,15:02:20.877,93.675471,15:02:20.877,0.00264
15:02:20.878,14.894777,15:02:20.878,93.337792,15:02:20.878,0.001982
15:02:20.879,15.333761,15:02:20.879,93.185836,15:02:20.879,0.002969
15:02:20.880,15.620789,15:02:20.880,93.28714,15:02:20.880,0.001653
15:02:20.881,15.840281,15:02:20.881,93.152068,15:02:20.881,0.00264
15:02:20.882,16.026005,15:02:20.882,92.983228,15:02:20.882,0.00264
15:02:20.883,16.093541,15:02:20.883,92.814388,15:02:20.883,0.003297
15:02:20.884,16.144193,15:02:20.884,93.084532,15:02:20.884,0.003955
15:02:20.885,15.975353,15:02:20.885,93.1183,15:02:20.885,0.002969
15:02:20.886,15.620789,15:02:20.886,92.915692,15:02:20.886,0.00264
15:02:20.887,15.232457,15:02:20.887,92.86504,15:02:20.887,0.001653
15:02:20.888,14.810357,15:02:20.888,93.067648,15:02:20.888,0.003297
15:02:20.889,14.134997,15:02:20.889,93.185836,15:02:20.889,0.002969
15:02:20.890,13.611593,15:02:20.890,93.168952,15:02:20.890,0.001982
15:02:20.891,13.020654,15:02:20.891,93.084532,15:02:20.891,0.002969
15:02:20.892,12.345294,15:02:20.892,93.219604,15:02:20.892,0.001982
15:02:20.893,11.686818,15:02:20.893,93.253372,15:02:20.893,0.003626
15:02:20.894,11.247834,15:02:20.894,93.000112,15:02:20.894,0.002311
15:02:20.895,10.72443,15:02:20.895,92.966344,15:02:20.895,0.00527
15:02:20.896,10.336098,15:02:20.896,93.084532,15:02:20.896,0.00264
15:02:20.897,10.065955,15:02:20.897,92.983228,15:02:20.897,0.002969
15:02:20.898,9.897115,15:02:20.898,92.679316,15:02:20.898,0.001325
15:02:20.899,9.846463,15:02:20.899,92.578012,15:02:20.899,0.00264
15:02:20.900,9.913999,15:02:20.900,92.645548,15:02:20.900,0.00264
15:02:20.901,10.032187,15:02:20.901,92.544244,15:02:20.901,0.002969
15:02:20.902,10.268562,15:02:20.902,92.206565,15:02:20.902,0.002311
15:02:20.903,10.55559,15:02:20.903,92.071493,15:02:20.903,0.00264
15:02:20.904,10.927038,15:02:20.904,92.105261,15:02:20.904,0.000996
15:02:20.905,11.332254,15:02:20.905,92.088377,15:02:20.905,0.002969
15:02:20.906,11.669934,15:02:20.906,91.784465,15:02:20.906,0.002969
15:02:20.907,12.041382,15:02:20.907,91.784465,15:02:20.907,0.003626
15:02:20.908,12.41283,15:02:20.908,91.852001,15:02:20.908,0.002311
15:02:20.909,12.75051,15:02:20.909,91.987073,15:02:20.909,0.001325
15:02:20.910,13.054422,15:02:20.910,91.750697,15:02:20.910,0.002969
15:02:20.911,13.493406,15:02:20.911,91.716929,15:02:20.911,0.001982
15:02:20.912,13.780433,15:02:20.912,91.784465,15:02:20.912,0.001982
15:02:20.913,14.151881,15:02:20.913,91.835117,15:02:20.913,0.002311
15:02:20.914,14.320721,15:02:20.914,91.767581,15:02:20.914,0.002969
15:02:20.915,14.438909,15:02:20.915,91.598741,15:02:20.915,0.003955
15:02:20.916,14.540213,15:02:20.916,91.666277,15:02:20.916,0.002311
15:02:20.917,14.540213,15:02:20.917,91.683161,15:02:20.917,0.002969
15:02:20.918,14.438909,15:02:20.918,91.29483,15:02:20.918,0.001325
15:02:20.919,14.337605,15:02:20.919,91.142874,15:02:20.919,0.00264
15:02:20.920,14.168765,15:02:20.920,91.04157,15:02:20.920,0.002969
15:02:20.921,13.932389,15:02:20.921,91.007802,15:02:20.921,0.00264
15:02:20.922,13.662245,15:02:20.922,90.737658,15:02:20.922,0.00264
15:02:20.923,13.358334,15:02:20.923,90.484399,15:02:20.923,0.002311
15:02:20.924,13.071306,15:02:20.924,90.399979,15:02:20.924,0.003626
15:02:20.925,12.784278,15:02:20.925,90.416863,15:02:20.925,0.001325
15:02:20.926,12.463482,15:02:20.926,90.079183,15:02:20.926,0.003955
15:02:20.927,12.227106,15:02:20.927,89.977879,15:02:20.927,0.00264
15:02:20.928,11.973846,15:02:20.928,89.977879,15:02:20.928,0.003297
15:02:20.929,11.82189,15:02:20.929,90.163603,15:02:20.929,0.002311
15:02:20.930,11.686818,15:02:20.930,89.825923,15:02:20.930,0.001653
15:02:20.931,11.585514,15:02:20.931,89.859691,15:02:20.931,0.003955
15:02:20.932,11.416674,15:02:20.932,89.960995,15:02:20.932,0.00264
15:02:20.933,11.48421,15:02:20.933,90.112951,15:02:20.933,0.002311
15:02:20.934,11.467326,15:02:20.934,89.960995,15:02:20.934,0.000996
15:02:20.935,11.534862,15:02:20.935,89.859691,15:02:20.935,0.00264
15:02:20.936,11.73747,15:02:20.936,90.028531,15:02:20.936,0.003955
15:02:20.937,11.82189,15:02:20.937,90.180487,15:02:20.937,0.001982
15:02:20.938,11.940078,15:02:20.938,89.910343,15:02:20.938,0.003626
15:02:20.939,12.092034,15:02:20.939,89.842807,15:02:20.939,0.001653
15:02:20.940,12.345294,15:02:20.940,89.707735,15:02:20.940,0.00527
15:02:20.941,12.446598,15:02:20.941,89.775271,15:02:20.941,0.00264
15:02:20.942,12.649206,15:02:20.942,89.538895,15:02:20.942,0.002969
15:02:20.943,12.868698,15:02:20.943,89.353172,15:02:20.943,0.000996
15:02:20.944,13.020654,15:02:20.944,89.353172,15:02:20.944,0.002311
15:02:20.945,13.307682,15:02:20.945,89.38694,15:02:20.945,0.002969
15:02:20.946,13.51029,15:02:20.946,89.184332,15:02:20.946,0.002969
15:02:20.947,13.577825,15:02:20.947,88.998608,15:02:20.947,0.002969
15:02:20.948,13.628477,15:02:20.948,89.083028,15:02:20.948,0.00264
15:02:20.949,13.645361,15:02:20.949,89.234984,15:02:20.949,0.000667
15:02:20.950,13.611593,15:02:20.950,89.066144,15:02:20.950,0.002969
15:02:20.951,13.493406,15:02:20.951,88.914188,15:02:20.951,0.00264
15:02:20.952,13.375218,15:02:20.952,89.04926,15:02:20.952,0.003626
15:02:20.953,13.240146,15:02:20.953,89.167448,15:02:20.953,0.003626
15:02:20.954,13.189494,15:02:20.954,89.015492,15:02:20.954,0.002311
15:02:20.955,13.08819,15:02:20.955,88.931072,15:02:20.955,0.003297
15:02:20.956,12.902466,15:02:20.956,88.981724,15:02:20.956,0.002969
15:02:20.957,12.649206,15:02:20.957,89.201216,15:02:20.957,0.002969
15:02:20.958,12.395946,15:02:20.958,89.032376,15:02:20.958,0.001982
15:02:20.959,12.210222,15:02:20.959,88.863536,15:02:20.959,0.003297
15:02:20.960,12.041382,15:02:20.960,88.812884,15:02:20.960,0.003626
15:02:20.961,11.82189,15:02:20.961,88.981724,15:02:20.961,0.00264
15:02:20.962,11.686818,15:02:20.962,88.96484,15:02:20.962,0.002969
15:02:20.963,11.636166,15:02:20.963,88.694696,15:02:20.963,0.001653
15:02:20.964,11.56863,15:02:20.964,88.677812,15:02:20.964,0.001982
15:02:20.965,11.602398,15:02:20.965,88.796,15:02:20.965,0.00264
15:02:20.966,11.534862,15:02:20.966,88.644044,15:02:20.966,0.00264
15:02:20.967,11.517978,15:02:20.967,88.458321,15:02:20.967,0.003626
15:02:20.968,11.467326,15:02:20.968,88.407669,15:02:20.968,0.001325
15:02:20.969,11.517978,15:02:20.969,88.644044,15:02:20.969,0.003297
15:02:20.970,11.48421,15:02:20.970,88.610276,15:02:20.970,0.001325
15:02:20.971,11.585514,15:02:20.971,88.458321,15:02:20.971,0.004941
15:02:20.972,11.56863,15:02:20.972,88.458321,15:02:20.972,0.002969
15:02:20.973,11.602398,15:02:20.973,88.660928,15:02:20.973,0.002969
15:02:20.974,11.73747,15:02:20.974,88.694696,15:02:20.974,0.002969
15:02:20.975,11.82189,15:02:20.975,88.576508,15:02:20.975,0.002311
15:02:20.976,11.838774,15:02:20.976,88.660928,15:02:20.976,0.002311
15:02:20.977,11.90631,15:02:20.977,89.015492,15:02:20.977,0.003626
15:02:20.978,11.923194,15:02:20.978,88.947956,15:02:20.978,0.002311
15:02:20.979,11.956962,15:02:20.979,88.88042,15:02:20.979,0.002311
15:02:20.980,12.024498,15:02:20.980,88.897304,15:02:20.980,0.001325
15:02:20.981,12.007614,15:02:20.981,89.099912,15:02:20.981,0.002311
15:02:20.982,12.125802,15:02:20.982,88.88042,15:02:20.982,0.001653
15:02:20.983,12.092034,15:02:20.983,88.846652,15:02:20.983,0.003955
15:02:20.984,12.142686,15:02:20.984,88.694696,15:02:20.984,0.001653
15:02:20.985,12.176454,15:02:20.985,88.88042,15:02:20.985,0.006256
15:02:20.986,12.176454,15:02:20.986,88.694696,15:02:20.986,0.003297
15:02:20.987,12.15957,15:02:20.987,88.525856,15:02:20.987,0.00264
15:02:20.988,12.142686,15:02:20.988,88.492089,15:02:20.988,0.000338
15:02:20.989,12.142686,15:02:20.989,88.644044,15:02:20.989,0.002311
15:02:20.990,12.108918,15:02:20.990,88.576508,15:02:20.990,0.002969
15:02:20.991,12.125802,15:02:20.991,88.424553,15:02:20.991,0.003297
15:02:20.992,12.041382,15:02:20.992,88.306365,15:02:20.992,0.002969
15:02:20.993,12.024498,15:02:20.993,88.525856,15:02:20.993,0.00264
15:02:20.994,12.024498,15:02:20.994,88.559624,15:02:20.994,0.000667
15:02:20.995,11.99073,15:02:20.995,88.475205,15:02:20.995,0.003626
15:02:20.996,11.99073,15:02:20.996,88.525856,15:02:20.996,0.00264
15:02:20.997,11.82189,15:02:20.997,88.829768,15:02:20.997,0.003626
15:02:20.998,11.720586,15:02:20.998,88.677812,15:02:20.998,0.002311
15:02:20.999,11.720586,15:02:20.999,88.525856,15:02:20.999,0.002311
15:02:21.000,11.703702,15:02:21.000,88.559624,15:02:21.000,0.003297
15:02:21.001,11.636166,15:02:21.001,88.779116,15:02:21.001,0.001653
15:02:21.002,11.619282,15:02:21.002,88.779116,15:02:21.002,0.002969
15:02:21.003,11.619282,15:02:21.003,88.492089,15:02:21.003,0.002311
15:02:21.004,11.619282,15:02:21.004,88.492089,15:02:21.004,0.003955
15:02:21.005,11.551746,15:02:21.005,88.660928,15:02:21.005,0.003955
15:02:21.006,11.585514,15:02:21.006,88.593392,15:02:21.006,0.002969
15:02:21.007,11.534862,15:02:21.007,88.525856,15:02:21.007,0.002969
15:02:21.008,11.636166,15:02:21.008,88.357017,15:02:21.008,0.002311
15:02:21.009,11.619282,15:02:21.009,88.525856,15:02:21.009,0.000996
15:02:21.010,11.720586,15:02:21.010,88.475205,15:02:21.010,0.001653
15:02:21.011,11.669934,15:02:21.011,88.289481,15:02:21.011,0.001653
15:02:21.012,11.636166,15:02:21.012,88.238829,15:02:21.012,0.003297
15:02:21.013,11.636166,15:02:21.013,88.390785,15:02:21.013,0.001982
15:02:21.014,11.619282,15:02:21.014,88.441437,15:02:21.014,0.003626
15:02:21.015,11.720586,15:02:21.015,88.154409,15:02:21.015,0.001653
15:02:21.016,11.703702,15:02:21.016,88.154409,15:02:21.016,0.002969
15:02:21.017,11.73747,15:02:21.017,88.323249,15:02:21.017,0.001982
15:02:21.018,11.771238,15:02:21.018,88.424553,15:02:21.018,0.003297
15:02:21.019,11.788122,15:02:21.019,88.205061,15:02:21.019,0.004612
15:02:21.020,11.838774,15:02:21.020,88.221945,15:02:21.020,0.003297
15:02:21.021,11.838774,15:02:21.021,88.424553,15:02:21.021,0.003626
15:02:21.022,11.855658,15:02:21.022,88.458321,15:02:21.022,0.001653
15:02:21.023,11.855658,15:02:21.023,88.289481,15:02:21.023,0.002311
15:02:21.024,11.855658,15:02:21.024,88.272597,15:02:21.024,0.002969
15:02:21.025,11.855658,15:02:21.025,88.424553,15:02:21.025,0.001982
15:02:21.026,11.923194,15:02:21.026,88.390785,15:02:21.026,0.003626
15:02:21.027,11.940078,15:02:21.027,88.188177,15:02:21.027,0.001982
15:02:21.028,11.940078,15:02:21.028,88.069989,15:02:21.028,0.003297
15:02:21.029,11.90631,15:02:21.029,88.255713,15:02:21.029,0.002311
15:02:21.030,11.855658,15:02:21.030,88.221945,15:02:21.030,0.00527
15:02:21.031,11.788122,15:02:21.031,88.036221,15:02:21.031,0.002969
15:02:21.032,11.686818,15:02:21.032,87.850497,15:02:21.032,0.002311
15:02:21.033,11.703702,15:02:21.033,88.002453,15:02:21.033,0.000996
15:02:21.034,11.703702,15:02:21.034,88.019337,15:02:21.034,0.002311
15:02:21.035,11.619282,15:02:21.035,87.715425,15:02:21.035,0.003955
15:02:21.036,11.56863,15:02:21.036,87.647889,15:02:21.036,0.003297
15:02:21.037,11.602398,15:02:21.037,87.816729,15:02:21.037,0.003955
15:02:21.038,11.517978,15:02:21.038,87.782961,15:02:21.038,0.002969
15:02:21.039,11.450442,15:02:21.039,87.529701,15:02:21.039,0.00264
15:02:21.040,11.433558,15:02:21.040,87.512817,15:02:21.040,0.002969
15:02:21.041,11.332254,15:02:21.041,87.546585,15:02:21.041,0.002969
15:02:21.042,11.214066,15:02:21.042,87.631005,15:02:21.042,0.003297
15:02:21.043,11.349138,15:02:21.043,87.39463,15:02:21.043,0.001982
15:02:21.044,11.298486,15:02:21.044,87.39463,15:02:21.044,0.000996
15:02:21.045,11.39979,15:02:21.045,87.39463,15:02:21.045,0.001982
15:02:21.046,11.39979,15:02:21.046,87.580353,15:02:21.046,0.003297
15:02:21.047,11.332254,15:02:21.047,87.445282,15:02:21.047,0.002311
15:02:21.048,11.39979,15:02:21.048,87.327094,15:02:21.048,0.002969
15:02:21.049,11.31537,15:02:21.049,87.445282,15:02:21.049,0.00264
15:02:21.050,11.281602,15:02:21.050,87.529701,15:02:21.050,0.000996
15:02:21.051,11.247834,15:02:21.051,87.276442,15:02:21.051,0.003626
15:02:21.052,11.281602,15:02:21.052,87.175138,15:02:21.052,0.00264
15:02:21.053,11.281602,15:02:21.053,87.22579,15:02:21.053,0.003626
15:02:21.054,11.382906,15:02:21.054,87.276442,15:02:21.054,0.002311
15:02:21.055,11.382906,15:02:21.055,87.023182,15:02:21.055,0.004941
15:02:21.056,11.298486,15:02:21.056,87.006298,15:02:21.056,0.00264
15:02:21.057,11.366022,15:02:21.057,87.040066,15:02:21.057,0.003297
15:02:21.058,11.332254,15:02:21.058,87.158254,15:02:21.058,0.001982
15:02:21.059,11.281602,15:02:21.059,86.837458,15:02:21.059,0.002311
15:02:21.060,11.281602,15:02:21.060,86.786806,15:02:21.060,0.002969
15:02:21.061,11.31537,15:02:21.061,86.702386,15:02:21.061,0.004284
15:02:21.062,11.349138,15:02:21.062,86.955646,15:02:21.062,0.002969
15:02:21.063,11.366022,15:02:21.063,86.685502,15:02:21.063,0.00264
15:02:21.064,11.39979,15:02:21.064,86.63485,15:02:21.064,0.002311
15:02:21.065,11.332254,15:02:21.065,86.55043,15:02:21.065,0.004284
15:02:21.066,11.332254,15:02:21.066,86.71927,15:02:21.066,0.00264
15:02:21.067,11.366022,15:02:21.067,86.432243,15:02:21.067,0.002969
15:02:21.068,11.366022,15:02:21.068,86.263403,15:02:21.068,0.001982
15:02:21.069,11.298486,15:02:21.069,86.229635,15:02:21.069,0.00264
15:02:21.070,11.298486,15:02:21.070,86.432243,15:02:21.070,0.002311
15:02:21.071,11.197182,15:02:21.071,86.246519,15:02:21.071,0.002311
15:02:21.072,11.197182,15:02:21.072,86.060795,15:02:21.072,0.003297
15:02:21.073,11.163414,15:02:21.073,85.942607,15:02:21.073,0.00264
15:02:21.074,11.112762,15:02:21.074,86.128331,15:02:21.074,0.003955
15:02:21.075,11.06211,15:02:21.075,85.908839,15:02:21.075,0.003626
15:02:21.076,11.078994,15:02:21.076,85.824419,15:02:21.076,0.003297
15:02:21.077,11.095878,15:02:21.077,85.655579,15:02:21.077,0.002969
15:02:21.078,11.06211,15:02:21.078,85.942607,15:02:21.078,0.001653
15:02:21.079,11.028342,15:02:21.079,85.858187,15:02:21.079,0.002311
15:02:21.080,11.011458,15:02:21.080,85.756883,15:02:21.080,0.002969
15:02:21.081,10.960806,15:02:21.081,85.790651,15:02:21.081,0.003297
15:02:21.082,10.960806,15:02:21.082,85.942607,15:02:21.082,0.003955
15:02:21.083,10.927038,15:02:21.083,85.807535,15:02:21.083,0.002311
15:02:21.084,10.876386,15:02:21.084,85.689347,15:02:21.084,0.003297
15:02:21.085,10.960806,15:02:21.085,85.689347,15:02:21.085,0.002311
15:02:21.086,10.960806,15:02:21.086,85.942607,15:02:21.086,0.003955
15:02:21.087,10.927038,15:02:21.087,85.824419,15:02:21.087,0.001982
15:02:21.088,10.994574,15:02:21.088,85.689347,15:02:21.088,0.00264
15:02:21.089,11.078994,15:02:21.089,85.655579,15:02:21.089,0.00264
15:02:21.090,10.960806,15:02:21.090,85.773767,15:02:21.090,0.002969
15:02:21.091,10.97769,15:02:21.091,85.621811,15:02:21.091,0.003297
15:02:21.092,10.960806,15:02:21.092,85.486739,15:02:21.092,0.001653
15:02:21.093,11.011458,15:02:21.093,85.419203,15:02:21.093,0.001982
15:02:21.094,11.06211,15:02:21.094,85.638695,15:02:21.094,0.00264
15:02:21.095,10.97769,15:02:21.095,85.554275,15:02:21.095,0.001653
15:02:21.096,11.011458,15:02:21.096,85.436087,15:02:21.096,0.003626
15:02:21.097,10.943922,15:02:21.097,85.385436,15:02:21.097,0.00264
15:02:21.098,10.960806,15:02:21.098,85.554275,15:02:21.098,0.003297
15:02:21.099,10.994574,15:02:21.099,85.419203,15:02:21.099,0.003297
15:02:21.100,11.011458,15:02:21.100,85.40232,15:02:21.100,0.004612
15:02:21.101,10.97769,15:02:21.101,85.284132,15:02:21.101,0.00264
15:02:21.102,10.97769,15:02:21.102,85.436087,15:02:21.102,0.00264
15:02:21.103,10.910154,15:02:21.103,85.351668,15:02:21.103,0.002311
15:02:21.104,10.960806,15:02:21.104,85.3179,15:02:21.104,0.002311
15:02:21.105,10.927038,15:02:21.105,85.115292,15:02:21.105,0.003626
15:02:21.106,10.927038,15:02:21.106,85.3179,15:02:21.106,0.003955
15:02:21.107,10.943922,15:02:21.107,85.216596,15:02:21.107,0.002969
15:02:21.108,10.89327,15:02:21.108,85.098408,15:02:21.108,0.002969
15:02:21.109,10.89327,15:02:21.109,85.030872,15:02:21.109,0.001653
15:02:21.110,10.825734,15:02:21.110,85.250364,15:02:21.110,0.002969
15:02:21.111,10.842618,15:02:21.111,85.132176,15:02:21.111,0.001653
15:02:21.112,10.741314,15:02:21.112,84.997104,15:02:21.112,0.002969
15:02:21.113,10.656894,15:02:21.113,85.030872,15:02:21.113,0.003626
15:02:21.114,10.64001,15:02:21.114,85.165944,15:02:21.114,0.00264
15:02:21.115,10.623126,15:02:21.115,85.081524,15:02:21.115,0.003955
15:02:21.116,10.606242,15:02:21.116,84.878916,15:02:21.116,0.001653
15:02:21.117,10.623126,15:02:21.117,84.878916,15:02:21.117,0.003626
15:02:21.118,10.656894,15:02:21.118,85.115292,15:02:21.118,0.003297
15:02:21.119,10.55559,15:02:21.119,84.997104,15:02:21.119,0.003626
15:02:21.120,10.623126,15:02:21.120,84.81138,15:02:21.120,0.004612
15:02:21.121,10.623126,15:02:21.121,84.828264,15:02:21.121,0.00264
15:02:21.122,10.623126,15:02:21.122,85.030872,15:02:21.122,0.003626
15:02:21.123,10.64001,15:02:21.123,84.997104,15:02:21.123,0.001325
15:02:21.124,10.707546,15:02:21.124,84.929568,15:02:21.124,0.00264
15:02:21.125,10.741314,15:02:21.125,84.845148,15:02:21.125,0.002311
15:02:21.126,10.741314,15:02:21.126,85.06464,15:02:21.126,0.003297
15:02:21.127,10.791966,15:02:21.127,85.030872,15:02:21.127,0.003626
15:02:21.128,10.842618,15:02:21.128,84.929568,15:02:21.128,0.001653
15:02:21.129,10.775082,15:02:21.129,84.878916,15:02:21.129,0.002969
15:02:21.130,10.758198,15:02:21.130,84.997104,15:02:21.130,0.001653
15:02:21.131,10.64001,15:02:21.131,85.06464,15:02:21.131,0.004612
15:02:21.132,10.707546,15:02:21.132,84.777612,15:02:21.132,0.002969
15:02:21.133,10.72443,15:02:21.133,84.693192,15:02:21.133,0.001982
15:02:21.134,10.707546,15:02:21.134,84.878916,15:02:21.134,0.002311
15:02:21.135,10.623126,15:02:21.135,84.81138,15:02:21.135,0.002311
15:02:21.136,10.64001,15:02:21.136,84.625656,15:02:21.136,0.002969
15:02:21.137,10.55559,15:02:21.137,84.575004,15:02:21.137,0.003626
15:02:21.138,10.538706,15:02:21.138,84.608772,15:02:21.138,0.001982
15:02:21.139,10.55559,15:02:21.139,84.743844,15:02:21.139,0.003626
15:02:21.140,10.504938,15:02:21.140,84.4737,15:02:21.140,0.001325
15:02:21.141,10.488054,15:02:21.141,84.406164,15:02:21.141,0.003626
15:02:21.142,10.47117,15:02:21.142,84.490584,15:02:21.142,0.003297
15:02:21.143,10.488054,15:02:21.143,84.55812,15:02:21.143,0.003955
15:02:21.144,10.403634,15:02:21.144,84.38928,15:02:21.144,0.00264
15:02:21.145,10.420518,15:02:21.145,84.321745,15:02:21.145,0.002311
15:02:21.146,10.488054,15:02:21.146,84.423048,15:02:21.146,0.00264
15:02:21.147,10.454286,15:02:21.147,84.490584,15:02:21.147,0.001653
15:02:21.148,10.352982,15:02:21.148,84.372396,15:02:21.148,0.002311
15:02:21.149,10.319214,15:02:21.149,84.287977,15:02:21.149,0.001982
15:02:21.150,10.38675,15:02:21.150,84.372396,15:02:21.150,0.002311
15:02:21.151,10.352982,15:02:21.151,84.456816,15:02:21.151,0.002969
15:02:21.152,10.30233,15:02:21.152,84.271093,15:02:21.152,0.00264
15:02:21.153,10.251678,15:02:21.153,84.220441,15:02:21.153,0.003626
15:02:21.154,10.268562,15:02:21.154,84.355512,15:02:21.154,0.002311
15:02:21.155,10.285446,15:02:21.155,84.406164,15:02:21.155,0.003297
15:02:21.156,10.251678,15:02:21.156,84.220441,15:02:21.156,0.002311
15:02:21.157,10.285446,15:02:21.157,84.102253,15:02:21.157,0.002969
15:02:21.158,10.285446,15:02:21.158,84.321745,15:02:21.158,0.003297
15:02:21.159,10.285446,15:02:21.159,84.38928,15:02:21.159,0.001982
15:02:21.160,10.336098,15:02:21.160,84.203557,15:02:21.160,0.003955
15:02:21.161,10.268562,15:02:21.161,84.169789,15:02:21.161,0.00264
15:02:21.162,10.268562,15:02:21.162,84.220441,15:02:21.162,0.003297
15:02:21.163,10.251678,15:02:21.163,84.254209,15:02:21.163,0.00264
15:02:21.164,10.336098,15:02:21.164,84.017833,15:02:21.164,0.00264
15:02:21.165,10.285446,15:02:21.165,84.000949,15:02:21.165,0.00264
15:02:21.166,10.319214,15:02:21.166,84.051601,15:02:21.166,0.002311
15:02:21.167,10.352982,15:02:21.167,84.169789,15:02:21.167,0.00264
15:02:21.168,10.352982,15:02:21.168,83.815225,15:02:21.168,0.004284
15:02:21.169,10.403634,15:02:21.169,83.882761,15:02:21.169,0.003626
15:02:21.170,10.38675,15:02:21.170,83.933413,15:02:21.170,0.003297
15:02:21.171,10.285446,15:02:21.171,83.967181,15:02:21.171,0.000667
15:02:21.172,10.285446,15:02:21.172,83.865877,15:02:21.172,0.003297
15:02:21.173,10.319214,15:02:21.173,83.747689,15:02:21.173,0.002311
15:02:21.174,10.30233,15:02:21.174,83.882761,15:02:21.174,0.00264
15:02:21.175,10.30233,15:02:21.175,83.984065,15:02:21.175,0.001982
15:02:21.176,10.319214,15:02:21.176,83.967181,15:02:21.176,0.004284
15:02:21.177,10.251678,15:02:21.177,83.848993,15:02:21.177,0.003955
15:02:21.178,10.21791,15:02:21.178,83.730805,15:02:21.178,0.002311
15:02:21.179,10.133491,15:02:21.179,83.916529,15:02:21.179,0.000667
15:02:21.180,10.116607,15:02:21.180,83.595733,15:02:21.180,0.002311
15:02:21.181,10.167258,15:02:21.181,83.578849,15:02:21.181,0.00264
15:02:21.182,10.116607,15:02:21.182,83.528197,15:02:21.182,0.003626
15:02:21.183,10.099723,15:02:21.183,83.612617,15:02:21.183,0.003297
15:02:21.184,10.133491,15:02:21.184,83.460661,15:02:21.184,0.00264
15:02:21.185,10.150375,15:02:21.185,83.393125,15:02:21.185,0.001982
15:02:21.186,10.167258,15:02:21.186,83.393125,15:02:21.186,0.003297
15:02:21.187,10.133491,15:02:21.187,83.511313,15:02:21.187,0.00264
15:02:21.188,10.116607,15:02:21.188,83.359357,15:02:21.188,0.002969
15:02:21.189,10.015303,15:02:21.189,83.291821,15:02:21.189,0.002969
15:02:21.190,10.116607,15:02:21.190,83.308705,15:02:21.190,0.002311
15:02:21.191,10.049071,15:02:21.191,83.443777,15:02:21.191,0.003297
15:02:21.192,9.981535,15:02:21.192,83.207402,15:02:21.192,0.001982
15:02:21.193,9.998419,15:02:21.193,83.139866,15:02:21.193,0.004941
15:02:21.194,9.981535,15:02:21.194,83.122982,15:02:21.194,0.00264
15:02:21.195,10.015303,15:02:21.195,83.224286,15:02:21.195,0.002969
15:02:21.196,9.964651,15:02:21.196,83.07233,15:02:21.196,0.001653
15:02:21.197,9.947767,15:02:21.197,83.021678,15:02:21.197,0.00264
15:02:21.198,9.930883,15:02:21.198,82.971026,15:02:21.198,0.003626
15:02:21.199,9.930883,15:02:21.199,83.139866,15:02:21.199,0.003626
15:02:21.200,9.947767,15:02:21.200,82.98791,15:02:21.200,0.001982
15:02:21.201,9.863347,15:02:21.201,82.920374,15:02:21.201,0.001982
15:02:21.202,9.947767,15:02:21.202,82.937258,15:02:21.202,0.001653
15:02:21.203,9.913999,15:02:21.203,83.055446,15:02:21.203,0.002969
15:02:21.204,9.863347,15:02:21.204,82.869722,15:02:21.204,0.003297
15:02:21.205,9.880231,15:02:21.205,82.852838,15:02:21.205,0.003626
15:02:21.206,9.947767,15:02:21.206,82.751534,15:02:21.206,0.004612
15:02:21.207,9.930883,15:02:21.207,82.937258,15:02:21.207,0.00264
15:02:21.208,9.930883,15:02:21.208,82.802186,15:02:21.208,0.002969
15:02:21.209,9.913999,15:02:21.209,82.73465,15:02:21.209,0.002311
15:02:21.210,9.913999,15:02:21.210,82.532042,15:02:21.210,0.002969
15:02:21.211,9.829579,15:02:21.211,82.785302,15:02:21.211,0.001982
15:02:21.212,9.795811,15:02:21.212,82.65023,15:02:21.212,0.003297
15:02:21.213,9.846463,15:02:21.213,82.532042,15:02:21.213,0.002969
15:02:21.214,9.846463,15:02:21.214,82.464506,15:02:21.214,0.002311
15:02:21.215,9.762043,15:02:21.215,82.667114,15:02:21.215,0.002311
15:02:21.216,9.711391,15:02:21.216,82.582694,15:02:21.216,0.002311
15:02:21.217,9.745159,15:02:21.217,82.48139,15:02:21.217,0.001653
15:02:21.218,9.762043,15:02:21.218,82.31255,15:02:21.218,0.002969
15:02:21.219,9.762043,15:02:21.219,82.430738,15:02:21.219,0.001653
15:02:21.220,9.660739,15:02:21.220,82.413854,15:02:21.220,0.004284
15:02:21.221,9.711391,15:02:21.221,82.278782,15:02:21.221,0.003955
15:02:21.222,9.660739,15:02:21.222,82.177479,15:02:21.222,0.003955
15:02:21.223,9.728275,15:02:21.223,82.346318,15:02:21.223,0.002311
15:02:21.224,9.745159,15:02:21.224,82.245014,15:02:21.224,0.003626
15:02:21.225,9.745159,15:02:21.225,82.211246,15:02:21.225,0.002969
15:02:21.226,9.711391,15:02:21.226,82.160595,15:02:21.226,0.002969
15:02:21.227,9.778927,15:02:21.227,82.329434,15:02:21.227,0.001982
15:02:21.228,9.778927,15:02:21.228,82.245014,15:02:21.228,0.002969
15:02:21.229,9.728275,15:02:21.229,82.109943,15:02:21.229,0.003297
15:02:21.230,9.762043,15:02:21.230,82.025523,15:02:21.230,0.003626
15:02:21.231,9.728275,15:02:21.231,82.211246,15:02:21.231,0.001982
15:02:21.232,9.694507,15:02:21.232,82.177479,15:02:21.232,0.003297
15:02:21.233,9.694507,15:02:21.233,82.042407,15:02:21.233,0.001325
15:02:21.234,9.694507,15:02:21.234,82.008639,15:02:21.234,0.003297
15:02:21.235,9.626971,15:02:21.235,82.177479,15:02:21.235,0.001982
15:02:21.236,9.677623,15:02:21.236,82.143711,15:02:21.236,0.002969
15:02:21.237,9.610087,15:02:21.237,82.025523,15:02:21.237,0.00264
15:02:21.238,9.626971,15:02:21.238,81.974871,15:02:21.238,0.00264
15:02:21.239,9.610087,15:02:21.239,82.076175,15:02:21.239,0.003955
15:02:21.240,9.610087,15:02:21.240,82.042407,15:02:21.240,0.000667
15:02:21.241,9.610087,15:02:21.241,81.873567,15:02:21.241,0.002969
15:02:21.242,9.542551,15:02:21.242,81.789147,15:02:21.242,0.002969
15:02:21.243,9.525667,15:02:21.243,81.890451,15:02:21.243,0.00264
15:02:21.244,9.593203,15:02:21.244,81.941103,15:02:21.244,0.003955
15:02:21.245,9.626971,15:02:21.245,81.789147,15:02:21.245,0.002969
15:02:21.246,9.610087,15:02:21.246,81.687843,15:02:21.246,0.003626
15:02:21.247,9.576319,15:02:21.247,81.822915,15:02:21.247,0.001982
15:02:21.248,9.525667,15:02:21.248,81.839799,15:02:21.248,0.002311
15:02:21.249,9.525667,15:02:21.249,81.620307,15:02:21.249,0.001982
15:02:21.250,9.525667,15:02:21.250,81.687843,15:02:21.250,0.002969
15:02:21.251,9.525667,15:02:21.251,81.924219,15:02:21.251,0.00264
15:02:21.252,9.441247,15:02:21.252,81.789147,15:02:21.252,0.000667
15:02:21.253,9.458131,15:02:21.253,81.654075,15:02:21.253,0.003955
15:02:21.254,9.424363,15:02:21.254,81.620307,15:02:21.254,0.001653
15:02:21.255,9.424363,15:02:21.255,81.687843,15:02:21.255,0.003955
15:02:21.256,9.441247,15:02:21.256,81.738495,15:02:21.256,0.001982
15:02:21.257,9.424363,15:02:21.257,81.485235,15:02:21.257,0.00264
15:02:21.258,9.441247,15:02:21.258,81.434583,15:02:21.258,0.002969
15:02:21.259,9.373711,15:02:21.259,81.485235,15:02:21.259,0.003297
15:02:21.260,9.356827,15:02:21.260,81.552771,15:02:21.260,0.002311
15:02:21.261,9.306175,15:02:21.261,81.181323,15:02:21.261,0.002311
15:02:21.262,9.356827,15:02:21.262,81.248859,15:02:21.262,0.00264
15:02:21.263,9.373711,15:02:21.263,81.367047,15:02:21.263,0.002311
15:02:21.264,9.323059,15:02:21.264,81.434583,15:02:21.264,0.002311
15:02:21.265,9.390595,15:02:21.265,81.265743,15:02:21.265,0.003955
15:02:21.266,9.373711,15:02:21.266,81.215091,15:02:21.266,0.003297
15:02:21.267,9.424363,15:02:21.267,81.383931,15:02:21.267,0.004612
15:02:21.268,9.373711,15:02:21.268,81.451467,15:02:21.268,0.002311
15:02:21.269,9.356827,15:02:21.269,81.316395,15:02:21.269,0.00527
15:02:21.270,9.323059,15:02:21.270,81.350163,15:02:21.270,0.00264
15:02:21.271,9.356827,15:02:21.271,81.333279,15:02:21.271,0.002969
15:02:21.272,9.255523,15:02:21.272,81.502119,15:02:21.272,0.000996
15:02:21.273,9.272407,15:02:21.273,81.248859,15:02:21.273,0.00264
15:02:21.274,9.272407,15:02:21.274,81.130671,15:02:21.274,0.003297
15:02:21.275,9.272407,15:02:21.275,81.231975,15:02:21.275,0.003955
15:02:21.276,9.204871,15:02:21.276,81.316395,15:02:21.276,0.00264
15:02:21.277,9.238639,15:02:21.277,81.029368,15:02:21.277,0.002311
15:02:21.278,9.238639,15:02:21.278,80.978716,15:02:21.278,0.001982
15:02:21.279,9.204871,15:02:21.279,81.08002,15:02:21.279,0.003626
15:02:21.280,9.171103,15:02:21.280,81.147555,15:02:21.280,0.00264
15:02:21.281,9.120451,15:02:21.281,80.928064,15:02:21.281,0.00264
15:02:21.282,9.154219,15:02:21.282,80.82676,15:02:21.282,0.003297
15:02:21.283,9.137335,15:02:21.283,80.928064,15:02:21.283,0.003297
15:02:21.284,9.137335,15:02:21.284,80.961832,15:02:21.284,0.002969
15:02:21.285,9.154219,15:02:21.285,80.894296,15:02:21.285,0.003297
15:02:21.286,9.221755,15:02:21.286,80.759224,15:02:21.286,0.00264
15:02:21.287,9.187987,15:02:21.287,81.164439,15:02:21.287,0.002969
15:02:21.288,9.137335,15:02:21.288,81.215091,15:02:21.288,0.003297
15:02:21.289,9.171103,15:02:21.289,80.894296,15:02:21.289,0.004284
15:02:21.290,9.086683,15:02:21.290,80.843644,15:02:21.290,0.002969
15:02:21.291,9.171103,15:02:21.291,80.776108,15:02:21.291,0.003626
15:02:21.292,9.103567,15:02:21.292,80.91118,15:02:21.292,0.002969
15:02:21.293,9.086683,15:02:21.293,80.843644,15:02:21.293,0.003626
15:02:21.294,9.086683,15:02:21.294,80.691688,15:02:21.294,0.004284
15:02:21.295,9.103567,15:02:21.295,80.725456,15:02:21.295,0.001982
15:02:21.296,9.086683,15:02:21.296,80.725456,15:02:21.296,0.002969
15:02:21.297,9.069799,15:02:21.297,80.556616,15:02:21.297,0.00264
15:02:21.298,9.036031,15:02:21.298,80.505964,15:02:21.298,0.002311
15:02:21.299,9.052915,15:02:21.299,80.522848,15:02:21.299,0.003626
15:02:21.300,9.036031,15:02:21.300,80.641036,15:02:21.300,0.002311
15:02:21.301,9.019147,15:02:21.301,80.522848,15:02:21.301,0.001982
15:02:21.302,9.086683,15:02:21.302,80.32024,15:02:21.302,0.001653
15:02:21.303,8.985379,15:02:21.303,80.387776,15:02:21.303,0.003955
15:02:21.304,8.985379,15:02:21.304,80.691688,15:02:21.304,0.003626
15:02:21.305,9.052915,15:02:21.305,80.472196,15:02:21.305,0.002969
15:02:21.306,9.069799,15:02:21.306,80.421544,15:02:21.306,0.002311
15:02:21.307,9.069799,15:02:21.307,80.370892,15:02:21.307,0.003955
15:02:21.308,8.985379,15:02:21.308,80.472196,15:02:21.308,0.003297
15:02:21.309,8.968495,15:02:21.309,80.455312,15:02:21.309,0.004284
15:02:21.310,8.985379,15:02:21.310,80.286472,15:02:21.310,0.003626
15:02:21.311,8.968495,15:02:21.311,80.32024,15:02:21.311,0.003626
15:02:21.312,8.900959,15:02:21.312,80.421544,15:02:21.312,0.001982
15:02:21.313,8.850307,15:02:21.313,80.337124,15:02:21.313,0.002311
15:02:21.314,8.900959,15:02:21.314,80.218936,15:02:21.314,0.002969
15:02:21.315,8.850307,15:02:21.315,80.1514,15:02:21.315,0.00264
15:02:21.316,8.782771,15:02:21.316,80.40466,15:02:21.316,0.001653
15:02:21.317,8.799655,15:02:21.317,80.117632,15:02:21.317,0.002311
15:02:21.318,8.799655,15:02:21.318,80.100748,15:02:21.318,0.002311
15:02:21.319,8.799655,15:02:21.319,80.016328,15:02:21.319,0.003955
15:02:21.320,8.799655,15:02:21.320,80.23582,15:02:21.320,0.002311
15:02:21.321,8.749003,15:02:21.321,80.050096,15:02:21.321,0.003297
15:02:21.322,8.816539,15:02:21.322,80.016328,15:02:21.322,0.002969
15:02:21.323,8.698351,15:02:21.323,79.898141,15:02:21.323,0.001653
15:02:21.324,8.765887,15:02:21.324,80.100748,15:02:21.324,0.002311
15:02:21.325,8.833423,15:02:21.325,79.931909,15:02:21.325,0.00264
15:02:21.326,8.867191,15:02:21.326,79.847489,15:02:21.326,0.00264
15:02:21.327,8.833423,15:02:21.327,79.864373,15:02:21.327,0.002969
15:02:21.328,8.867191,15:02:21.328,80.016328,15:02:21.328,0.001982
15:02:21.329,8.816539,15:02:21.329,79.965676,15:02:21.329,0.001982
15:02:21.330,8.867191,15:02:21.330,79.763069,15:02:21.330,0.003297
15:02:21.331,8.833423,15:02:21.331,79.712417,15:02:21.331,0.002969
15:02:21.332,8.799655,15:02:21.332,79.864373,15:02:21.332,0.002311
15:02:21.333,8.749003,15:02:21.333,79.847489,15:02:21.333,0.002311
15:02:21.334,8.765887,15:02:21.334,79.644881,15:02:21.334,0.00264
15:02:21.335,8.749003,15:02:21.335,79.611113,15:02:21.335,0.002311
15:02:21.336,8.715235,15:02:21.336,79.779953,15:02:21.336,0.003297
15:02:21.337,8.715235,15:02:21.337,79.678649,15:02:21.337,0.00264
15:02:21.338,8.698351,15:02:21.338,79.594229,15:02:21.338,0.001653
15:02:21.339,8.698351,15:02:21.339,79.526693,15:02:21.339,0.002969
15:02:21.340,8.749003,15:02:21.340,79.627997,15:02:21.340,0.002969
15:02:21.341,8.664583,15:02:21.341,79.577345,15:02:21.341,0.002969
15:02:21.342,8.681467,15:02:21.342,79.476041,15:02:21.342,0.003626
15:02:21.343,8.681467,15:02:21.343,79.374737,15:02:21.343,0.003297
15:02:21.344,8.647699,15:02:21.344,79.577345,15:02:21.344,0.003626
15:02:21.345,8.698351,15:02:21.345,79.526693,15:02:21.345,0.002311
15:02:21.346,8.664583,15:02:21.346,79.340969,15:02:21.346,0.002969
15:02:21.347,8.681467,15:02:21.347,79.324085,15:02:21.347,0.003626
15:02:21.348,8.563279,15:02:21.348,79.442273,15:02:21.348,0.002969
15:02:21.349,8.630815,15:02:21.349,79.492925,15:02:21.349,0.003955
15:02:21.350,8.597047,15:02:21.350,79.324085,15:02:21.350,0.001982
15:02:21.351,8.563279,15:02:21.351,79.307201,15:02:21.351,0.003297
15:02:21.352,8.529511,15:02:21.352,79.408505,15:02:21.352,0.003297
15:02:21.353,8.529511,15:02:21.353,79.340969,15:02:21.353,0.003297
15:02:21.354,8.546395,15:02:21.354,79.172129,15:02:21.354,0.002311
15:02:21.355,8.512627,15:02:21.355,79.155245,15:02:21.355,0.00264
15:02:21.356,8.478859,15:02:21.356,79.189013,15:02:21.356,0.001982
15:02:21.357,8.445091,15:02:21.357,79.256549,15:02:21.357,0.001653
15:02:21.358,8.461975,15:02:21.358,79.003289,15:02:21.358,0.003626
15:02:21.359,8.512627,15:02:21.359,79.020173,15:02:21.359,0.002969
15:02:21.360,8.495743,15:02:21.360,79.138361,15:02:21.360,0.002311
15:02:21.361,8.428207,15:02:21.361,79.138361,15:02:21.361,0.001982
15:02:21.362,8.445091,15:02:21.362,78.969521,15:02:21.362,0.001653
15:02:21.363,8.461975,15:02:21.363,78.851333,15:02:21.363,0.001982
15:02:21.364,8.495743,15:02:21.364,79.037057,15:02:21.364,0.003297
15:02:21.365,8.445091,15:02:21.365,79.087709,15:02:21.365,0.001982
15:02:21.366,8.478859,15:02:21.366,78.834449,15:02:21.366,0.001982
15:02:21.367,8.445091,15:02:21.367,78.868217,15:02:21.367,0.00264
15:02:21.368,8.495743,15:02:21.368,79.053941,15:02:21.368,0.003297
15:02:21.369,8.428207,15:02:21.369,79.121477,15:02:21.369,0.003297
15:02:21.370,8.512627,15:02:21.370,78.817566,15:02:21.370,0.003297
15:02:21.371,8.428207,15:02:21.371,78.851333,15:02:21.371,0.002311
15:02:21.372,8.445091,15:02:21.372,78.918869,15:02:21.372,0.00264
15:02:21.373,8.394439,15:02:21.373,78.868217,15:02:21.373,0.00264
15:02:21.374,8.377555,15:02:21.374,78.699378,15:02:21.374,0.001325
15:02:21.375,8.360671,15:02:21.375,78.614958,15:02:21.375,0.00264
15:02:21.376,8.326903,15:02:21.376,78.800682,15:02:21.376,0.002311
15:02:21.377,8.293135,15:02:21.377,78.783798,15:02:21.377,0.002969
15:02:21.378,8.310019,15:02:21.378,78.648726,15:02:21.378,0.00264
15:02:21.379,8.293135,15:02:21.379,78.564306,15:02:21.379,0.003626
15:02:21.380,8.225599,15:02:21.380,78.699378,15:02:21.380,0.002311
15:02:21.381,8.208715,15:02:21.381,78.716262,15:02:21.381,0.00264
15:02:21.382,8.225599,15:02:21.382,78.41235,15:02:21.382,0.003626
15:02:21.383,8.158063,15:02:21.383,78.41235,15:02:21.383,0.001982
15:02:21.384,8.259367,15:02:21.384,78.598074,15:02:21.384,0.000667
15:02:21.385,8.276251,15:02:21.385,78.716262,15:02:21.385,0.001653
15:02:21.386,8.293135,15:02:21.386,78.49677,15:02:21.386,0.003955
15:02:21.387,8.293135,15:02:21.387,78.41235,15:02:21.387,0.003297
15:02:21.388,8.225599,15:02:21.388,78.598074,15:02:21.388,0.001982
15:02:21.389,8.208715,15:02:21.389,78.58119,15:02:21.389,0.00264
15:02:21.390,8.208715,15:02:21.390,78.463002,15:02:21.390,0.004284
15:02:21.391,8.208715,15:02:21.391,78.41235,15:02:21.391,0.004612
15:02:21.392,8.191831,15:02:21.392,78.395466,15:02:21.392,0.002969
15:02:21.393,8.158063,15:02:21.393,78.463002,15:02:21.393,0.00264
15:02:21.394,8.174947,15:02:21.394,78.260394,15:02:21.394,0.002311
15:02:21.395,8.225599,15:02:21.395,78.226626,15:02:21.395,0.00264
15:02:21.396,8.174947,15:02:21.396,78.41235,15:02:21.396,0.00264
15:02:21.397,8.174947,15:02:21.397,78.614958,15:02:21.397,0.00264
15:02:21.398,8.174947,15:02:21.398,78.32793,15:02:21.398,0.001982
15:02:21.399,8.158063,15:02:21.399,78.277278,15:02:21.399,0.002969
15:02:21.400,8.107411,15:02:21.400,78.311046,15:02:21.400,0.003626
15:02:21.401,8.158063,15:02:21.401,78.378582,15:02:21.401,0.003626
15:02:21.402,8.259367,15:02:21.402,78.192858,15:02:21.402,0.00264
15:02:21.403,8.124295,15:02:21.403,78.040902,15:02:21.403,0.002311
15:02:21.404,8.158063,15:02:21.404,78.142206,15:02:21.404,0.002311
15:02:21.405,8.225599,15:02:21.405,78.15909,15:02:21.405,0.00264
15:02:21.406,8.208715,15:02:21.406,77.99025,15:02:21.406,0.00264
15:02:21.407,8.276251,15:02:21.407,77.973366,15:02:21.407,0.00264
15:02:21.408,8.158063,15:02:21.408,77.99025,15:02:21.408,0.002311
15:02:21.409,8.191831,15:02:21.409,78.142206,15:02:21.409,0.003955
15:02:21.410,8.124295,15:02:21.410,77.973366,15:02:21.410,0.002311
15:02:21.411,8.141179,15:02:21.411,77.872062,15:02:21.411,0.002311
15:02:21.412,8.039875,15:02:21.412,77.855178,15:02:21.412,0.003626
15:02:21.413,8.022991,15:02:21.413,78.040902,15:02:21.413,0.002969
15:02:21.414,8.022991,15:02:21.414,77.872062,15:02:21.414,0.001325
15:02:21.415,7.989223,15:02:21.415,77.753874,15:02:21.415,0.002311
15:02:21.416,7.955455,15:02:21.416,77.753874,15:02:21.416,0.003297
15:02:21.417,7.955455,15:02:21.417,77.956482,15:02:21.417,0.002311
15:02:21.418,8.006107,15:02:21.418,77.753874,15:02:21.418,0.004284
15:02:21.419,7.955455,15:02:21.419,77.635687,15:02:21.419,0.002311
15:02:21.420,7.921687,15:02:21.420,77.753874,15:02:21.420,0.002969
15:02:21.421,7.904803,15:02:21.421,77.787642,15:02:21.421,0.002311
15:02:21.422,7.837267,15:02:21.422,77.720106,15:02:21.422,0.002969
15:02:21.423,7.904803,15:02:21.423,77.601919,15:02:21.423,0.002969
15:02:21.424,7.871035,15:02:21.424,77.635687,15:02:21.424,0.001982
15:02:21.425,7.887919,15:02:21.425,77.770758,15:02:21.425,0.003626
15:02:21.426,7.887919,15:02:21.426,77.585035,15:02:21.426,0.002969
15:02:21.427,7.921687,15:02:21.427,77.601919,15:02:21.427,0.001982
15:02:21.428,7.921687,15:02:21.428,77.517499,15:02:21.428,0.00264
15:02:21.429,7.887919,15:02:21.429,77.652571,15:02:21.429,0.001325
15:02:21.430,7.921687,15:02:21.430,77.449963,15:02:21.430,0.003626
15:02:21.431,7.871035,15:02:21.431,77.517499,15:02:21.431,0.001982
15:02:21.432,7.769731,15:02:21.432,77.466847,15:02:21.432,0.002969
15:02:21.433,7.854151,15:02:21.433,77.601919,15:02:21.433,0.002311
15:02:21.434,7.854151,15:02:21.434,77.449963,15:02:21.434,0.001982
15:02:21.435,7.854151,15:02:21.435,77.348659,15:02:21.435,0.001982
15:02:21.436,7.854151,15:02:21.436,77.365543,15:02:21.436,0.002311
15:02:21.437,7.837267,15:02:21.437,77.433079,15:02:21.437,0.001982
15:02:21.438,7.803499,15:02:21.438,77.314891,15:02:21.438,0.003297
15:02:21.439,7.719079,15:02:21.439,77.230471,15:02:21.439,0.001982
15:02:21.440,7.837267,15:02:21.440,77.331775,15:02:21.440,0.002311
15:02:21.441,7.719079,15:02:21.441,77.365543,15:02:21.441,0.002311
15:02:21.442,7.735963,15:02:21.442,77.298007,15:02:21.442,0.001982
15:02:21.443,7.769731,15:02:21.443,77.078515,15:02:21.443,0.003297
15:02:21.444,7.820383,15:02:21.444,77.112283,15:02:21.444,0.002311
15:02:21.445,7.752847,15:02:21.445,77.298007,15:02:21.445,0.004612
15:02:21.446,7.786615,15:02:21.446,77.213587,15:02:21.446,0.002311
15:02:21.447,7.735963,15:02:21.447,77.095399,15:02:21.447,0.002969
15:02:21.448,7.769731,15:02:21.448,77.044747,15:02:21.448,0.002311
15:02:21.449,7.786615,15:02:21.449,77.247355,15:02:21.449,0.00264
15:02:21.450,7.752847,15:02:21.450,77.230471,15:02:21.450,0.002311
15:02:21.451,7.702195,15:02:21.451,77.078515,15:02:21.451,0.00264
15:02:21.452,7.719079,15:02:21.452,77.027863,15:02:21.452,0.002969
15:02:21.453,7.668427,15:02:21.453,77.162935,15:02:21.453,0.00264
15:02:21.454,7.702195,15:02:21.454,77.044747,15:02:21.454,0.001982
15:02:21.455,7.651543,15:02:21.455,76.909675,15:02:21.455,0.002311
15:02:21.456,7.600891,15:02:21.456,76.909675,15:02:21.456,0.002311
15:02:21.457,7.634659,15:02:21.457,77.061631,15:02:21.457,0.000996
15:02:21.458,7.651543,15:02:21.458,77.027863,15:02:21.458,0.001325
15:02:21.459,7.617775,15:02:21.459,76.842139,15:02:21.459,0.002311
15:02:21.460,7.584007,15:02:21.460,76.774603,15:02:21.460,0.002311
15:02:21.461,7.567123,15:02:21.461,76.926559,15:02:21.461,0.003297
15:02:21.462,7.634659,15:02:21.462,76.740835,15:02:21.462,0.00264
15:02:21.463,7.567123,15:02:21.463,76.639531,15:02:21.463,0.00264
15:02:21.464,7.567123,15:02:21.464,76.639531,15:02:21.464,0.00264
15:02:21.465,7.600891,15:02:21.465,76.791487,15:02:21.465,0.00264
15:02:21.466,7.685311,15:02:21.466,76.757719,15:02:21.466,0.001982
15:02:21.467,7.685311,15:02:21.467,76.605763,15:02:21.467,0.00264
15:02:21.468,7.617775,15:02:21.468,76.571995,15:02:21.468,0.003297
15:02:21.469,7.600891,15:02:21.469,76.825255,15:02:21.469,0.002311
15:02:21.470,7.533355,15:02:21.470,76.707067,15:02:21.470,0.001982
15:02:21.471,7.634659,15:02:21.471,76.656415,15:02:21.471,0.00264
15:02:21.472,7.567123,15:02:21.472,76.538227,15:02:21.472,0.003626
15:02:21.473,7.533355,15:02:21.473,76.707067,15:02:21.473,0.004284
15:02:21.474,7.465819,15:02:21.474,76.707067,15:02:21.474,0.002969
15:02:21.475,7.499587,15:02:21.475,76.487575,15:02:21.475,0.001982
15:02:21.476,7.516471,15:02:21.476,76.436924,15:02:21.476,0.003297
15:02:21.477,7.482703,15:02:21.477,76.605763,15:02:21.477,0.001653
15:02:21.478,7.364515,15:02:21.478,76.470692,15:02:21.478,0.002311
15:02:21.479,7.482703,15:02:21.479,76.352504,15:02:21.479,0.002311
15:02:21.480,7.448935,15:02:21.480,76.2512,15:02:21.480,0.001982
15:02:21.481,7.499587,15:02:21.481,76.504459,15:02:21.481,0.003626
15:02:21.482,7.432051,15:02:21.482,76.453808,15:02:21.482,0.00264
15:02:21.483,7.381399,15:02:21.483,76.234316,15:02:21.483,0.00527
15:02:21.484,7.432051,15:02:21.484,76.268084,15:02:21.484,0.004612
15:02:21.485,7.448935,15:02:21.485,76.369388,15:02:21.485,0.001982
15:02:21.486,7.415167,15:02:21.486,76.318736,15:02:21.486,0.003297
15:02:21.487,7.448935,15:02:21.487,76.217432,15:02:21.487,0.00264
15:02:21.488,7.465819,15:02:21.488,76.116128,15:02:21.488,0.00264
15:02:21.489,7.448935,15:02:21.489,76.301852,15:02:21.489,0.002311
15:02:21.490,7.415167,15:02:21.490,76.284968,15:02:21.490,0.002311
15:02:21.491,7.381399,15:02:21.491,76.16678,15:02:21.491,0.001653
15:02:21.492,7.330747,15:02:21.492,76.065476,15:02:21.492,0.002969
15:02:21.493,7.330747,15:02:21.493,76.16678,15:02:21.493,0.002969
15:02:21.494,7.313863,15:02:21.494,76.2512,15:02:21.494,0.001982
15:02:21.495,7.296979,15:02:21.495,75.99794,15:02:21.495,0.00264
15:02:21.496,7.313863,15:02:21.496,75.99794,15:02:21.496,0.00264
15:02:21.497,7.246327,15:02:21.497,76.149896,15:02:21.497,0.002311
15:02:21.498,7.263211,15:02:21.498,76.16678,15:02:21.498,0.004284
15:02:21.499,7.296979,15:02:21.499,75.930404,15:02:21.499,0.004612
15:02:21.500,7.212559,15:02:21.500,75.964172,15:02:21.500,0.003626
15:02:21.501,7.161907,15:02:21.501,75.981056,15:02:21.501,0.003955
15:02:21.502,7.263211,15:02:21.502,76.08236,15:02:21.502,0.001653
15:02:21.503,7.212559,15:02:21.503,75.778448,15:02:21.503,0.00264
15:02:21.504,7.296979,15:02:21.504,75.845984,15:02:21.504,0.002969
15:02:21.505,7.296979,15:02:21.505,75.947288,15:02:21.505,0.002311
15:02:21.506,7.246327,15:02:21.506,75.99794,15:02:21.506,0.00264
15:02:21.507,7.296979,15:02:21.507,75.896636,15:02:21.507,0.00264
15:02:21.508,7.263211,15:02:21.508,75.761564,15:02:21.508,0.001982
15:02:21.509,7.229443,15:02:21.509,75.896636,15:02:21.509,0.002969
15:02:21.510,7.246327,15:02:21.510,75.99794,15:02:21.510,0.002969
15:02:21.511,7.229443,15:02:21.511,75.845984,15:02:21.511,0.003297
15:02:21.512,7.178791,15:02:21.512,75.778448,15:02:21.512,0.002311
15:02:21.513,7.145023,15:02:21.513,75.8291,15:02:21.513,0.001653
15:02:21.514,7.178791,15:02:21.514,75.862868,15:02:21.514,0.002311
15:02:21.515,7.280095,15:02:21.515,75.66026,15:02:21.515,0.00264
15:02:21.516,7.128139,15:02:21.516,75.643376,15:02:21.516,0.002311
15:02:21.517,7.077487,15:02:21.517,75.795332,15:02:21.517,0.003297
15:02:21.518,7.111255,15:02:21.518,75.761564,15:02:21.518,0.003955
15:02:21.519,7.145023,15:02:21.519,75.609608,15:02:21.519,0.002969
15:02:21.520,7.111255,15:02:21.520,75.542072,15:02:21.520,0.002311
15:02:21.521,7.077487,15:02:21.521,75.609608,15:02:21.521,0.00264
15:02:21.522,7.094371,15:02:21.522,75.643376,15:02:21.522,0.00264
15:02:21.523,7.111255,15:02:21.523,75.474536,15:02:21.523,0.00264
15:02:21.524,7.094371,15:02:21.524,75.457652,15:02:21.524,0.002311
15:02:21.525,7.043719,15:02:21.525,75.558956,15:02:21.525,0.00264
15:02:21.526,7.077487,15:02:21.526,75.525188,15:02:21.526,0.002969
15:02:21.527,7.111255,15:02:21.527,75.423884,15:02:21.527,0.00264
15:02:21.528,7.060603,15:02:21.528,75.288812,15:02:21.528,0.003626
15:02:21.529,7.077487,15:02:21.529,75.423884,15:02:21.529,0.003955
15:02:21.530,7.060603,15:02:21.530,75.423884,15:02:21.530,0.002311
15:02:21.531,7.060603,15:02:21.531,75.255045,15:02:21.531,0.00264
15:02:21.532,7.094371,15:02:21.532,75.221277,15:02:21.532,0.001982
15:02:21.533,7.026835,15:02:21.533,75.305696,15:02:21.533,0.002311
15:02:21.534,6.959299,15:02:21.534,75.407,15:02:21.534,0.002311
15:02:21.535,6.993067,15:02:21.535,75.221277,15:02:21.535,0.003955
15:02:21.536,6.993067,15:02:21.536,75.153741,15:02:21.536,0.002969
15:02:21.537,6.942415,15:02:21.537,75.170625,15:02:21.537,0.003626
15:02:21.538,6.942415,15:02:21.538,75.288812,15:02:21.538,0.00264
15:02:21.539,6.976183,15:02:21.539,75.153741,15:02:21.539,0.002969
15:02:21.540,6.959299,15:02:21.540,75.069321,15:02:21.540,0.003297
15:02:21.541,6.891763,15:02:21.541,75.136857,15:02:21.541,0.002969
15:02:21.542,6.925531,15:02:21.542,75.221277,15:02:21.542,0.00264
15:02:21.543,6.976183,15:02:21.543,75.069321,15:02:21.543,0.003626
15:02:21.544,6.925531,15:02:21.544,74.934249,15:02:21.544,0.002311
15:02:21.545,6.891763,15:02:21.545,75.035553,15:02:21.545,0.003297
15:02:21.546,6.925531,15:02:21.546,75.119973,15:02:21.546,0.002311
15:02:21.547,6.942415,15:02:21.547,75.035553,15:02:21.547,0.003955
15:02:21.548,6.976183,15:02:21.548,74.917365,15:02:21.548,0.002311
15:02:21.549,6.925531,15:02:21.549,74.883597,15:02:21.549,0.002311
15:02:21.550,6.959299,15:02:21.550,74.984901,15:02:21.550,0.004612
15:02:21.551,6.807343,15:02:21.551,74.866713,15:02:21.551,0.003626
15:02:21.552,6.908647,15:02:21.552,74.866713,15:02:21.552,0.00264
15:02:21.553,6.874879,15:02:21.553,74.765409,15:02:21.553,0.001982
15:02:21.554,6.857995,15:02:21.554,74.900481,15:02:21.554,0.002311
15:02:21.555,6.874879,15:02:21.555,74.883597,15:02:21.555,0.00264
15:02:21.556,6.857995,15:02:21.556,74.748525,15:02:21.556,0.003297
15:02:21.557,6.841111,15:02:21.557,74.680989,15:02:21.557,0.003626
15:02:21.558,6.807343,15:02:21.558,74.951133,15:02:21.558,0.00264
15:02:21.559,6.773575,15:02:21.559,74.782293,15:02:21.559,0.001982
15:02:21.560,6.756691,15:02:21.560,74.630337,15:02:21.560,0.00264
15:02:21.561,6.756691,15:02:21.561,74.647221,15:02:21.561,0.001653
15:02:21.562,6.739807,15:02:21.562,74.832945,15:02:21.562,0.002969
15:02:21.563,6.790459,15:02:21.563,74.714757,15:02:21.563,0.002969
15:02:21.564,6.773575,15:02:21.564,74.630337,15:02:21.564,0.00264
15:02:21.565,6.857995,15:02:21.565,74.579685,15:02:21.565,0.00264
15:02:21.566,6.824227,15:02:21.566,74.765409,15:02:21.566,0.00264
15:02:21.567,6.807343,15:02:21.567,74.630337,15:02:21.567,0.002311
15:02:21.568,6.790459,15:02:21.568,74.478381,15:02:21.568,0.002969
15:02:21.569,6.706039,15:02:21.569,74.444613,15:02:21.569,0.00264
15:02:21.570,6.756691,15:02:21.570,74.545917,15:02:21.570,0.001982
15:02:21.571,6.706039,15:02:21.571,74.495265,15:02:21.571,0.00264
15:02:21.572,6.722923,15:02:21.572,74.360193,15:02:21.572,0.002311
15:02:21.573,6.689155,15:02:21.573,74.343309,15:02:21.573,0.00264
15:02:21.574,6.655387,15:02:21.574,74.529033,15:02:21.574,0.00264
15:02:21.575,6.672271,15:02:21.575,74.495265,15:02:21.575,0.002969
15:02:21.576,6.655387,15:02:21.576,74.360193,15:02:21.576,0.00264
15:02:21.577,6.554084,15:02:21.577,74.377077,15:02:21.577,0.00264
15:02:21.578,6.570967,15:02:21.578,74.545917,15:02:21.578,0.003297
15:02:21.579,6.655387,15:02:21.579,74.410845,15:02:21.579,0.001653
15:02:21.580,6.587851,15:02:21.580,74.275773,15:02:21.580,0.002311
15:02:21.581,6.570967,15:02:21.581,74.275773,15:02:21.581,0.003297
15:02:21.582,6.604735,15:02:21.582,74.461497,15:02:21.582,0.00264
15:02:21.583,6.5372,15:02:21.583,74.410845,15:02:21.583,0.00264
15:02:21.584,6.570967,15:02:21.584,74.157585,15:02:21.584,0.001982
15:02:21.585,6.621619,15:02:21.585,74.191353,15:02:21.585,0.002311
15:02:21.586,6.587851,15:02:21.586,74.326425,15:02:21.586,0.082209
15:02:21.587,6.587851,15:02:21.587,74.157585,15:02:21.587,4.292801
15:02:21.588,6.638503,15:02:21.588,74.090049,15:02:21.588,8.010505
15:02:21.589,6.621619,15:02:21.589,74.073165,15:02:21.589,8.517507
15:02:21.590,6.604735,15:02:21.590,74.242005,15:02:21.590,8.575375
15:02:21.591,6.621619,15:02:21.591,74.157585,15:02:21.591,8.671055
15:02:21.592,6.638503,15:02:21.592,74.106933,15:02:21.592,8.681576
15:02:21.593,6.486548,15:02:21.593,73.92121,15:02:21.593,8.701304
15:02:21.594,6.351476,15:02:21.594,74.090049,15:02:21.594,8.72136
15:02:21.595,6.385244,15:02:21.595,74.106933,15:02:21.595,8.741746
15:02:21.596,6.36836,15:02:21.596,73.988746,15:02:21.596,8.728594
15:02:21.597,6.419012,15:02:21.597,73.853674,15:02:21.597,8.680261
15:02:21.598,6.672271,15:02:21.598,73.988746,15:02:21.598,8.675987
15:02:21.599,7.263211,15:02:21.599,73.971862,15:02:21.599,8.749308
15:02:21.600,8.158063,15:02:21.600,73.819906,15:02:21.600,8.775283
15:02:21.601,9.711391,15:02:21.601,73.66795,15:02:21.601,8.777256
15:02:21.602,12.632322,15:02:21.602,73.92121,15:02:21.602,8.72432
15:02:21.603,18.170272,15:02:21.603,73.971862,15:02:21.603,8.700975
15:02:21.604,25.717417,15:02:21.604,73.701718,15:02:21.604,8.755555
15:02:21.605,33.500938,15:02:21.605,73.938094,15:02:21.605,8.785147
15:02:21.606,41.723442,15:02:21.606,73.988746,15:02:21.606,8.790736
15:02:21.607,50.705726,15:02:21.607,74.039398,15:02:21.607,8.799614
15:02:21.608,59.603588,15:02:21.608,73.769254,15:02:21.608,8.738458
15:02:21.609,68.467682,15:02:21.609,73.75237,15:02:21.609,8.720374
15:02:21.610,77.399311,15:02:21.610,73.938094,15:02:21.610,8.775612
15:02:21.611,86.077679,15:02:21.611,74.090049,15:02:21.611,8.795668
15:02:21.612,94.469018,15:02:21.612,73.887442,15:02:21.612,8.789092
15:02:21.613,102.725285,15:02:21.613,73.684834,15:02:21.613,8.768378
15:02:21.614,111.251694,15:02:21.614,73.566646,15:02:21.614,8.721032
15:02:21.615,119.389771,15:02:21.615,73.617298,15:02:21.615,8.694728
15:02:21.616,123.779605,15:02:21.616,73.380922,15:02:21.616,8.753253
15:02:21.617,124.5225,15:02:21.617,73.532878,15:02:21.617,8.766734
15:02:21.618,124.117284,15:02:21.618,73.75237,15:02:21.618,8.77594
15:02:21.619,121.922368,15:02:21.619,73.938094,15:02:21.619,8.774625
15:02:21.620,112.956976,15:02:21.620,73.954978,15:02:21.620,8.701961
15:02:21.621,102.775937,15:02:21.621,73.904326,15:02:21.621,8.679275
15:02:21.622,96.832776,15:02:21.622,74.090049,15:02:21.622,8.759501
15:02:21.623,87.597237,15:02:21.623,74.242005,15:02:21.623,8.783174
15:02:21.624,74.664105,15:02:21.624,74.073165,15:02:21.624,8.78416
15:02:21.625,64.871393,15:02:21.625,74.157585,15:02:21.625,8.766734
15:02:21.626,58.894461,15:02:21.626,74.360193,15:02:21.626,8.711497
15:02:21.627,56.952802,15:02:21.627,74.444613,15:02:21.627,8.682891
15:02:21.628,58.877577,15:02:21.628,74.191353,15:02:21.628,8.690454
15:02:21.629,62.625822,15:02:21.629,74.191353,15:02:21.629,8.751281
15:02:21.630,68.349494,15:02:21.630,74.377077,15:02:21.630,8.750623
15:02:21.631,75.271929,15:02:21.631,74.410845,15:02:21.631,8.748322
15:02:21.632,81.552771,15:02:21.632,74.275773,15:02:21.632,8.744047
15:02:21.633,87.175138,15:02:21.633,74.461497,15:02:21.633,8.672699
15:02:21.634,92.139029,15:02:21.634,74.647221,15:02:21.634,8.661848
15:02:21.635,94.77293,15:02:21.635,75.052437,15:02:21.635,8.74602
15:02:21.636,95.076842,15:02:21.636,75.153741,15:02:21.636,8.762789
15:02:21.637,95.498941,15:02:21.637,75.390116,15:02:21.637,8.765748
15:02:21.638,96.410676,15:02:21.638,75.609608,15:02:21.638,8.759172
15:02:21.639,97.964003,15:02:21.639,75.761564,15:02:21.639,8.728923
15:02:21.640,100.749859,15:02:21.640,75.727796,15:02:21.640,8.690782
15:02:21.641,104.498103,15:02:21.641,75.99794,15:02:21.641,8.681247
15:02:21.642,107.570987,15:02:21.642,76.099244,15:02:21.642,8.751938
15:02:21.643,109.799672,15:02:21.643,76.369388,15:02:21.643,8.764104
15:02:21.644,110.981551,15:02:21.644,76.403156,15:02:21.644,8.771995
15:02:21.645,111.032203,15:02:21.645,76.622647,15:02:21.645,8.769364
15:02:21.646,110.069816,15:02:21.646,76.808371,15:02:21.646,8.773639
15:02:21.647,110.643871,15:02:21.647,77.179819,15:02:21.647,8.685193
15:02:21.648,106.203385,15:02:21.648,77.196703,15:02:21.648,8.663492
15:02:21.649,103.417528,15:02:21.649,77.314891,15:02:21.649,8.728265
15:02:21.650,101.594058,15:02:21.650,77.720106,15:02:21.650,8.745034
15:02:21.651,99.82124,15:02:21.651,77.99025,15:02:21.651,8.756213
15:02:21.652,100.479716,15:02:21.652,78.07467,15:02:21.652,8.768707
15:02:21.653,104.329263,15:02:21.653,78.24351,15:02:21.653,8.695057
15:02:21.654,109.225617,15:02:21.654,78.834449,15:02:21.654,8.690454
15:02:21.655,113.497263,15:02:21.655,79.611113,15:02:21.655,8.669411
15:02:21.656,117.954633,15:02:21.656,80.252704,15:02:21.656,8.749637
15:02:21.657,122.293815,15:02:21.657,81.434583,15:02:21.657,8.738458
15:02:21.658,125.50177,15:02:21.658,83.426893,15:02:21.658,8.747006
15:02:21.659,126.970676,15:02:21.659,86.111447,15:02:21.659,8.745691
15:02:21.660,126.278433,15:02:21.660,88.846652,15:02:21.660,8.744376
15:02:21.661,125.197859,15:02:21.661,89.555779,15:02:21.661,8.670068
15:02:21.662,123.576997,15:02:21.662,89.167448,15:02:21.662,8.650669
15:02:21.663,121.500268,15:02:21.663,88.931072,15:02:21.663,8.675
15:02:21.664,118.292313,15:02:21.664,88.931072,15:02:21.664,8.736485
15:02:21.665,115.759716,15:02:21.665,89.319404,15:02:21.665,8.75161
15:02:21.666,114.915518,15:02:21.666,90.231139,15:02:21.666,8.747006
15:02:21.667,116.502611,15:02:21.667,91.092222,15:02:21.667,8.698674
15:02:21.668,120.622302,15:02:21.668,90.636354,15:02:21.668,8.671384
15:02:21.669,125.906986,15:02:21.669,89.04926,15:02:21.669,8.691111
15:02:21.670,130.668266,15:02:21.670,87.512817,15:02:21.670,8.75161
15:02:21.671,133.909989,15:02:21.671,86.702386,15:02:21.671,8.758185
15:02:21.672,134.247668,15:02:21.672,86.71927,15:02:21.672,8.756541
15:02:21.673,133.876221,15:02:21.673,87.715425,15:02:21.673,8.763117
15:02:21.674,131.580001,15:02:21.674,89.116796,15:02:21.674,8.716428
15:02:21.675,128.068134,15:02:21.675,90.838962,15:02:21.675,8.685193
15:02:21.676,123.475693,15:02:21.676,90.940266,15:02:21.676,8.689467
15:02:21.677,118.106589,15:02:21.677,90.518166,15:02:21.677,8.751938
15:02:21.678,113.834943,15:02:21.678,90.129835,15:02:21.678,8.764433
15:02:21.679,109.850324,15:02:21.679,90.180487,15:02:21.679,8.766405
15:02:21.680,106.726788,15:02:21.680,90.855846,15:02:21.680,8.748322
15:02:21.681,105.224114,15:02:21.681,92.240333,15:02:21.681,8.706893
15:02:21.682,107.807363,15:02:21.682,94.097571,15:02:21.682,2.106622
15:02:21.683,113.429728,15:02:21.683,96.528864,15:02:21.683,1.632824
15:02:21.684,118.123473,15:02:21.684,98.301682,15:02:21.684,1.266213
15:02:21.685,121.837948,15:02:21.685,98.943273,15:02:21.685,0.991666
15:02:21.686,125.248511,15:02:21.686,98.538058,15:02:21.686,0.696405
15:02:21.687,127.899294,15:02:21.687,98.284798,15:02:21.687,0.392924
15:02:21.688,128.709725,15:02:21.688,98.41987,15:02:21.688,0.094703
15:02:21.689,127.359007,15:02:21.689,98.943273,15:02:21.689,-0.086465
15:02:21.690,123.526345,15:02:21.690,99.939428,15:02:21.690,-0.153211
15:02:21.691,119.643031,15:02:21.691,100.057616,15:02:21.691,-0.193653
15:02:21.692,114.62849,15:02:21.692,99.044577,15:02:21.692,-0.216998
15:02:21.693,110.137352,15:02:21.693,97.558787,15:02:21.693,-0.219957
15:02:21.694,106.541064,15:02:21.694,96.241836,15:02:21.694,-0.212395
15:02:21.695,105.882589,15:02:21.695,94.823582,15:02:21.695,-0.198256
15:02:21.696,104.025352,15:02:21.696,94.046919,15:02:21.696,-0.171295
15:02:21.697,102.607097,15:02:21.697,94.756046,15:02:21.697,-0.130524
15:02:21.698,100.344644,15:02:21.698,95.785969,15:02:21.698,-0.081862
15:02:21.699,97.001616,15:02:21.699,98.132842,15:02:21.699,-0.030569
15:02:21.700,91.345482,15:02:21.700,100.293992,15:02:21.700,0.007572
15:02:21.701,86.736154,15:02:21.701,101.543406,15:02:21.701,0.002311
15:02:21.702,81.400815,15:02:21.702,101.577174,15:02:21.702,0.003955
15:02:21.703,75.373232,15:02:21.703,102.472025,15:02:21.703,0.00264
15:02:21.704,70.443108,15:02:21.704,105.004622,15:02:21.704,0.001982
15:02:21.705,67.978046,15:02:21.705,107.554103,15:02:21.705,0.002969
15:02:21.706,66.120808,15:02:21.706,107.216424,15:02:21.706,0.002969
15:02:21.707,65.175304,15:02:21.707,106.52418,15:02:21.707,0.001653
15:02:21.708,64.651901,15:02:21.708,105.274766,15:02:21.708,0.002311
15:02:21.709,63.824585,15:02:21.709,104.312379,15:02:21.709,0.001982
15:02:21.710,64.280453,15:02:21.710,103.518832,15:02:21.710,0.001653
15:02:21.711,65.361028,15:02:21.711,103.21492,15:02:21.711,0.002969
15:02:21.712,66.407835,15:02:21.712,102.843473,15:02:21.712,0.000996
15:02:21.713,67.218267,15:02:21.713,101.89797,15:02:21.713,0.004284
15:02:21.714,66.644211,15:02:21.714,100.682323,15:02:21.714,0.001653
15:02:21.715,65.546752,15:02:21.715,99.90566,15:02:21.715,0.001653
15:02:21.716,64.229801,15:02:21.716,100.682323,15:02:21.716,0.00264
15:02:21.717,61.882927,15:02:21.717,101.661594,15:02:21.717,0.000996
15:02:21.718,58.945113,15:02:21.718,102.927893,15:02:21.718,0.000996
15:02:21.719,56.091718,15:02:21.719,103.518832,15:02:21.719,0.002311
15:02:21.720,53.440932,15:02:21.720,103.9747,15:02:21.720,0.00264
15:02:21.721,51.178477,15:02:21.721,103.9747,15:02:21.721,0.003297
15:02:21.722,49.034211,15:02:21.722,104.143539,15:02:21.722,0.001982
15:02:21.723,47.734143,15:02:21.723,104.143539,15:02:21.723,0.00264
15:02:21.724,46.670452,15:02:21.724,103.924048,15:02:21.724,0.00264
15:02:21.725,44.846981,15:02:21.725,103.586368,15:02:21.725,0.002969
15:02:21.726,43.27677,15:02:21.726,103.198037,15:02:21.726,0.002311
15:02:21.727,42.533874,15:02:21.727,103.164269,15:02:21.727,0.000667
15:02:21.728,41.723442,15:02:21.728,102.826589,15:02:21.728,0.002311
15:02:21.729,40.913011,15:02:21.729,102.269418,15:02:21.729,0.00264
15:02:21.730,40.727287,15:02:21.730,101.762898,15:02:21.730,0.00264
15:02:21.731,40.794823,15:02:21.731,101.425219,15:02:21.731,0.001982
15:02:21.732,40.879243,15:02:21.732,101.492755,15:02:21.732,0.002311
15:02:21.733,41.064967,15:02:21.733,101.830434,15:02:21.733,0.001982
15:02:21.734,41.385763,15:02:21.734,102.370721,15:02:21.734,0.002311
15:02:21.735,41.723442,15:02:21.735,102.877241,15:02:21.735,0.002311
15:02:21.736,41.858514,15:02:21.736,103.147385,15:02:21.736,0.002969
15:02:21.737,41.622138,15:02:21.737,103.349992,15:02:21.737,0.004284
15:02:21.738,41.554602,15:02:21.738,103.485064,15:02:21.738,0.002311
15:02:21.739,41.351995,15:02:21.739,103.333108,15:02:21.739,0.003955
15:02:21.740,40.744171,15:02:21.740,103.231804,15:02:21.740,0.001653
15:02:21.741,39.899971,15:02:21.741,102.894125,15:02:21.741,0.002969
15:02:21.742,39.224612,15:02:21.742,102.674633,15:02:21.742,0.003297
15:02:21.743,38.549252,15:02:21.743,102.708401,15:02:21.743,0.003297
15:02:21.744,37.975196,15:02:21.744,102.674633,15:02:21.744,0.002969
15:02:21.745,37.789472,15:02:21.745,101.931738,15:02:21.745,0.003297
15:02:21.746,37.721936,15:02:21.746,101.509639,15:02:21.746,0.000996
15:02:21.747,37.924544,15:02:21.747,101.256379,15:02:21.747,0.003297
15:02:21.748,37.958312,15:02:21.748,100.969351,15:02:21.748,0.002969
15:02:21.749,36.185493,15:02:21.749,100.58102,15:02:21.749,0.002969
15:02:21.750,30.985223,15:02:21.750,100.41218,15:02:21.750,0.001653
15:02:21.751,24.83945,15:02:21.751,100.547252,15:02:21.751,0.00264
15:02:21.752,19.284616,15:02:21.752,100.682323,15:02:21.752,0.003297
15:02:21.753,13.560941,15:02:21.753,100.547252,15:02:21.753,0.00264
15:02:21.754,7.415167,15:02:21.754,100.564136,15:02:21.754,0.00264
15:02:21.755,1.404465,15:02:21.755,100.732975,15:02:21.755,0.000996
15:02:21.756,-2.613926,15:02:21.756,100.817395,15:02:21.756,0.003626
15:02:21.757,-3.323054,15:02:21.757,100.58102,15:02:21.757,0.004612
15:02:21.758,-3.39059,15:02:21.758,100.530368,15:02:21.758,0.003626
15:02:21.759,-3.407474,15:02:21.759,100.547252,15:02:21.759,0.003297
15:02:21.760,-3.424358,15:02:21.760,100.58102,15:02:21.760,0.00264
15:02:21.761,-3.407474,15:02:21.761,100.091384,15:02:21.761,0.002311
15:02:21.762,-3.407474,15:02:21.762,99.703053,15:02:21.762,0.000996
15:02:21.763,-3.407474,15:02:21.763,99.399141,15:02:21.763,0.002969
15:02:21.764,-3.39059,15:02:21.764,99.095229,15:02:21.764,0.003626
15:02:21.765,-3.356822,15:02:21.765,98.521174,15:02:21.765,0.002969
15:02:21.766,-3.272402,15:02:21.766,98.08219,15:02:21.766,0.00264
15:02:21.767,-2.664578,15:02:21.767,97.964003,15:02:21.767,0.001982
15:02:21.768,-0.435891,15:02:21.768,97.997771,15:02:21.768,0.003626
15:02:21.769,2.974676,15:02:21.769,97.525019,15:02:21.769,0.001653
15:02:21.770,6.773575,15:02:21.770,97.305527,15:02:21.770,0.003955
15:02:21.771,10.589358,15:02:21.771,97.10292,15:02:21.771,0.002969
15:02:21.772,14.236301,15:02:21.772,96.967848,15:02:21.772,0.002969
15:02:21.773,17.714404,15:02:21.773,96.630168,15:02:21.773,0.002969
15:02:21.774,20.753523,15:02:21.774,96.326256,15:02:21.774,0.00264
15:02:21.775,23.286122,15:02:21.775,96.360024,15:02:21.775,0.003297
15:02:21.776,25.075826,15:02:21.776,96.461328,15:02:21.776,0.00264
15:02:21.777,26.190169,15:02:21.777,96.140533,15:02:21.777,0.002311
15:02:21.778,26.359009,15:02:21.778,95.870389,15:02:21.778,0.00264
15:02:21.779,25.784953,15:02:21.779,95.836621,15:02:21.779,0.001982
15:02:21.780,24.788798,15:02:21.780,95.870389,15:02:21.780,0.004612
15:02:21.781,23.218586,15:02:21.781,95.583361,15:02:21.781,0.003297
15:02:21.782,21.276927,15:02:21.782,95.465173,15:02:21.782,0.002969
15:02:21.783,19.267732,15:02:21.783,95.397637,15:02:21.783,0.002311
15:02:21.784,17.140348,15:02:21.784,95.532709,15:02:21.784,0.003297
15:02:21.785,14.861009,15:02:21.785,95.262566,15:02:21.785,0.002969
15:02:21.786,12.49725,15:02:21.786,95.127494,15:02:21.786,0.004612
15:02:21.787,10.116607,15:02:21.787,95.059958,15:02:21.787,0.001653
15:02:21.788,7.685311,15:02:21.788,94.94177,15:02:21.788,0.001982
15:02:21.789,5.422856,15:02:21.789,94.502786,15:02:21.789,0.001982
15:02:21.790,3.396776,15:02:21.790,94.283295,15:02:21.790,0.002969
15:02:21.791,1.522653,15:02:21.791,94.165107,15:02:21.791,0.002311
15:02:21.792,0.104397,15:02:21.792,94.148223,15:02:21.792,0.002311
15:02:21.793,-0.874875,15:02:21.793,93.945615,15:02:21.793,0.001653
15:02:21.794,-1.567118,15:02:21.794,93.709239,15:02:21.794,0.002969
15:02:21.795,-1.854146,15:02:21.795,93.557283,15:02:21.795,0.002311
15:02:21.796,-1.87103,15:02:21.796,93.675471,15:02:21.796,0.002311
15:02:21.797,-1.53335,15:02:21.797,93.337792,15:02:21.797,0.002969
15:02:21.798,-0.841107,15:02:21.798,93.084532,15:02:21.798,0.00264
15:02:21.799,0.222585,15:02:21.799,92.915692,15:02:21.799,0.003955
15:02:21.800,1.742145,15:02:21.800,93.152068,15:02:21.800,0.001982
15:02:21.801,3.548732,15:02:21.801,92.797504,15:02:21.801,0.002969
15:02:21.802,5.557928,15:02:21.802,92.86504,15:02:21.802,0.003297
15:02:21.803,7.567123,15:02:21.803,92.6962,15:02:21.803,0.00264
15:02:21.804,9.576319,15:02:21.804,92.94946,15:02:21.804,0.001982
15:02:21.805,11.788122,15:02:21.805,92.831272,15:02:21.805,0.002969
15:02:21.806,13.898621,15:02:21.806,92.662432,15:02:21.806,0.00264
15:02:21.807,15.857165,15:02:21.807,92.628664,15:02:21.807,0.002311
15:02:21.808,17.579332,15:02:21.808,92.86504,15:02:21.808,0.003626
15:02:21.809,18.980704,15:02:21.809,92.628664,15:02:21.809,0.001982
15:02:21.810,19.943091,15:02:21.810,92.459824,15:02:21.810,0.00264
15:02:21.811,20.584683,15:02:21.811,92.476708,15:02:21.811,0.002969
15:02:21.812,20.989899,15:02:21.812,92.307869,15:02:21.812,0.002311
15:02:21.813,20.449611,15:02:21.813,92.088377,15:02:21.813,0.002969
15:02:21.814,19.875555,15:02:21.814,91.868885,15:02:21.814,0.002969
15:02:21.815,19.740484,15:02:21.815,91.649393,15:02:21.815,0.003297
15:02:21.816,19.369036,15:02:21.816,91.936421,15:02:21.816,0.003297
15:02:21.817,17.78194,15:02:21.817,91.632509,15:02:21.817,0.00264
15:02:21.818,15.722093,15:02:21.818,91.531205,15:02:21.818,0.003955
15:02:21.819,14.050577,15:02:21.819,91.548089,15:02:21.819,0.002969
15:02:21.820,11.889426,15:02:21.820,92.071493,15:02:21.820,0.002969
15:02:21.821,10.369866,15:02:21.821,92.155913,15:02:21.821,0.001982
15:02:21.822,9.238639,15:02:21.822,92.122145,15:02:21.822,0.000996
15:02:21.823,8.141179,15:02:21.823,92.561128,15:02:21.823,0.003297
15:02:21.824,7.128139,15:02:21.824,93.000112,15:02:21.824,0.003297
15:02:21.825,6.351476,15:02:21.825,93.1183,15:02:21.825,0.003297
15:02:21.826,5.456624,15:02:21.826,93.084532,15:02:21.826,0.002969
15:02:21.827,4.207208,15:02:21.827,93.185836,15:02:21.827,0.003297
15:02:21.828,2.82272,15:02:21.828,93.455979,15:02:21.828,0.003626
15:02:21.829,2.417505,15:02:21.829,93.405327,15:02:21.829,0.002311
15:02:21.830,3.109748,15:02:21.830,92.94946,15:02:21.830,0.002311
15:02:21.831,3.768224,15:02:21.831,92.763736,15:02:21.831,0.001653
15:02:21.832,4.359164,15:02:21.832,92.881924,15:02:21.832,0.002311
15:02:21.833,5.659232,15:02:21.833,92.645548,15:02:21.833,0.003626
15:02:21.834,6.942415,15:02:21.834,92.274101,15:02:21.834,0.00264
15:02:21.835,8.073643,15:02:21.835,92.139029,15:02:21.835,0.003297
15:02:21.836,9.171103,15:02:21.836,92.155913,15:02:21.836,0.001325
15:02:21.837,10.352982,15:02:21.837,92.155913,15:02:21.837,0.002311
15:02:21.838,11.56863,15:02:21.838,92.003957,15:02:21.838,0.002311
15:02:21.839,12.784278,15:02:21.839,92.206565,15:02:21.839,0.001982
15:02:21.840,14.219417,15:02:21.840,92.544244,15:02:21.840,0.003626
15:02:21.841,15.519485,15:02:21.841,92.729968,15:02:21.841,0.001982
15:02:21.842,16.346801,15:02:21.842,92.831272,15:02:21.842,0.003955
15:02:21.843,17.005276,15:02:21.843,92.966344,15:02:21.843,0.001653
15:02:21.844,17.494912,15:02:21.844,93.388444,15:02:21.844,0.003626
15:02:21.845,17.478028,15:02:21.845,93.793659,15:02:21.845,0.002311
15:02:21.846,17.191,15:02:21.846,93.692355,15:02:21.846,0.002969
15:02:21.847,16.887088,15:02:21.847,93.675471,15:02:21.847,0.003626
15:02:21.848,16.566293,15:02:21.848,93.928731,15:02:21.848,0.001982
15:02:21.849,16.076657,15:02:21.849,93.928731,15:02:21.849,0.001982
15:02:21.850,15.350645,15:02:21.850,93.759891,15:02:21.850,0.001982
15:02:21.851,14.354489,15:02:21.851,93.658587,15:02:21.851,0.002311
15:02:21.852,13.054422,15:02:21.852,93.726123,15:02:21.852,0.00264
15:02:21.853,11.686818,15:02:21.853,93.726123,15:02:21.853,0.001653
15:02:21.854,10.38675,15:02:21.854,93.320908,15:02:21.854,0.003626
15:02:21.855,9.272407,15:02:21.855,93.1183,15:02:21.855,0.001653
15:02:21.856,8.208715,15:02:21.856,93.253372,15:02:21.856,0.003626
15:02:21.857,7.313863,15:02:21.857,93.253372,15:02:21.857,0.001982
15:02:21.858,6.621619,15:02:21.858,93.067648,15:02:21.858,0.004612
15:02:21.859,5.86184,15:02:21.859,93.000112,15:02:21.859,0.002969
15:02:21.860,5.169596,15:02:21.860,93.20272,15:02:21.860,0.00264
15:02:21.861,4.544888,15:02:21.861,93.422211,15:02:21.861,0.002969
15:02:21.862,4.17344,15:02:21.862,93.28714,15:02:21.862,0.002311
15:02:21.863,4.156556,15:02:21.863,93.422211,15:02:21.863,0.00264
15:02:21.864,4.460468,15:02:21.864,93.607935,15:02:21.864,0.002969
15:02:21.865,4.865684,15:02:21.865,93.962499,15:02:21.865,0.002311
15:02:21.866,5.52416,15:02:21.866,93.911847,15:02:21.866,0.002311
15:02:21.867,6.165752,15:02:21.867,93.979383,15:02:21.867,0.002311
15:02:21.868,6.841111,15:02:21.868,94.232643,15:02:21.868,0.003297
15:02:21.869,7.499587,15:02:21.869,94.485902,15:02:21.869,0.001982
15:02:21.870,8.242483,15:02:21.870,94.401482,15:02:21.870,0.003297
15:02:21.871,9.187987,15:02:21.871,94.198875,15:02:21.871,0.001653
15:02:21.872,10.167258,15:02:21.872,94.401482,15:02:21.872,0.005599
15:02:21.873,11.129646,15:02:21.873,94.536554,15:02:21.873,0.001982
15:02:21.874,11.855658,15:02:21.874,94.063803,15:02:21.874,0.002311
15:02:21.875,12.66609,15:02:21.875,93.962499,15:02:21.875,0.001982
15:02:21.876,13.17261,15:02:21.876,93.928731,15:02:21.876,0.002969
15:02:21.877,13.577825,15:02:21.877,93.827427,15:02:21.877,0.00264
15:02:21.878,13.729781,15:02:21.878,93.405327,15:02:21.878,0.003626
15:02:21.879,13.831085,15:02:21.879,93.28714,15:02:21.879,0.002969
15:02:21.880,13.898621,15:02:21.880,93.28714,15:02:21.880,0.003955
15:02:21.881,13.814201,15:02:21.881,93.28714,15:02:21.881,0.002969
15:02:21.882,13.662245,15:02:21.882,93.050764,15:02:21.882,0.004612
15:02:21.883,13.51029,15:02:21.883,92.94946,15:02:21.883,0.002969
15:02:21.884,13.105074,15:02:21.884,93.016996,15:02:21.884,0.003297
15:02:21.885,12.564786,15:02:21.885,93.405327,15:02:21.885,0.00264
15:02:21.886,11.923194,15:02:21.886,93.20272,15:02:21.886,0.002311
15:02:21.887,11.163414,15:02:21.887,93.236488,15:02:21.887,0.00264
15:02:21.888,10.30233,15:02:21.888,93.472863,15:02:21.888,0.001982
15:02:21.889,9.542551,15:02:21.889,93.624819,15:02:21.889,0.000338
15:02:21.890,8.850307,15:02:21.890,93.455979,15:02:21.890,0.002311
15:02:21.891,8.107411,15:02:21.891,93.422211,15:02:21.891,0.003626
15:02:21.892,7.550239,15:02:21.892,93.422211,15:02:21.892,0.004612
15:02:21.893,7.026835,15:02:21.893,93.591051,15:02:21.893,0.002969
15:02:21.894,6.587851,15:02:21.894,93.354676,15:02:21.894,0.00264
15:02:21.895,6.317708,15:02:21.895,93.185836,15:02:21.895,0.001653
15:02:21.896,6.1151,15:02:21.896,93.1183,15:02:21.896,0.002311
15:02:21.897,5.963144,15:02:21.897,93.20272,15:02:21.897,0.00264
15:02:21.898,6.131984,15:02:21.898,92.881924,15:02:21.898,0.00264
15:02:21.899,6.351476,15:02:21.899,92.729968,15:02:21.899,0.002311
15:02:21.900,6.739807,15:02:21.900,92.578012,15:02:21.900,0.001325
15:02:21.901,7.280095,15:02:21.901,92.78062,15:02:21.901,0.003626
15:02:21.902,7.786615,15:02:21.902,92.442941,15:02:21.902,0.001653
15:02:21.903,8.377555,15:02:21.903,92.274101,15:02:21.903,0.003626
15:02:21.904,8.816539,15:02:21.904,92.172797,15:02:21.904,0.00264
15:02:21.905,9.339943,15:02:21.905,92.189681,15:02:21.905,0.003297
15:02:21.906,9.897115,15:02:21.906,92.037725,15:02:21.906,0.00264
15:02:21.907,10.369866,15:02:21.907,91.885769,15:02:21.907,0.002311
15:02:21.908,10.89327,15:02:21.908,91.784465,15:02:21.908,0.00264
15:02:21.909,11.366022,15:02:21.909,92.054609,15:02:21.909,0.001653
15:02:21.910,11.73747,15:02:21.910,91.818233,15:02:21.910,0.00264
15:02:21.911,12.024498,15:02:21.911,91.683161,15:02:21.911,0.003297
15:02:21.912,12.227106,15:02:21.912,91.750697,15:02:21.912,0.001653
15:02:21.913,12.32841,15:02:21.913,91.852001,15:02:21.913,0.003626
15:02:21.914,12.311526,15:02:21.914,91.649393,15:02:21.914,0.002311
15:02:21.915,12.193338,15:02:21.915,91.514321,15:02:21.915,0.004284
15:02:21.916,12.092034,15:02:21.916,91.548089,15:02:21.916,0.002969
15:02:21.917,11.82189,15:02:21.917,91.598741,15:02:21.917,0.004941
15:02:21.918,11.585514,15:02:21.918,91.413018,15:02:21.918,0.002311
15:02:21.919,11.180298,15:02:21.919,91.176642,15:02:21.919,0.001982
15:02:21.920,10.842618,15:02:21.920,91.058454,15:02:21.920,0.001325
15:02:21.921,10.369866,15:02:21.921,91.12599,15:02:21.921,0.001982
15:02:21.922,9.947767,15:02:21.922,90.855846,15:02:21.922,0.00264
15:02:21.923,9.508783,15:02:21.923,90.61947,15:02:21.923,0.00264
15:02:21.924,9.120451,15:02:21.924,90.416863,15:02:21.924,0.003297
15:02:21.925,8.765887,15:02:21.925,90.501282,15:02:21.925,0.00264
15:02:21.926,8.512627,15:02:21.926,90.146719,15:02:21.926,0.001653
15:02:21.927,8.360671,15:02:21.927,89.994763,15:02:21.927,0.004284
15:02:21.928,8.174947,15:02:21.928,89.944111,15:02:21.928,0.00264
15:02:21.929,8.158063,15:02:21.929,90.163603,15:02:21.929,0.002311
15:02:21.930,8.107411,15:02:21.930,90.129835,15:02:21.930,0.003626
15:02:21.931,8.174947,15:02:21.931,89.960995,15:02:21.931,0.002311
15:02:21.932,8.225599,15:02:21.932,90.011647,15:02:21.932,0.003955
15:02:21.933,8.293135,15:02:21.933,90.264907,15:02:21.933,0.00264
15:02:21.934,8.546395,15:02:21.934,90.180487,15:02:21.934,0.00264
15:02:21.935,8.732119,15:02:21.935,90.112951,15:02:21.935,0.001653
15:02:21.936,9.002263,15:02:21.936,90.096067,15:02:21.936,0.003626
15:02:21.937,9.238639,15:02:21.937,90.315559,15:02:21.937,0.003626
15:02:21.938,9.610087,15:02:21.938,90.129835,15:02:21.938,0.003626
15:02:21.939,9.947767,15:02:21.939,89.960995,15:02:21.939,0.003297
15:02:21.940,10.201026,15:02:21.940,89.859691,15:02:21.940,0.001325
15:02:21.941,10.454286,15:02:21.941,89.944111,15:02:21.941,0.001982
15:02:21.942,10.64001,15:02:21.942,89.707735,15:02:21.942,0.003297
15:02:21.943,10.910154,15:02:21.943,89.437592,15:02:21.943,0.001653
15:02:21.944,11.112762,15:02:21.944,89.336288,15:02:21.944,0.004284
15:02:21.945,11.281602,15:02:21.945,89.370056,15:02:21.945,0.001653
15:02:21.946,11.382906,15:02:21.946,89.370056,15:02:21.946,0.003955
15:02:21.947,11.382906,15:02:21.947,89.116796,15:02:21.947,0.001982
15:02:21.948,11.281602,15:02:21.948,89.015492,15:02:21.948,0.004941
15:02:21.949,11.112762,15:02:21.949,89.201216,15:02:21.949,0.003626
15:02:21.950,10.910154,15:02:21.950,89.167448,15:02:21.950,0.002311
15:02:21.951,10.707546,15:02:21.951,88.947956,15:02:21.951,0.00264
15:02:21.952,10.454286,15:02:21.952,89.032376,15:02:21.952,0.001982
15:02:21.953,10.167258,15:02:21.953,89.268752,15:02:21.953,0.001982
15:02:21.954,9.846463,15:02:21.954,89.2181,15:02:21.954,0.003297
15:02:21.955,9.610087,15:02:21.955,89.167448,15:02:21.955,0.002969
15:02:21.956,9.339943,15:02:21.956,89.150564,15:02:21.956,0.002969
15:02:21.957,9.036031,15:02:21.957,89.353172,15:02:21.957,0.000009
15:02:21.958,8.816539,15:02:21.958,89.319404,15:02:21.958,0.002969
15:02:21.959,8.563279,15:02:21.959,89.083028,15:02:21.959,0.002311
15:02:21.960,8.377555,15:02:21.960,89.015492,15:02:21.960,0.003955
15:02:21.961,8.242483,15:02:21.961,89.083028,15:02:21.961,0.003626
15:02:21.962,8.259367,15:02:21.962,89.083028,15:02:21.962,0.001982
15:02:21.963,8.158063,15:02:21.963,88.829768,15:02:21.963,0.002969
15:02:21.964,8.191831,15:02:21.964,88.728464,15:02:21.964,0.002311
15:02:21.965,8.259367,15:02:21.965,89.04926,15:02:21.965,0.001325
15:02:21.966,8.259367,15:02:21.966,88.998608,15:02:21.966,0.002969
15:02:21.967,8.326903,15:02:21.967,88.728464,15:02:21.967,0.004284
15:02:21.968,8.495743,15:02:21.968,88.644044,15:02:21.968,0.004284
15:02:21.969,8.563279,15:02:21.969,88.829768,15:02:21.969,0.00264
15:02:21.970,8.681467,15:02:21.970,88.829768,15:02:21.970,0.002969
15:02:21.971,8.799655,15:02:21.971,88.694696,15:02:21.971,0.000996
15:02:21.972,8.951611,15:02:21.972,88.762232,15:02:21.972,0.003297
15:02:21.973,9.069799,15:02:21.973,88.947956,15:02:21.973,0.00264
15:02:21.974,9.238639,15:02:21.974,89.032376,15:02:21.974,0.00264
15:02:21.975,9.356827,15:02:21.975,88.863536,15:02:21.975,0.003297
15:02:21.976,9.441247,15:02:21.976,88.88042,15:02:21.976,0.002311
15:02:21.977,9.508783,15:02:21.977,89.04926,15:02:21.977,0.003626
15:02:21.978,9.576319,15:02:21.978,89.167448,15:02:21.978,0.00264
15:02:21.979,9.626971,15:02:21.979,88.96484,15:02:21.979,0.003626
15:02:21.980,9.626971,15:02:21.980,88.998608,15:02:21.980,0.002311
15:02:21.981,9.610087,15:02:21.981,89.13368,15:02:21.981,0.00264
15:02:21.982,9.542551,15:02:21.982,89.184332,15:02:21.982,0.003297
15:02:21.983,9.525667,15:02:21.983,88.931072,15:02:21.983,0.00264
15:02:21.984,9.508783,15:02:21.984,88.796,15:02:21.984,0.003297
15:02:21.985,9.458131,15:02:21.985,88.96484,15:02:21.985,0.001982
15:02:21.986,9.356827,15:02:21.986,88.914188,15:02:21.986,0.00264
15:02:21.987,9.339943,15:02:21.987,88.677812,15:02:21.987,0.003626
15:02:21.988,9.238639,15:02:21.988,88.644044,15:02:21.988,0.001982
15:02:21.989,9.120451,15:02:21.989,88.728464,15:02:21.989,0.003297
15:02:21.990,8.968495,15:02:21.990,88.728464,15:02:21.990,0.002311
15:02:21.991,8.917843,15:02:21.991,88.559624,15:02:21.991,0.004284
15:02:21.992,8.884075,15:02:21.992,88.54274,15:02:21.992,0.002969
15:02:21.993,8.833423,15:02:21.993,88.677812,15:02:21.993,0.004941
15:02:21.994,8.799655,15:02:21.994,88.762232,15:02:21.994,0.003626
15:02:21.995,8.698351,15:02:21.995,88.610276,15:02:21.995,0.00264
15:02:21.996,8.664583,15:02:21.996,88.660928,15:02:21.996,0.001325
15:02:21.997,8.664583,15:02:21.997,88.779116,15:02:21.997,0.00264
15:02:21.998,8.647699,15:02:21.998,88.931072,15:02:21.998,0.00264
15:02:21.999,8.529511,15:02:21.999,88.846652,15:02:21.999,0.003297
15:02:22.000,8.630815,15:02:22.000,88.88042,15:02:22.000,0.003297
15:02:22.001,8.664583,15:02:22.001,88.88042,15:02:22.001,0.002969
15:02:22.002,8.647699,15:02:22.002,89.066144,15:02:22.002,0.00264
15:02:22.003,8.647699,15:02:22.003,88.897304,15:02:22.003,0.004284
15:02:22.004,8.749003,15:02:22.004,88.796,15:02:22.004,0.00264
15:02:22.005,8.799655,15:02:22.005,88.931072,15:02:22.005,0.003297
15:02:22.006,8.833423,15:02:22.006,89.015492,15:02:22.006,0.001325
15:02:22.007,8.900959,15:02:22.007,88.762232,15:02:22.007,0.00264
15:02:22.008,8.951611,15:02:22.008,88.660928,15:02:22.008,0.00264
15:02:22.009,8.968495,15:02:22.009,88.660928,15:02:22.009,0.001653
15:02:22.010,8.951611,15:02:22.010,88.71158,15:02:22.010,0.001982
15:02:22.011,8.985379,15:02:22.011,88.475205,15:02:22.011,0.00264
15:02:22.012,8.934727,15:02:22.012,88.424553,15:02:22.012,0.003626
15:02:22.013,8.951611,15:02:22.013,88.492089,15:02:22.013,0.004284
15:02:22.014,8.985379,15:02:22.014,88.54274,15:02:22.014,0.003955
15:02:22.015,9.036031,15:02:22.015,88.407669,15:02:22.015,0.002969
15:02:22.016,9.052915,15:02:22.016,88.390785,15:02:22.016,0.001982
15:02:22.017,9.019147,15:02:22.017,88.492089,15:02:22.017,0.003626
15:02:22.018,8.968495,15:02:22.018,88.62716,15:02:22.018,0.002969
15:02:22.019,8.985379,15:02:22.019,88.54274,15:02:22.019,0.003955
15:02:22.020,8.900959,15:02:22.020,88.492089,15:02:22.020,0.003955
15:02:22.021,8.934727,15:02:22.021,88.593392,15:02:22.021,0.001982
15:02:22.022,8.934727,15:02:22.022,88.71158,15:02:22.022,0.002969
15:02:22.023,9.002263,15:02:22.023,88.593392,15:02:22.023,0.00264
15:02:22.024,9.002263,15:02:22.024,88.424553,15:02:22.024,0.003626
15:02:22.025,9.052915,15:02:22.025,88.390785,15:02:22.025,0.003297
15:02:22.026,9.002263,15:02:22.026,88.593392,15:02:22.026,0.003626
15:02:22.027,8.985379,15:02:22.027,88.306365,15:02:22.027,0.003297
15:02:22.028,8.934727,15:02:22.028,88.205061,15:02:22.028,0.003297
15:02:22.029,8.850307,15:02:22.029,88.103757,15:02:22.029,0.001653
15:02:22.030,8.850307,15:02:22.030,88.323249,15:02:22.030,0.001653
15:02:22.031,8.715235,15:02:22.031,88.053105,15:02:22.031,0.001982
15:02:22.032,8.765887,15:02:22.032,87.968685,15:02:22.032,0.002311
15:02:22.033,8.816539,15:02:22.033,87.766077,15:02:22.033,0.00264
15:02:22.034,8.715235,15:02:22.034,88.002453,15:02:22.034,0.003297
15:02:22.035,8.749003,15:02:22.035,87.901149,15:02:22.035,0.002311
15:02:22.036,8.715235,15:02:22.036,87.647889,15:02:22.036,0.004284
15:02:22.037,8.698351,15:02:22.037,87.698541,15:02:22.037,0.00264
15:02:22.038,8.664583,15:02:22.038,87.951801,15:02:22.038,0.005599
15:02:22.039,8.715235,15:02:22.039,87.833613,15:02:22.039,0.001653
15:02:22.040,8.597047,15:02:22.040,87.681657,15:02:22.040,0.003297
15:02:22.041,8.563279,15:02:22.041,87.647889,15:02:22.041,0.002311
15:02:22.042,8.580163,15:02:22.042,87.766077,15:02:22.042,0.002969
15:02:22.043,8.613931,15:02:22.043,87.749193,15:02:22.043,0.003626
15:02:22.044,8.597047,15:02:22.044,87.597237,15:02:22.044,0.003955
15:02:22.045,8.647699,15:02:22.045,87.631005,15:02:22.045,0.003626
15:02:22.046,8.630815,15:02:22.046,87.816729,15:02:22.046,0.001653
15:02:22.047,8.580163,15:02:22.047,87.698541,15:02:22.047,0.001982
15:02:22.048,8.613931,15:02:22.048,87.47905,15:02:22.048,0.004941
15:02:22.049,8.512627,15:02:22.049,87.512817,15:02:22.049,0.003297
15:02:22.050,8.495743,15:02:22.050,87.631005,15:02:22.050,0.003626
15:02:22.051,8.546395,15:02:22.051,87.428398,15:02:22.051,0.002311
15:02:22.052,8.563279,15:02:22.052,87.259558,15:02:22.052,0.003955
15:02:22.053,8.529511,15:02:22.053,87.208906,15:02:22.053,0.00264
15:02:22.054,8.512627,15:02:22.054,87.208906,15:02:22.054,0.001982
15:02:22.055,8.461975,15:02:22.055,87.175138,15:02:22.055,0.001325
15:02:22.056,8.461975,15:02:22.056,86.989414,15:02:22.056,0.002969
15:02:22.057,8.495743,15:02:22.057,87.040066,15:02:22.057,0.002969
15:02:22.058,8.428207,15:02:22.058,87.107602,15:02:22.058,0.00527
15:02:22.059,8.428207,15:02:22.059,86.989414,15:02:22.059,0.002969
15:02:22.060,8.529511,15:02:22.060,86.769922,15:02:22.060,0.00264
15:02:22.061,8.445091,15:02:22.061,86.854342,15:02:22.061,0.00264
15:02:22.062,8.394439,15:02:22.062,86.955646,15:02:22.062,0.001982
15:02:22.063,8.445091,15:02:22.063,86.769922,15:02:22.063,0.001653
15:02:22.064,8.428207,15:02:22.064,86.617966,15:02:22.064,0.00264
15:02:22.065,8.411323,15:02:22.065,86.584198,15:02:22.065,0.004284
15:02:22.066,8.343787,15:02:22.066,86.736154,15:02:22.066,0.002969
15:02:22.067,8.445091,15:02:22.067,86.601082,15:02:22.067,0.003626
15:02:22.068,8.377555,15:02:22.068,86.432243,15:02:22.068,0.000996
15:02:22.069,8.428207,15:02:22.069,86.347823,15:02:22.069,0.004612
15:02:22.070,8.276251,15:02:22.070,86.533546,15:02:22.070,0.002969
15:02:22.071,8.293135,15:02:22.071,86.432243,15:02:22.071,0.00264
15:02:22.072,8.259367,15:02:22.072,86.347823,15:02:22.072,0.002311
15:02:22.073,8.242483,15:02:22.073,86.128331,15:02:22.073,0.002311
15:02:22.074,8.174947,15:02:22.074,86.347823,15:02:22.074,0.00264
15:02:22.075,8.174947,15:02:22.075,86.263403,15:02:22.075,0.002969
15:02:22.076,8.174947,15:02:22.076,86.094563,15:02:22.076,0.002311
15:02:22.077,8.141179,15:02:22.077,86.111447,15:02:22.077,0.003626
15:02:22.078,8.107411,15:02:22.078,86.212751,15:02:22.078,0.001653
15:02:22.079,8.107411,15:02:22.079,86.128331,15:02:22.079,0.002969
15:02:22.080,8.124295,15:02:22.080,86.010143,15:02:22.080,0.001982
15:02:22.081,8.090527,15:02:22.081,85.891955,15:02:22.081,0.003955
15:02:22.082,8.090527,15:02:22.082,86.060795,15:02:22.082,0.003297
15:02:22.083,8.124295,15:02:22.083,86.128331,15:02:22.083,0.002969
15:02:22.084,8.208715,15:02:22.084,85.925723,15:02:22.084,0.003626
15:02:22.085,8.225599,15:02:22.085,85.925723,15:02:22.085,0.001982
15:02:22.086,8.174947,15:02:22.086,85.976375,15:02:22.086,0.002311
15:02:22.087,8.259367,15:02:22.087,86.077679,15:02:22.087,0.003626
15:02:22.088,8.259367,15:02:22.088,85.908839,15:02:22.088,0.002969
15:02:22.089,8.293135,15:02:22.089,86.027027,15:02:22.089,0.003626
15:02:22.090,8.225599,15:02:22.090,86.111447,15:02:22.090,0.002969
15:02:22.091,8.208715,15:02:22.091,86.043911,15:02:22.091,0.00264
15:02:22.092,8.208715,15:02:22.092,85.824419,15:02:22.092,0.000667
15:02:22.093,8.208715,15:02:22.093,85.689347,15:02:22.093,0.002969
15:02:22.094,8.191831,15:02:22.094,85.807535,15:02:22.094,0.002311
15:02:22.095,8.174947,15:02:22.095,85.773767,15:02:22.095,0.002311
15:02:22.096,8.242483,15:02:22.096,85.503623,15:02:22.096,0.00264
15:02:22.097,8.259367,15:02:22.097,85.452971,15:02:22.097,0.000996
15:02:22.098,8.225599,15:02:22.098,85.537391,15:02:22.098,0.003626
15:02:22.099,8.191831,15:02:22.099,85.621811,15:02:22.099,0.001325
15:02:22.100,8.174947,15:02:22.100,85.40232,15:02:22.100,0.004284
15:02:22.101,8.191831,15:02:22.101,85.385436,15:02:22.101,0.002969
15:02:22.102,8.107411,15:02:22.102,85.469855,15:02:22.102,0.003297
15:02:22.103,8.225599,15:02:22.103,85.604927,15:02:22.103,0.00264
15:02:22.104,8.141179,15:02:22.104,85.436087,15:02:22.104,0.003297
15:02:22.105,8.141179,15:02:22.105,85.40232,15:02:22.105,0.002311
15:02:22.106,8.090527,15:02:22.106,85.486739,15:02:22.106,0.00264
15:02:22.107,8.056759,15:02:22.107,85.655579,15:02:22.107,0.003297
15:02:22.108,8.022991,15:02:22.108,85.3179,15:02:22.108,0.002969
15:02:22.109,8.006107,15:02:22.109,85.301016,15:02:22.109,0.00264
15:02:22.110,7.989223,15:02:22.110,85.301016,15:02:22.110,0.003955
15:02:22.111,7.803499,15:02:22.111,85.368552,15:02:22.111,0.002969
15:02:22.112,7.854151,15:02:22.112,85.216596,15:02:22.112,0.004284
15:02:22.113,7.820383,15:02:22.113,85.098408,15:02:22.113,0.00264
15:02:22.114,7.752847,15:02:22.114,85.14906,15:02:22.114,0.003626
15:02:22.115,7.752847,15:02:22.115,85.284132,15:02:22.115,0.00264
15:02:22.116,7.803499,15:02:22.116,85.06464,15:02:22.116,0.00264
15:02:22.117,7.752847,15:02:22.117,85.013988,15:02:22.117,0.002969
15:02:22.118,7.769731,15:02:22.118,85.165944,15:02:22.118,0.001325
15:02:22.119,7.752847,15:02:22.119,85.301016,15:02:22.119,0.003297
15:02:22.120,7.803499,15:02:22.120,85.165944,15:02:22.120,0.00264
15:02:22.121,7.871035,15:02:22.121,85.165944,15:02:22.121,0.001982
15:02:22.122,7.871035,15:02:22.122,85.182828,15:02:22.122,0.003297
15:02:22.123,7.887919,15:02:22.123,85.351668,15:02:22.123,0.001653
15:02:22.124,7.989223,15:02:22.124,85.250364,15:02:22.124,0.003297
15:02:22.125,7.921687,15:02:22.125,85.165944,15:02:22.125,0.003297
15:02:22.126,7.921687,15:02:22.126,85.098408,15:02:22.126,0.003626
15:02:22.127,7.938571,15:02:22.127,85.182828,15:02:22.127,0.003297
15:02:22.128,7.955455,15:02:22.128,84.98022,15:02:22.128,0.001325
15:02:22.129,7.938571,15:02:22.129,84.862032,15:02:22.129,0.00264
15:02:22.130,7.938571,15:02:22.130,84.929568,15:02:22.130,0.000996
15:02:22.131,7.921687,15:02:22.131,85.030872,15:02:22.131,0.001653
15:02:22.132,7.904803,15:02:22.132,84.845148,15:02:22.132,0.00264
15:02:22.133,7.904803,15:02:22.133,84.743844,15:02:22.133,0.003626
15:02:22.134,7.887919,15:02:22.134,84.760728,15:02:22.134,0.003955
15:02:22.135,7.769731,15:02:22.135,84.963336,15:02:22.135,0.003297
15:02:22.136,7.769731,15:02:22.136,84.676308,15:02:22.136,0.00264
15:02:22.137,7.752847,15:02:22.137,84.659424,15:02:22.137,0.002311
15:02:22.138,7.752847,15:02:22.138,84.743844,15:02:22.138,0.001982
15:02:22.139,7.685311,15:02:22.139,84.963336,15:02:22.139,0.001982
15:02:22.140,7.617775,15:02:22.140,84.693192,15:02:22.140,0.001982
15:02:22.141,7.617775,15:02:22.141,84.659424,15:02:22.141,0.003626
15:02:22.142,7.651543,15:02:22.142,84.625656,15:02:22.142,0.002311
15:02:22.143,7.634659,15:02:22.143,84.72696,15:02:22.143,0.003955
15:02:22.144,7.685311,15:02:22.144,84.64254,15:02:22.144,0.001653
15:02:22.145,7.634659,15:02:22.145,84.4737,15:02:22.145,0.004941
15:02:22.146,7.600891,15:02:22.146,84.541236,15:02:22.146,0.002969
15:02:22.147,7.600891,15:02:22.147,84.777612,15:02:22.147,0.002311
15:02:22.148,7.600891,15:02:22.148,84.541236,15:02:22.148,0.002969
15:02:22.149,7.600891,15:02:22.149,84.4737,15:02:22.149,0.003626
15:02:22.150,7.584007,15:02:22.150,84.372396,15:02:22.150,0.003297
15:02:22.151,7.516471,15:02:22.151,84.55812,15:02:22.151,0.003297
15:02:22.152,7.499587,15:02:22.152,84.55812,15:02:22.152,0.002311
15:02:22.153,7.584007,15:02:22.153,84.423048,15:02:22.153,0.002311
15:02:22.154,7.584007,15:02:22.154,84.372396,15:02:22.154,0.001325
15:02:22.155,7.516471,15:02:22.155,84.524352,15:02:22.155,0.003297
15:02:22.156,7.448935,15:02:22.156,84.439932,15:02:22.156,0.003297
15:02:22.157,7.432051,15:02:22.157,84.372396,15:02:22.157,0.003955
15:02:22.158,7.482703,15:02:22.158,84.372396,15:02:22.158,0.00264
15:02:22.159,7.482703,15:02:22.159,84.591888,15:02:22.159,0.004284
15:02:22.160,7.499587,15:02:22.160,84.423048,15:02:22.160,0.00264
15:02:22.161,7.499587,15:02:22.161,84.254209,15:02:22.161,0.001982
15:02:22.162,7.465819,15:02:22.162,84.254209,15:02:22.162,0.001325
15:02:22.163,7.482703,15:02:22.163,84.541236,15:02:22.163,0.002311
15:02:22.164,7.499587,15:02:22.164,84.338629,15:02:22.164,0.002969
15:02:22.165,7.482703,15:02:22.165,84.271093,15:02:22.165,0.003955
15:02:22.166,7.533355,15:02:22.166,84.102253,15:02:22.166,0.001325
15:02:22.167,7.516471,15:02:22.167,84.338629,15:02:22.167,0.00264
15:02:22.168,7.499587,15:02:22.168,84.102253,15:02:22.168,0.002311
15:02:22.169,7.482703,15:02:22.169,84.000949,15:02:22.169,0.002311
15:02:22.170,7.415167,15:02:22.170,83.950297,15:02:22.170,0.003626
15:02:22.171,7.432051,15:02:22.171,84.136021,15:02:22.171,0.002969
15:02:22.172,7.482703,15:02:22.172,84.000949,15:02:22.172,0.003955
15:02:22.173,7.381399,15:02:22.173,83.899645,15:02:22.173,0.001653
15:02:22.174,7.415167,15:02:22.174,83.798341,15:02:22.174,0.003626
15:02:22.175,7.296979,15:02:22.175,84.034717,15:02:22.175,0.00264
15:02:22.176,7.415167,15:02:22.176,83.899645,15:02:22.176,0.00264
15:02:22.177,7.398283,15:02:22.177,83.730805,15:02:22.177,0.00264
15:02:22.178,7.330747,15:02:22.178,83.832109,15:02:22.178,0.00264
15:02:22.179,7.280095,15:02:22.179,83.950297,15:02:22.179,0.00264
15:02:22.180,7.347631,15:02:22.180,83.916529,15:02:22.180,0.001982
15:02:22.181,7.448935,15:02:22.181,83.798341,15:02:22.181,0.003297
15:02:22.182,7.313863,15:02:22.182,83.730805,15:02:22.182,0.003626
15:02:22.183,7.296979,15:02:22.183,83.865877,15:02:22.183,0.002969
15:02:22.184,7.330747,15:02:22.184,83.815225,15:02:22.184,0.002969
15:02:22.185,7.398283,15:02:22.185,83.663269,15:02:22.185,0.001325
15:02:22.186,7.313863,15:02:22.186,83.528197,15:02:22.186,0.003955
15:02:22.187,7.347631,15:02:22.187,83.680153,15:02:22.187,0.00264
15:02:22.188,7.364515,15:02:22.188,83.646385,15:02:22.188,0.003955
15:02:22.189,7.347631,15:02:22.189,83.477545,15:02:22.189,0.001982
15:02:22.190,7.263211,15:02:22.190,83.443777,15:02:22.190,0.004284
15:02:22.191,7.280095,15:02:22.191,83.477545,15:02:22.191,0.002969
15:02:22.192,7.263211,15:02:22.192,83.460661,15:02:22.192,0.000996
15:02:22.193,7.195675,15:02:22.193,83.190518,15:02:22.193,0.001982
15:02:22.194,7.212559,15:02:22.194,83.15675,15:02:22.194,0.002311
15:02:22.195,7.161907,15:02:22.195,83.359357,15:02:22.195,0.003626
15:02:22.196,7.161907,15:02:22.196,83.308705,15:02:22.196,0.004612
15:02:22.197,7.145023,15:02:22.197,83.224286,15:02:22.197,0.002311
15:02:22.198,7.212559,15:02:22.198,83.021678,15:02:22.198,0.003955
15:02:22.199,7.145023,15:02:22.199,83.342473,15:02:22.199,0.001325
15:02:22.200,7.178791,15:02:22.200,83.258054,15:02:22.200,0.002311
15:02:22.201,7.094371,15:02:22.201,83.055446,15:02:22.201,0.001653
15:02:22.202,7.111255,15:02:22.202,83.021678,15:02:22.202,0.002311
15:02:22.203,7.128139,15:02:22.203,83.122982,15:02:22.203,0.002969
15:02:22.204,7.128139,15:02:22.204,83.224286,15:02:22.204,0.001982
15:02:22.205,7.145023,15:02:22.205,82.937258,15:02:22.205,0.002969
15:02:22.206,7.229443,15:02:22.206,82.954142,15:02:22.206,0.002311
15:02:22.207,7.161907,15:02:22.207,82.98791,15:02:22.207,0.002311
15:02:22.208,7.128139,15:02:22.208,83.122982,15:02:22.208,0.001653
15:02:22.209,7.111255,15:02:22.209,82.835954,15:02:22.209,0.002969
15:02:22.210,7.077487,15:02:22.210,82.717766,15:02:22.210,0.002969
15:02:22.211,7.026835,15:02:22.211,82.90349,15:02:22.211,0.002969
15:02:22.212,6.942415,15:02:22.212,82.852838,15:02:22.212,0.003626
15:02:22.213,7.026835,15:02:22.213,82.81907,15:02:22.213,0.001982
15:02:22.214,6.993067,15:02:22.214,82.852838,15:02:22.214,0.002311
15:02:22.215,6.942415,15:02:22.215,82.73465,15:02:22.215,0.001982
15:02:22.216,6.925531,15:02:22.216,82.852838,15:02:22.216,0.002311
15:02:22.217,6.959299,15:02:22.217,82.667114,15:02:22.217,0.00264
15:02:22.218,6.841111,15:02:22.218,82.582694,15:02:22.218,0.002311
15:02:22.219,6.925531,15:02:22.219,82.65023,15:02:22.219,0.003626
15:02:22.220,6.908647,15:02:22.220,82.667114,15:02:22.220,0.003297
15:02:22.221,6.908647,15:02:22.221,82.447622,15:02:22.221,0.002969
15:02:22.222,6.908647,15:02:22.222,82.413854,15:02:22.222,0.001653
15:02:22.223,6.908647,15:02:22.223,82.56581,15:02:22.223,0.002311
15:02:22.224,6.891763,15:02:22.224,82.498274,15:02:22.224,0.002311
15:02:22.225,6.976183,15:02:22.225,82.363202,15:02:22.225,0.002969
15:02:22.226,6.942415,15:02:22.226,82.31255,15:02:22.226,0.002969
15:02:22.227,6.959299,15:02:22.227,82.363202,15:02:22.227,0.002311
15:02:22.228,6.874879,15:02:22.228,82.515158,15:02:22.228,0.003626
15:02:22.229,6.908647,15:02:22.229,82.31255,15:02:22.229,0.003626
15:02:22.230,6.942415,15:02:22.230,82.245014,15:02:22.230,0.002969
15:02:22.231,6.891763,15:02:22.231,82.278782,15:02:22.231,0.001653
15:02:22.232,6.925531,15:02:22.232,82.548926,15:02:22.232,0.002311
15:02:22.233,6.874879,15:02:22.233,82.22813,15:02:22.233,0.001653
15:02:22.234,6.874879,15:02:22.234,82.177479,15:02:22.234,0.001982
15:02:22.235,6.824227,15:02:22.235,82.160595,15:02:22.235,0.002969
15:02:22.236,6.807343,15:02:22.236,82.245014,15:02:22.236,0.00264
15:02:22.237,6.841111,15:02:22.237,82.160595,15:02:22.237,0.002969
15:02:22.238,6.790459,15:02:22.238,82.008639,15:02:22.238,0.003626
15:02:22.239,6.807343,15:02:22.239,82.093059,15:02:22.239,0.002969
15:02:22.240,6.790459,15:02:22.240,82.245014,15:02:22.240,0.00264
15:02:22.241,6.773575,15:02:22.241,81.991755,15:02:22.241,0.002311
15:02:22.242,6.824227,15:02:22.242,81.941103,15:02:22.242,0.003297
15:02:22.243,6.807343,15:02:22.243,81.991755,15:02:22.243,0.00264
15:02:22.244,6.807343,15:02:22.244,82.042407,15:02:22.244,0.003626
15:02:22.245,6.874879,15:02:22.245,81.907335,15:02:22.245,0.00264
15:02:22.246,6.790459,15:02:22.246,81.806031,15:02:22.246,0.003955
15:02:22.247,6.807343,15:02:22.247,81.957987,15:02:22.247,0.002311
15:02:22.248,6.773575,15:02:22.248,81.991755,15:02:22.248,0.00264
15:02:22.249,6.790459,15:02:22.249,81.839799,15:02:22.249,0.002311
15:02:22.250,6.807343,15:02:22.250,81.789147,15:02:22.250,0.002969
15:02:22.251,6.722923,15:02:22.251,81.789147,15:02:22.251,0.002969
15:02:22.252,6.706039,15:02:22.252,81.957987,15:02:22.252,0.004284
15:02:22.253,6.722923,15:02:22.253,81.755379,15:02:22.253,0.003297
15:02:22.254,6.672271,15:02:22.254,81.637191,15:02:22.254,0.003297
15:02:22.255,6.739807,15:02:22.255,81.721611,15:02:22.255,0.003626
15:02:22.256,6.655387,15:02:22.256,81.822915,15:02:22.256,0.002969
15:02:22.257,6.604735,15:02:22.257,81.704727,15:02:22.257,0.00264
15:02:22.258,6.621619,15:02:22.258,81.586539,15:02:22.258,0.003297
15:02:22.259,6.621619,15:02:22.259,81.603423,15:02:22.259,0.004284
15:02:22.260,6.554084,15:02:22.260,81.721611,15:02:22.260,0.002311
15:02:22.261,6.672271,15:02:22.261,81.586539,15:02:22.261,0.002311
15:02:22.262,6.672271,15:02:22.262,81.451467,15:02:22.262,0.004941
15:02:22.263,6.672271,15:02:22.263,81.350163,15:02:22.263,0.004284
15:02:22.264,6.655387,15:02:22.264,81.586539,15:02:22.264,0.003626
15:02:22.265,6.689155,15:02:22.265,81.502119,15:02:22.265,0.001982
15:02:22.266,6.672271,15:02:22.266,81.417699,15:02:22.266,0.001982
15:02:22.267,6.689155,15:02:22.267,81.434583,15:02:22.267,0.002969
15:02:22.268,6.587851,15:02:22.268,81.670959,15:02:22.268,0.003626
15:02:22.269,6.587851,15:02:22.269,81.417699,15:02:22.269,0.00264
15:02:22.270,6.570967,15:02:22.270,81.400815,15:02:22.270,0.003626
15:02:22.271,6.520316,15:02:22.271,81.350163,15:02:22.271,0.003626
15:02:22.272,6.469664,15:02:22.272,81.519003,15:02:22.272,0.002311
15:02:22.273,6.503432,15:02:22.273,81.434583,15:02:22.273,0.002311
15:02:22.274,6.486548,15:02:22.274,81.367047,15:02:22.274,0.002311
15:02:22.275,6.486548,15:02:22.275,81.282627,15:02:22.275,0.001982
15:02:22.276,6.435896,15:02:22.276,81.383931,15:02:22.276,0.002969
15:02:22.277,6.385244,15:02:22.277,81.316395,15:02:22.277,0.00264
15:02:22.278,6.419012,15:02:22.278,81.113787,15:02:22.278,0.00264
15:02:22.279,6.402128,15:02:22.279,81.164439,15:02:22.279,0.00264
15:02:22.280,6.36836,15:02:22.280,81.316395,15:02:22.280,0.00264
15:02:22.281,6.36836,15:02:22.281,81.164439,15:02:22.281,0.00264
15:02:22.282,6.36836,15:02:22.282,81.063136,15:02:22.282,0.00264
15:02:22.283,6.402128,15:02:22.283,81.046252,15:02:22.283,0.002969
15:02:22.284,6.385244,15:02:22.284,81.231975,15:02:22.284,0.001982
15:02:22.285,6.419012,15:02:22.285,81.046252,15:02:22.285,0.003626
15:02:22.286,6.45278,15:02:22.286,81.046252,15:02:22.286,0.001653
15:02:22.287,6.435896,15:02:22.287,80.928064,15:02:22.287,0.001653
15:02:22.288,6.385244,15:02:22.288,81.130671,15:02:22.288,0.002311
15:02:22.289,6.435896,15:02:22.289,81.012484,15:02:22.289,0.00264
15:02:22.290,6.435896,15:02:22.290,80.944948,15:02:22.290,0.003297
15:02:22.291,6.36836,15:02:22.291,80.843644,15:02:22.291,0.00264
15:02:22.292,6.334592,15:02:22.292,81.063136,15:02:22.292,0.001982
15:02:22.293,6.351476,15:02:22.293,80.944948,15:02:22.293,0.002969
15:02:22.294,6.385244,15:02:22.294,80.776108,15:02:22.294,0.001653
15:02:22.295,6.334592,15:02:22.295,80.792992,15:02:22.295,0.003626
15:02:22.296,6.317708,15:02:22.296,80.944948,15:02:22.296,0.001653
15:02:22.297,6.317708,15:02:22.297,80.82676,15:02:22.297,0.00264
15:02:22.298,6.317708,15:02:22.298,80.74234,15:02:22.298,0.002311
15:02:22.299,6.267056,15:02:22.299,80.641036,15:02:22.299,0.002969
15:02:22.300,6.267056,15:02:22.300,80.776108,15:02:22.300,0.002969
15:02:22.301,6.300824,15:02:22.301,80.776108,15:02:22.301,0.001982
15:02:22.302,6.28394,15:02:22.302,80.522848,15:02:22.302,0.002311
15:02:22.303,6.334592,15:02:22.303,80.5735,15:02:22.303,0.001653
15:02:22.304,6.28394,15:02:22.304,80.641036,15:02:22.304,0.003626
15:02:22.305,6.351476,15:02:22.305,80.674804,15:02:22.305,0.002311
15:02:22.306,6.317708,15:02:22.306,80.48908,15:02:22.306,0.00264
15:02:22.307,6.28394,15:02:22.307,80.455312,15:02:22.307,0.003297
15:02:22.308,6.300824,15:02:22.308,80.674804,15:02:22.308,0.001982
15:02:22.309,6.233288,15:02:22.309,80.65792,15:02:22.309,0.002969
15:02:22.310,6.182636,15:02:22.310,80.48908,15:02:22.310,0.00264
15:02:22.311,6.19952,15:02:22.311,80.556616,15:02:22.311,0.003955
15:02:22.312,6.19952,15:02:22.312,80.641036,15:02:22.312,0.003297
15:02:22.313,6.148868,15:02:22.313,80.556616,15:02:22.313,0.00264
15:02:22.314,6.182636,15:02:22.314,80.32024,15:02:22.314,0.002311
15:02:22.315,6.1151,15:02:22.315,80.40466,15:02:22.315,0.003297
15:02:22.316,6.1151,15:02:22.316,80.472196,15:02:22.316,0.004612
15:02:22.317,6.081332,15:02:22.317,80.48908,15:02:22.317,0.002311
15:02:22.318,6.098216,15:02:22.318,80.303356,15:02:22.318,0.004941
15:02:22.319,6.047564,15:02:22.319,80.218936,15:02:22.319,0.002969
15:02:22.320,6.081332,15:02:22.320,80.337124,15:02:22.320,0.002311
15:02:22.321,6.131984,15:02:22.321,80.286472,15:02:22.321,0.001653
15:02:22.322,6.1151,15:02:22.322,80.168284,15:02:22.322,0.003297
15:02:22.323,6.148868,15:02:22.323,80.033212,15:02:22.323,0.002969
15:02:22.324,6.182636,15:02:22.324,80.168284,15:02:22.324,0.002969
15:02:22.325,6.165752,15:02:22.325,80.23582,15:02:22.325,0.00264
15:02:22.326,6.165752,15:02:22.326,79.999444,15:02:22.326,0.002969
15:02:22.327,6.216404,15:02:22.327,79.965676,15:02:22.327,0.002311
15:02:22.328,6.1151,15:02:22.328,80.134516,15:02:22.328,0.002969
15:02:22.329,6.081332,15:02:22.329,80.218936,15:02:22.329,0.002969
15:02:22.330,6.081332,15:02:22.330,79.931909,15:02:22.330,0.002311
15:02:22.331,6.1151,15:02:22.331,79.948793,15:02:22.331,0.00264
15:02:22.332,6.081332,15:02:22.332,79.98256,15:02:22.332,0.00264
15:02:22.333,6.047564,15:02:22.333,79.999444,15:02:22.333,0.003626
15:02:22.334,6.1151,15:02:22.334,79.881257,15:02:22.334,0.000996
15:02:22.335,6.047564,15:02:22.335,79.830605,15:02:22.335,0.004284
15:02:22.336,5.963144,15:02:22.336,79.965676,15:02:22.336,0.00264
15:02:22.337,5.980028,15:02:22.337,79.98256,15:02:22.337,0.002969
15:02:22.338,5.996912,15:02:22.338,79.847489,15:02:22.338,0.003297
15:02:22.339,5.929376,15:02:22.339,79.712417,15:02:22.339,0.001982
15:02:22.340,5.912492,15:02:22.340,79.763069,15:02:22.340,0.003626
15:02:22.341,5.895608,15:02:22.341,79.796837,15:02:22.341,0.001982
15:02:22.342,5.912492,15:02:22.342,79.611113,15:02:22.342,0.002311
15:02:22.343,5.94626,15:02:22.343,79.577345,15:02:22.343,0.00264
15:02:22.344,5.912492,15:02:22.344,79.627997,15:02:22.344,0.00264
15:02:22.345,5.86184,15:02:22.345,79.729301,15:02:22.345,0.002311
15:02:22.346,5.929376,15:02:22.346,79.509809,15:02:22.346,0.002969
15:02:22.347,5.980028,15:02:22.347,79.425389,15:02:22.347,0.003297
15:02:22.348,5.895608,15:02:22.348,79.543577,15:02:22.348,0.001982
15:02:22.349,5.878724,15:02:22.349,79.627997,15:02:22.349,0.003297
15:02:22.350,5.844956,15:02:22.350,79.374737,15:02:22.350,0.003297
15:02:22.351,5.912492,15:02:22.351,79.374737,15:02:22.351,0.002969
15:02:22.352,5.86184,15:02:22.352,79.509809,15:02:22.352,0.001325
15:02:22.353,5.912492,15:02:22.353,79.492925,15:02:22.353,0.001653
15:02:22.354,5.828072,15:02:22.354,79.374737,15:02:22.354,0.004284
15:02:22.355,5.811188,15:02:22.355,79.290317,15:02:22.355,0.002969
15:02:22.356,5.811188,15:02:22.356,79.374737,15:02:22.356,0.001653
15:02:22.357,5.811188,15:02:22.357,79.543577,15:02:22.357,0.002969
15:02:22.358,5.811188,15:02:22.358,79.307201,15:02:22.358,0.002311
15:02:22.359,5.811188,15:02:22.359,79.138361,15:02:22.359,0.002311
15:02:22.360,5.77742,15:02:22.360,79.222781,15:02:22.360,0.003626
15:02:22.361,5.77742,15:02:22.361,79.307201,15:02:22.361,0.00264
15:02:22.362,5.811188,15:02:22.362,79.104593,15:02:22.362,0.002311
15:02:22.363,5.86184,15:02:22.363,79.070825,15:02:22.363,0.001653
15:02:22.364,5.828072,15:02:22.364,79.121477,15:02:22.364,0.001325
15:02:22.365,5.86184,15:02:22.365,79.256549,15:02:22.365,0.003626
15:02:22.366,5.878724,15:02:22.366,79.053941,15:02:22.366,0.003626
15:02:22.367,5.86184,15:02:22.367,78.986405,15:02:22.367,0.002311
15:02:22.368,5.828072,15:02:22.368,79.003289,15:02:22.368,0.00264
15:02:22.369,5.77742,15:02:22.369,79.172129,15:02:22.369,0.001325
15:02:22.370,5.77742,15:02:22.370,78.969521,15:02:22.370,0.001982
15:02:22.371,5.726768,15:02:22.371,78.851333,15:02:22.371,0.00264
15:02:22.372,5.760536,15:02:22.372,78.935753,15:02:22.372,0.00264
15:02:22.373,5.743652,15:02:22.373,79.053941,15:02:22.373,0.00264
15:02:22.374,5.726768,15:02:22.374,78.885101,15:02:22.374,0.002311
15:02:22.375,5.676116,15:02:22.375,78.901985,15:02:22.375,0.003297
15:02:22.376,5.625464,15:02:22.376,78.783798,15:02:22.376,0.001653
15:02:22.377,5.574812,15:02:22.377,78.868217,15:02:22.377,0.00264
15:02:22.378,5.591696,15:02:22.378,78.783798,15:02:22.378,0.00264
15:02:22.379,5.52416,15:02:22.379,78.682494,15:02:22.379,0.001982
15:02:22.380,5.574812,15:02:22.380,78.66561,15:02:22.380,0.003297
15:02:22.381,5.574812,15:02:22.381,78.817566,15:02:22.381,0.00264
15:02:22.382,5.557928,15:02:22.382,78.631842,15:02:22.382,0.002311
15:02:22.383,5.591696,15:02:22.383,78.547422,15:02:22.383,0.002311
15:02:22.384,5.625464,15:02:22.384,78.66561,15:02:22.384,0.003626
15:02:22.385,5.557928,15:02:22.385,78.800682,15:02:22.385,0.003297
15:02:22.386,5.642348,15:02:22.386,78.682494,15:02:22.386,0.001982
15:02:22.387,5.659232,15:02:22.387,78.614958,15:02:22.387,0.00264
15:02:22.388,5.659232,15:02:22.388,78.631842,15:02:22.388,0.001982
15:02:22.389,5.557928,15:02:22.389,78.834449,15:02:22.389,0.001982
15:02:22.390,5.490392,15:02:22.390,78.648726,15:02:22.390,0.00264
15:02:22.391,5.52416,15:02:22.391,78.513654,15:02:22.391,0.000996
15:02:22.392,5.591696,15:02:22.392,78.463002,15:02:22.392,0.003955
15:02:22.393,5.557928,15:02:22.393,78.66561,15:02:22.393,0.001982
15:02:22.394,5.507276,15:02:22.394,78.530538,15:02:22.394,0.003297
15:02:22.395,5.490392,15:02:22.395,78.395466,15:02:22.395,0.002969
15:02:22.396,5.456624,15:02:22.396,78.277278,15:02:22.396,0.003626
15:02:22.397,5.490392,15:02:22.397,78.41235,15:02:22.397,0.001982
15:02:22.398,5.507276,15:02:22.398,78.344814,15:02:22.398,0.001653
15:02:22.399,5.507276,15:02:22.399,78.192858,15:02:22.399,0.002311
15:02:22.400,5.52416,15:02:22.400,78.175974,15:02:22.400,0.003297
15:02:22.401,5.43974,15:02:22.401,78.32793,15:02:22.401,0.003626
15:02:22.402,5.473508,15:02:22.402,78.311046,15:02:22.402,0.00264
15:02:22.403,5.574812,15:02:22.403,78.15909,15:02:22.403,0.002969
15:02:22.404,5.507276,15:02:22.404,78.260394,15:02:22.404,0.002969
15:02:22.405,5.490392,15:02:22.405,78.446118,15:02:22.405,0.002969
15:02:22.406,5.52416,15:02:22.406,78.260394,15:02:22.406,0.002311
15:02:22.407,5.557928,15:02:22.407,78.057786,15:02:22.407,0.00264
15:02:22.408,5.507276,15:02:22.408,78.125322,15:02:22.408,0.003626
15:02:22.409,5.541044,15:02:22.409,78.260394,15:02:22.409,0.001982
15:02:22.410,5.43974,15:02:22.410,78.226626,15:02:22.410,0.001982
15:02:22.411,5.456624,15:02:22.411,78.040902,15:02:22.411,0.003297
15:02:22.412,5.389088,15:02:22.412,77.956482,15:02:22.412,0.003626
15:02:22.413,5.372204,15:02:22.413,78.209742,15:02:22.413,0.003955
15:02:22.414,5.338436,15:02:22.414,78.091554,15:02:22.414,0.00264
15:02:22.415,5.35532,15:02:22.415,77.956482,15:02:22.415,0.001982
15:02:22.416,5.338436,15:02:22.416,77.922714,15:02:22.416,0.003626
15:02:22.417,5.2709,15:02:22.417,77.973366,15:02:22.417,0.002969
15:02:22.418,5.304668,15:02:22.418,77.939598,15:02:22.418,0.002969
15:02:22.419,5.254016,15:02:22.419,77.787642,15:02:22.419,0.002311
15:02:22.420,5.287784,15:02:22.420,77.855178,15:02:22.420,0.001982
15:02:22.421,5.254016,15:02:22.421,78.007134,15:02:22.421,0.003297
15:02:22.422,5.2709,15:02:22.422,77.922714,15:02:22.422,0.002311
15:02:22.423,5.2709,15:02:22.423,77.753874,15:02:22.423,0.003626
15:02:22.424,5.2709,15:02:22.424,77.804526,15:02:22.424,0.003297
15:02:22.425,5.304668,15:02:22.425,77.939598,15:02:22.425,0.00264
15:02:22.426,5.304668,15:02:22.426,77.90583,15:02:22.426,0.00264
15:02:22.427,5.338436,15:02:22.427,77.838294,15:02:22.427,0.002311
15:02:22.428,5.304668,15:02:22.428,77.720106,15:02:22.428,0.002311
15:02:22.429,5.220248,15:02:22.429,77.838294,15:02:22.429,0.00264
15:02:22.430,5.254016,15:02:22.430,77.838294,15:02:22.430,0.003626
15:02:22.431,5.18648,15:02:22.431,77.601919,15:02:22.431,0.002969
15:02:22.432,5.220248,15:02:22.432,77.568151,15:02:22.432,0.002969
15:02:22.433,5.254016,15:02:22.433,77.720106,15:02:22.433,0.002311
15:02:22.434,5.2709,15:02:22.434,77.652571,15:02:22.434,0.002969
15:02:22.435,5.220248,15:02:22.435,77.483731,15:02:22.435,0.00264
15:02:22.436,5.169596,15:02:22.436,77.399311,15:02:22.436,0.001653
15:02:22.437,5.203364,15:02:22.437,77.551267,15:02:22.437,0.00264
15:02:22.438,5.203364,15:02:22.438,77.635687,15:02:22.438,0.00264
15:02:22.439,5.152712,15:02:22.439,77.382427,15:02:22.439,0.002311
15:02:22.440,5.152712,15:02:22.440,77.382427,15:02:22.440,0.00264
15:02:22.441,5.152712,15:02:22.441,77.483731,15:02:22.441,0.002969
15:02:22.442,5.135828,15:02:22.442,77.585035,15:02:22.442,0.003626
15:02:22.443,5.237132,15:02:22.443,77.298007,15:02:22.443,0.003955
15:02:22.444,5.152712,15:02:22.444,77.365543,15:02:22.444,0.001653
15:02:22.445,5.169596,15:02:22.445,77.416195,15:02:22.445,0.00264
15:02:22.446,5.18648,15:02:22.446,77.534383,15:02:22.446,0.001653
15:02:22.447,5.152712,15:02:22.447,77.348659,15:02:22.447,0.00264
15:02:22.448,5.18648,15:02:22.448,77.281123,15:02:22.448,0.002311
15:02:22.449,5.135828,15:02:22.449,77.331775,15:02:22.449,0.003297
15:02:22.450,5.051408,15:02:22.450,77.382427,15:02:22.450,0.00264
15:02:22.451,5.051408,15:02:22.451,77.331775,15:02:22.451,0.003626
15:02:22.452,5.068292,15:02:22.452,77.281123,15:02:22.452,0.002969
15:02:22.453,5.051408,15:02:22.453,77.331775,15:02:22.453,0.003297
15:02:22.454,5.068292,15:02:22.454,77.264239,15:02:22.454,0.001982
15:02:22.455,5.01764,15:02:22.455,77.112283,15:02:22.455,0.001982
15:02:22.456,5.051408,15:02:22.456,76.977211,15:02:22.456,0.003297
15:02:22.457,5.000756,15:02:22.457,77.179819,15:02:22.457,0.002969
15:02:22.458,4.93322,15:02:22.458,77.196703,15:02:22.458,0.002311
15:02:22.459,4.983872,15:02:22.459,76.960327,15:02:22.459,0.001325
15:02:22.460,5.01764,15:02:22.460,76.977211,15:02:22.460,0.002311
15:02:22.461,4.983872,15:02:22.461,76.977211,15:02:22.461,0.003297
15:02:22.462,5.000756,15:02:22.462,77.129167,15:02:22.462,0.003297
15:02:22.463,5.051408,15:02:22.463,76.977211,15:02:22.463,0.001653
15:02:22.464,5.034524,15:02:22.464,76.875907,15:02:22.464,0.00264
15:02:22.465,5.068292,15:02:22.465,76.977211,15:02:22.465,0.00264
15:02:22.466,5.051408,15:02:22.466,77.061631,15:02:22.466,0.003626
15:02:22.467,5.034524,15:02:22.467,76.909675,15:02:22.467,0.002969
15:02:22.468,5.051408,15:02:22.468,76.723951,15:02:22.468,0.002969
15:02:22.469,4.983872,15:02:22.469,76.892791,15:02:22.469,0.003626
15:02:22.470,4.966988,15:02:22.470,77.010979,15:02:22.470,0.001982
15:02:22.471,5.01764,15:02:22.471,76.791487,15:02:22.471,0.003626
15:02:22.472,5.01764,15:02:22.472,76.707067,15:02:22.472,0.00264
15:02:22.473,4.93322,15:02:22.473,76.707067,15:02:22.473,0.00264
15:02:22.474,4.899452,15:02:22.474,76.757719,15:02:22.474,0.00264
15:02:22.475,4.93322,15:02:22.475,76.588879,15:02:22.475,0.002969
15:02:22.476,4.983872,15:02:22.476,76.555111,15:02:22.476,0.003626
15:02:22.477,4.950104,15:02:22.477,76.639531,15:02:22.477,0.00264
15:02:22.478,4.882568,15:02:22.478,76.707067,15:02:22.478,0.002311
15:02:22.479,4.899452,15:02:22.479,76.487575,15:02:22.479,0.002311
15:02:22.480,4.899452,15:02:22.480,76.403156,15:02:22.480,0.002969
15:02:22.481,4.93322,15:02:22.481,76.538227,15:02:22.481,0.003626
15:02:22.482,4.865684,15:02:22.482,76.622647,15:02:22.482,0.002311
15:02:22.483,4.865684,15:02:22.483,76.521343,15:02:22.483,0.002311
15:02:22.484,4.865684,15:02:22.484,76.504459,15:02:22.484,0.00264
15:02:22.485,4.882568,15:02:22.485,76.403156,15:02:22.485,0.00264
15:02:22.486,4.882568,15:02:22.486,76.487575,15:02:22.486,0.001982
15:02:22.487,4.916336,15:02:22.487,76.42004,15:02:22.487,0.002311
15:02:22.488,4.865684,15:02:22.488,76.386272,15:02:22.488,0.001982
15:02:22.489,4.899452,15:02:22.489,76.352504,15:02:22.489,0.001653
15:02:22.490,4.781264,15:02:22.490,76.487575,15:02:22.490,0.002969
15:02:22.491,4.798148,15:02:22.491,76.200548,15:02:22.491,0.003955
15:02:22.492,4.815032,15:02:22.492,76.301852,15:02:22.492,0.003626
15:02:22.493,4.76438,15:02:22.493,76.301852,15:02:22.493,0.00264
15:02:22.494,4.730612,15:02:22.494,76.386272,15:02:22.494,0.000996
15:02:22.495,4.76438,15:02:22.495,76.200548,15:02:22.495,0.002969
15:02:22.496,4.730612,15:02:22.496,76.149896,15:02:22.496,0.003297
15:02:22.497,4.747496,15:02:22.497,76.16678,15:02:22.497,0.004941
15:02:22.498,4.730612,15:02:22.498,76.2512,15:02:22.498,0.00264
15:02:22.499,4.629308,15:02:22.499,76.149896,15:02:22.499,0.002311
15:02:22.500,4.713728,15:02:22.500,76.048592,15:02:22.500,0.00264
15:02:22.501,4.696844,15:02:22.501,76.065476,15:02:22.501,0.003626
15:02:22.502,4.612424,15:02:22.502,76.200548,15:02:22.502,0.003955
15:02:22.503,4.67996,15:02:22.503,76.099244,15:02:22.503,0.003626
15:02:22.504,4.67996,15:02:22.504,76.031708,15:02:22.504,0.003955
15:02:22.505,4.713728,15:02:22.505,75.964172,15:02:22.505,0.003626
15:02:22.506,4.747496,15:02:22.506,76.16678,15:02:22.506,0.00264
15:02:22.507,4.730612,15:02:22.507,76.065476,15:02:22.507,0.00264
15:02:22.508,4.781264,15:02:22.508,75.99794,15:02:22.508,0.003955
15:02:22.509,4.713728,15:02:22.509,75.947288,15:02:22.509,0.00264
15:02:22.510,4.713728,15:02:22.510,76.048592,15:02:22.510,0.002969
15:02:22.511,4.67996,15:02:22.511,75.879752,15:02:22.511,0.002311
15:02:22.512,4.646192,15:02:22.512,75.879752,15:02:22.512,0.004941
15:02:22.513,4.696844,15:02:22.513,75.761564,15:02:22.513,0.00264
15:02:22.514,4.578656,15:02:22.514,75.947288,15:02:22.514,0.002311
15:02:22.515,4.663076,15:02:22.515,75.761564,15:02:22.515,0.002311
15:02:22.516,4.67996,15:02:22.516,75.795332,15:02:22.516,0.00264
15:02:22.517,4.612424,15:02:22.517,75.694028,15:02:22.517,0.003626
15:02:22.518,4.612424,15:02:22.518,75.795332,15:02:22.518,0.003626
15:02:22.519,4.578656,15:02:22.519,75.778448,15:02:22.519,0.001982
15:02:22.520,4.51112,15:02:22.520,75.626492,15:02:22.520,0.002311
15:02:22.521,4.544888,15:02:22.521,75.643376,15:02:22.521,0.001982
15:02:22.522,4.663076,15:02:22.522,75.795332,15:02:22.522,0.003626
15:02:22.523,4.629308,15:02:22.523,75.74468,15:02:22.523,0.003626
15:02:22.524,4.59554,15:02:22.524,75.626492,15:02:22.524,0.001653
15:02:22.525,4.629308,15:02:22.525,75.525188,15:02:22.525,0.002969
15:02:22.526,4.528004,15:02:22.526,75.710912,15:02:22.526,0.003297
15:02:22.527,4.578656,15:02:22.527,75.727796,15:02:22.527,0.001653
15:02:22.528,4.544888,15:02:22.528,75.592724,15:02:22.528,0.003626
15:02:22.529,4.561772,15:02:22.529,75.542072,15:02:22.529,0.003955
15:02:22.530,4.477352,15:02:22.530,75.57584,15:02:22.530,0.003297
15:02:22.531,4.578656,15:02:22.531,75.558956,15:02:22.531,0.001653
15:02:22.532,4.544888,15:02:22.532,75.440768,15:02:22.532,0.001653
15:02:22.533,4.51112,15:02:22.533,75.356348,15:02:22.533,0.003297
15:02:22.534,4.494236,15:02:22.534,75.508304,15:02:22.534,0.003626
15:02:22.535,4.460468,15:02:22.535,75.474536,15:02:22.535,0.003626
15:02:22.536,4.528004,15:02:22.536,75.305696,15:02:22.536,0.004941
15:02:22.537,4.494236,15:02:22.537,75.32258,15:02:22.537,0.001653
15:02:22.538,4.477352,15:02:22.538,75.474536,15:02:22.538,0.00264
15:02:22.539,4.477352,15:02:22.539,75.407,15:02:22.539,0.001982
15:02:22.540,4.477352,15:02:22.540,75.255045,15:02:22.540,0.002311
15:02:22.541,4.443584,15:02:22.541,75.238161,15:02:22.541,0.003297
15:02:22.542,4.460468,15:02:22.542,75.390116,15:02:22.542,0.00264
15:02:22.543,4.460468,15:02:22.543,75.390116,15:02:22.543,0.003297
15:02:22.544,4.460468,15:02:22.544,75.221277,15:02:22.544,0.002969
15:02:22.545,4.544888,15:02:22.545,75.119973,15:02:22.545,0.003626
15:02:22.546,4.443584,15:02:22.546,75.255045,15:02:22.546,0.003297
15:02:22.547,4.460468,15:02:22.547,75.288812,15:02:22.547,0.00264
15:02:22.548,4.477352,15:02:22.548,74.984901,15:02:22.548,0.001653
15:02:22.549,4.392932,15:02:22.549,75.069321,15:02:22.549,0.001653
15:02:22.550,4.409816,15:02:22.550,75.288812,15:02:22.550,0.003626
15:02:22.551,4.359164,15:02:22.551,75.153741,15:02:22.551,0.00264
15:02:22.552,4.392932,15:02:22.552,75.001785,15:02:22.552,0.003626
15:02:22.553,4.4267,15:02:22.553,74.849829,15:02:22.553,0.003297
15:02:22.554,4.308512,15:02:22.554,75.052437,15:02:22.554,0.002311
15:02:22.555,4.376048,15:02:22.555,75.035553,15:02:22.555,0.00264
15:02:22.556,4.376048,15:02:22.556,74.934249,15:02:22.556,0.00264
15:02:22.557,4.376048,15:02:22.557,74.832945,15:02:22.557,0.002311
15:02:22.558,4.291628,15:02:22.558,75.018669,15:02:22.558,0.003626
15:02:22.559,4.274744,15:02:22.559,74.917365,15:02:22.559,0.002311
15:02:22.560,4.274744,15:02:22.560,74.816061,15:02:22.560,0.002311
15:02:22.561,4.308512,15:02:22.561,74.748525,15:02:22.561,0.00264
15:02:22.562,4.240976,15:02:22.562,74.849829,15:02:22.562,0.00264
15:02:22.563,4.325396,15:02:22.563,74.816061,15:02:22.563,0.001982
15:02:22.564,4.359164,15:02:22.564,74.832945,15:02:22.564,0.002969
15:02:22.565,4.376048,15:02:22.565,74.799177,15:02:22.565,0.001653
15:02:22.566,4.291628,15:02:22.566,74.832945,15:02:22.566,0.00264
15:02:22.567,4.240976,15:02:22.567,74.866713,15:02:22.567,0.003297
15:02:22.568,4.325396,15:02:22.568,74.697873,15:02:22.568,0.001982
15:02:22.569,4.308512,15:02:22.569,74.579685,15:02:22.569,0.002969
15:02:22.570,4.274744,15:02:22.570,74.680989,15:02:22.570,0.002969
15:02:22.571,4.240976,15:02:22.571,74.782293,15:02:22.571,0.001982
15:02:22.572,4.25786,15:02:22.572,74.647221,15:02:22.572,0.002969
15:02:22.573,4.240976,15:02:22.573,74.478381,15:02:22.573,0.00264
15:02:22.574,4.207208,15:02:22.574,74.596569,15:02:22.574,0.00264
15:02:22.575,4.224092,15:02:22.575,74.697873,15:02:22.575,0.002969
15:02:22.576,4.190324,15:02:22.576,74.562801,15:02:22.576,0.003297
15:02:22.577,4.240976,15:02:22.577,74.444613,15:02:22.577,0.002311
15:02:22.578,4.122788,15:02:22.578,74.512149,15:02:22.578,0.002311
15:02:22.579,4.17344,15:02:22.579,74.714757,15:02:22.579,0.002969
15:02:22.580,4.207208,15:02:22.580,74.562801,15:02:22.580,0.003626
15:02:22.581,4.207208,15:02:22.581,74.495265,15:02:22.581,0.00264
15:02:22.582,4.240976,15:02:22.582,74.478381,15:02:22.582,0.001653
15:02:22.583,4.224092,15:02:22.583,74.545917,15:02:22.583,0.003955
15:02:22.584,4.291628,15:02:22.584,74.360193,15:02:22.584,0.003297
15:02:22.585,4.17344,15:02:22.585,74.309541,15:02:22.585,0.024998
15:02:22.586,4.240976,15:02:22.586,74.326425,15:02:22.586,3.039423
15:02:22.587,4.224092,15:02:22.587,74.478381,15:02:22.587,7.75536
15:02:22.588,4.17344,15:02:22.588,74.292657,15:02:22.588,8.609899
15:02:22.589,4.207208,15:02:22.589,74.275773,15:02:22.589,8.620092
15:02:22.590,4.240976,15:02:22.590,74.360193,15:02:22.590,8.637846
15:02:22.591,4.139672,15:02:22.591,74.360193,15:02:22.591,8.653957
15:02:22.592,4.105904,15:02:22.592,74.208237,15:02:22.592,8.67237
15:02:22.593,4.055252,15:02:22.593,74.056282,15:02:22.593,8.69966
15:02:22.594,4.0046,15:02:22.594,74.157585,15:02:22.594,8.718401
15:02:22.595,3.937064,15:02:22.595,74.275773,15:02:22.595,8.711168
15:02:22.596,4.021484,15:02:22.596,74.157585,15:02:22.596,8.658561
15:02:22.597,4.055252,15:02:22.597,74.039398,15:02:22.597,8.648368
15:02:22.598,4.392932,15:02:22.598,73.870558,15:02:22.598,8.729251
15:02:22.599,4.815032,15:02:22.599,74.157585,15:02:22.599,8.76509
15:02:22.600,5.557928,15:02:22.600,74.00563,15:02:22.600,8.76772
15:02:22.601,7.009951,15:02:22.601,73.938094,15:02:22.601,8.753911
15:02:22.602,9.863347,15:02:22.602,73.971862,15:02:22.602,8.723991
15:02:22.603,14.118113,15:02:22.603,74.174469,15:02:22.603,8.684864
15:02:22.604,19.065124,15:02:22.604,74.073165,15:02:22.604,8.675658
15:02:22.605,24.16409,15:02:22.605,74.00563,15:02:22.605,8.745691
15:02:22.606,30.495587,15:02:22.606,74.00563,15:02:22.606,8.756213
15:02:22.607,38.279108,15:02:22.607,74.174469,15:02:22.607,8.760158
15:02:22.608,46.265236,15:02:22.608,73.971862,15:02:22.608,8.748322
15:02:22.609,54.504623,15:02:22.609,74.022514,15:02:22.609,8.687166
15:02:22.610,63.368718,15:02:22.610,74.073165,15:02:22.610,8.663821
15:02:22.611,72.823751,15:02:22.611,74.073165,15:02:22.611,8.740102
15:02:22.612,82.22813,15:02:22.612,74.039398,15:02:22.612,8.767063
15:02:22.613,91.970189,15:02:22.613,73.718602,15:02:22.613,8.773968
15:02:22.614,101.661594,15:02:22.614,73.600414,15:02:22.614,8.77594
15:02:22.615,111.285462,15:02:22.615,73.786138,15:02:22.615,8.717744
15:02:22.616,120.098898,15:02:22.616,73.634182,15:02:22.616,8.690454
15:02:22.617,126.582345,15:02:22.617,73.701718,15:02:22.617,8.693084
15:02:22.618,128.203206,15:02:22.618,73.769254,15:02:22.618,8.762131
15:02:22.619,125.704378,15:02:22.619,73.971862,15:02:22.619,8.774625
15:02:22.620,121.044401,15:02:22.620,73.904326,15:02:22.620,8.779228
15:02:22.621,112.146545,15:02:22.621,73.83679,15:02:22.621,8.771008
15:02:22.622,99.669285,15:02:22.622,73.938094,15:02:22.622,8.698345
15:02:22.623,92.105261,15:02:22.623,74.258889,15:02:22.623,8.691111
15:02:22.624,85.604927,15:02:22.624,74.292657,15:02:22.624,8.756213
15:02:22.625,74.748525,15:02:22.625,74.326425,15:02:22.625,8.772324
15:02:22.626,65.377912,15:02:22.626,74.343309,15:02:22.626,8.794682
15:02:22.627,60.093224,15:02:22.627,74.309541,15:02:22.627,8.733197
15:02:22.628,58.084029,15:02:22.628,74.140701,15:02:22.628,8.719716
15:02:22.629,60.110108,15:02:22.629,74.022514,15:02:22.629,8.713141
15:02:22.630,63.993425,15:02:22.630,74.174469,15:02:22.630,8.772981
15:02:22.631,69.041737,15:02:22.631,74.461497,15:02:22.631,8.77594
15:02:22.632,74.951133,15:02:22.632,74.360193,15:02:22.632,8.779886
15:02:22.633,80.978716,15:02:22.633,74.529033,15:02:22.633,8.77068
15:02:22.634,86.330939,15:02:22.634,74.562801,15:02:22.634,8.695386
15:02:22.635,91.446786,15:02:22.635,74.866713,15:02:22.635,8.693742
15:02:22.636,94.874234,15:02:22.636,74.984901,15:02:22.636,8.757528
15:02:22.637,95.735317,15:02:22.637,75.238161,15:02:22.637,8.777256
15:02:22.638,95.431405,15:02:22.638,75.49142,15:02:22.638,8.774296
15:02:22.639,95.346985,15:02:22.639,75.812216,15:02:22.639,8.723991
15:02:22.640,95.313217,15:02:22.640,75.879752,15:02:22.640,8.696043
15:02:22.641,97.035384,15:02:22.641,75.710912,15:02:22.641,8.752596
15:02:22.642,101.408335,15:02:22.642,75.964172,15:02:22.642,8.770022
15:02:22.643,106.794324,15:02:22.643,76.200548,15:02:22.643,8.773639
15:02:22.644,110.795827,15:02:22.644,76.386272,15:02:22.644,8.778571
15:02:22.645,113.919363,15:02:22.645,76.369388,15:02:22.645,8.75424
15:02:22.646,115.877904,15:02:22.646,76.403156,15:02:22.646,8.707222
15:02:22.647,116.11428,15:02:22.647,76.555111,15:02:22.647,8.708209
15:02:22.648,116.046744,15:02:22.648,76.673299,15:02:22.648,8.768049
15:02:22.649,114.273926,15:02:22.649,76.571995,15:02:22.649,8.775283
15:02:22.650,109.765904,15:02:22.650,76.875907,15:02:22.650,8.775283
15:02:22.651,106.912512,15:02:22.651,77.466847,15:02:22.651,8.759829
15:02:22.652,104.582523,15:02:22.652,77.787642,15:02:22.652,8.700646
15:02:22.653,104.464335,15:02:22.653,78.040902,15:02:22.653,8.672041
15:02:22.654,106.439761,15:02:22.654,78.49677,15:02:22.654,8.665465
15:02:22.655,110.795827,15:02:22.655,79.053941,15:02:22.655,8.719059
15:02:22.656,114.79733,15:02:22.656,79.509809,15:02:22.656,8.720703
15:02:22.657,118.950788,15:02:22.657,79.948793,15:02:22.657,8.720703
15:02:22.658,123.458809,15:02:22.658,80.809876,15:02:22.658,8.728594
15:02:22.659,126.616113,15:02:22.659,82.346318,15:02:22.659,8.724648
15:02:22.660,126.886256,15:02:22.660,84.372396,15:02:22.660,8.662177
15:02:22.661,126.413505,15:02:22.661,87.411514,15:02:22.661,8.641463
15:02:22.662,124.151052,15:02:22.662,89.859691,15:02:22.662,8.648697
15:02:22.663,123.002942,15:02:22.663,90.70389,15:02:22.663,8.752925
15:02:22.664,122.023671,15:02:22.664,91.024686,15:02:22.664,8.750623
15:02:22.665,121.145705,15:02:22.665,91.46367,15:02:22.665,8.750623
15:02:22.666,122.69903,15:02:22.666,91.936421,15:02:22.666,8.723333
15:02:22.667,124.944599,15:02:22.667,92.358521,15:02:22.667,8.720045
15:02:22.668,126.514809,15:02:22.668,93.1183,15:02:22.668,8.652313
15:02:22.669,127.730455,15:02:22.669,93.1183,15:02:22.669,8.638175
15:02:22.670,129.3682,15:02:22.670,91.632509,15:02:22.670,8.639162
15:02:22.671,129.688996,15:02:22.671,89.403824,15:02:22.671,8.714127
15:02:22.672,128.22009,15:02:22.672,88.323249,15:02:22.672,8.715442
15:02:22.673,125.147207,15:02:22.673,89.015492,15:02:22.673,8.711168
15:02:22.674,121.956136,15:02:22.674,89.960995,15:02:22.674,8.710181
15:02:22.675,117.735142,15:02:22.675,90.096067,15:02:22.675,8.702619
15:02:22.676,113.48038,15:02:22.676,89.809039,15:02:22.676,8.669411
15:02:22.677,109.613949,15:02:22.677,89.910343,15:02:22.677,8.621078
15:02:22.678,106.254037,15:02:22.678,89.724619,15:02:22.678,8.627983
15:02:22.679,103.518832,15:02:22.679,89.538895,15:02:22.679,8.714456
15:02:22.680,102.134346,15:02:22.680,90.399979,15:02:22.680,8.736485
15:02:22.681,104.548755,15:02:22.681,93.489747,15:02:22.681,1.741327
15:02:22.682,109.006125,15:02:22.682,94.43525,15:02:22.682,1.567721
15:02:22.683,115.658413,15:02:22.683,96.224952,15:02:22.683,1.166587
15:02:22.684,120.774257,15:02:22.684,96.950964,15:02:22.684,0.773344
15:02:22.685,124.066632,15:02:22.685,96.292488,15:02:22.685,0.420214
15:02:22.686,126.008289,15:02:22.686,96.832776,15:02:22.686,0.113116
15:02:22.687,126.548577,15:02:22.687,97.525019,15:02:22.687,-0.069367
15:02:22.688,124.657572,15:02:22.688,97.660091,15:02:22.688,-0.118029
15:02:22.689,119.862523,15:02:22.689,98.048422,15:02:22.689,-0.132497
15:02:22.690,115.050589,15:02:22.690,98.926389,15:02:22.690,-0.133154
15:02:22.691,111.150391,15:02:22.691,98.943273,15:02:22.691,-0.12888
15:02:22.692,107.11512,15:02:22.692,98.217262,15:02:22.692,-0.122304
15:02:22.693,103.89028,15:02:22.693,97.980887,15:02:22.693,-0.114741
15:02:22.694,100.040732,15:02:22.694,98.571826,15:02:22.694,-0.104877
15:02:22.695,96.748356,15:02:22.695,98.960157,15:02:22.695,-0.09337
15:02:22.696,93.928731,15:02:22.696,98.875738,15:02:22.696,-0.076272
15:02:22.697,91.548089,15:02:22.697,99.213417,15:02:22.697,-0.045694
15:02:22.698,88.779116,15:02:22.698,99.939428,15:02:22.698,-0.013471
15:02:22.699,85.40232,15:02:22.699,100.547252,15:02:22.699,0.004941
15:02:22.700,82.143711,15:02:22.700,101.509639,15:02:22.700,0.000667
15:02:22.701,79.509809,15:02:22.701,101.678478,15:02:22.701,0.001653
15:02:22.702,75.390116,15:02:22.702,101.543406,15:02:22.702,0.002311
15:02:22.703,71.591219,15:02:22.703,101.222611,15:02:22.703,0.000009
15:02:22.704,68.636522,15:02:22.704,100.901815,15:02:22.704,0.001982
15:02:22.705,67.133847,15:02:22.705,100.58102,15:02:22.705,-0.000648
15:02:22.706,67.049427,15:02:22.706,100.277108,15:02:22.706,-0.000977
15:02:22.707,66.711747,15:02:22.707,100.513484,15:02:22.707,0.000338
15:02:22.708,66.711747,15:02:22.708,101.087539,15:02:22.708,0.000667
15:02:22.709,66.796167,15:02:22.709,101.036887,15:02:22.709,-0.000319
15:02:22.710,67.640367,15:02:22.710,100.4966,15:02:22.710,-0.000648
15:02:22.711,68.180654,15:02:22.711,100.277108,15:02:22.711,0.000338
15:02:22.712,67.724786,15:02:22.712,100.479716,15:02:22.712,0.000996
15:02:22.713,65.597404,15:02:22.713,100.513484,15:02:22.713,-0.000319
15:02:22.714,63.773933,15:02:22.714,100.58102,15:02:22.714,0.000009
15:02:22.715,62.32191,15:02:22.715,100.547252,15:02:22.715,0.000009
15:02:22.716,61.072495,15:02:22.716,100.749859,15:02:22.716,-0.000977
15:02:22.717,58.911345,15:02:22.717,100.884931,15:02:22.717,0.000338
15:02:22.718,56.277442,15:02:22.718,101.610942,15:02:22.718,-0.000977
15:02:22.719,53.694192,15:02:22.719,102.505793,15:02:22.719,-0.003279
15:02:22.720,51.735649,15:02:22.720,103.434412,15:02:22.720,-0.004923
15:02:22.721,49.895294,15:02:22.721,103.788976,15:02:22.721,-0.004923
15:02:22.722,47.936751,15:02:22.722,103.822744,15:02:22.722,-0.007882
15:02:22.723,46.265236,15:02:22.723,103.72144,15:02:22.723,-0.008539
15:02:22.724,45.218429,15:02:22.724,103.72144,15:02:22.724,-0.008868
15:02:22.725,44.863865,15:02:22.725,103.518832,15:02:22.725,-0.008211
15:02:22.726,44.948285,15:02:22.726,103.603252,15:02:22.726,-0.007553
15:02:22.727,44.914517,15:02:22.727,103.856512,15:02:22.727,-0.006238
15:02:22.728,44.222273,15:02:22.728,104.244843,15:02:22.728,-0.000977
15:02:22.729,43.259886,15:02:22.729,103.907164,15:02:22.729,0.000009
15:02:22.730,42.635178,15:02:22.730,103.181153,15:02:22.730,0.001325
15:02:22.731,42.09489,15:02:22.731,102.505793,15:02:22.731,0.003297
15:02:22.732,41.824746,15:02:22.732,102.303186,15:02:22.732,0.001653
15:02:22.733,41.909166,15:02:22.733,101.881086,15:02:22.733,0.001982
15:02:22.734,41.858514,15:02:22.734,101.762898,15:02:22.734,0.002311
15:02:22.735,41.875398,15:02:22.735,101.594058,15:02:22.735,0.00264
15:02:22.736,42.09489,15:02:22.736,101.81355,15:02:22.736,0.002969
15:02:22.737,41.706558,15:02:22.737,101.290147,15:02:22.737,0.002311
15:02:22.738,41.115619,15:02:22.738,100.918699,15:02:22.738,0.00264
15:02:22.739,40.406491,15:02:22.739,100.310876,15:02:22.739,0.00264
15:02:22.740,39.748015,15:02:22.740,100.395296,15:02:22.740,0.004612
15:02:22.741,39.190844,15:02:22.741,100.293992,15:02:22.741,0.001325
15:02:22.742,38.768744,15:02:22.742,100.429064,15:02:22.742,0.001653
15:02:22.743,38.431064,15:02:22.743,100.868047,15:02:22.743,0.003297
15:02:22.744,38.0765,15:02:22.744,101.56029,15:02:22.744,0.00264
15:02:22.745,37.924544,15:02:22.745,101.762898,15:02:22.745,0.002969
15:02:22.746,37.553096,15:02:22.746,101.661594,15:02:22.746,0.001653
15:02:22.747,37.181649,15:02:22.747,101.509639,15:02:22.747,0.003626
15:02:22.748,36.641361,15:02:22.748,101.594058,15:02:22.748,0.00264
15:02:22.749,34.378906,15:02:22.749,101.087539,15:02:22.749,0.00264
15:02:22.750,29.009796,15:02:22.750,100.749859,15:02:22.750,0.002311
15:02:22.751,22.931558,15:02:22.751,100.597904,15:02:22.751,0.002311
15:02:22.752,17.579332,15:02:22.752,100.547252,15:02:22.752,0.001982
15:02:22.753,12.007614,15:02:22.753,100.226456,15:02:22.753,0.003297
15:02:22.754,6.165752,15:02:22.754,99.703053,15:02:22.754,0.001325
15:02:22.755,0.627801,15:02:22.755,99.314721,15:02:22.755,0.003297
15:02:22.756,-2.748998,15:02:22.756,99.162765,15:02:22.756,0.002311
15:02:22.757,-3.323054,15:02:22.757,98.75755,15:02:22.757,0.002969
15:02:22.758,-3.373706,15:02:22.758,98.470522,15:02:22.758,0.002969
15:02:22.759,-3.373706,15:02:22.759,98.571826,15:02:22.759,0.003297
15:02:22.760,-3.39059,15:02:22.760,98.825086,15:02:22.760,0.003297
15:02:22.761,-3.39059,15:02:22.761,98.774434,15:02:22.761,0.002969
15:02:22.762,-3.39059,15:02:22.762,98.538058,15:02:22.762,0.004941
15:02:22.763,-3.356822,15:02:22.763,98.33545,15:02:22.763,0.001982
15:02:22.764,-3.30617,15:02:22.764,98.318566,15:02:22.764,0.00264
15:02:22.765,-3.154214,15:02:22.765,98.014654,15:02:22.765,0.003297
15:02:22.766,-2.478854,15:02:22.766,97.575671,15:02:22.766,0.001982
15:02:22.767,-0.672267,15:02:22.767,97.322411,15:02:22.767,0.002969
15:02:22.768,1.894101,15:02:22.768,97.305527,15:02:22.768,0.001653
15:02:22.769,4.916336,15:02:22.769,97.204223,15:02:22.769,0.002969
15:02:22.770,8.343787,15:02:22.770,96.84966,15:02:22.770,0.003297
15:02:22.771,11.838774,15:02:22.771,96.495096,15:02:22.771,0.003297
15:02:22.772,15.249341,15:02:22.772,96.376908,15:02:22.772,0.002969
15:02:22.773,18.423532,15:02:22.773,95.870389,15:02:22.773,0.00264
15:02:22.774,21.141855,15:02:22.774,95.11061,15:02:22.774,0.002311
15:02:22.775,23.252354,15:02:22.775,95.009306,15:02:22.775,0.002969
15:02:22.776,24.653726,15:02:22.776,95.279449,15:02:22.776,0.000996
15:02:22.777,25.396621,15:02:22.777,95.127494,15:02:22.777,0.001653
15:02:22.778,25.497925,15:02:22.778,94.975538,15:02:22.778,0.00264
15:02:22.779,25.058942,15:02:22.779,94.975538,15:02:22.779,0.002311
15:02:22.780,24.180974,15:02:22.780,95.009306,15:02:22.780,0.003955
15:02:22.781,22.712066,15:02:22.781,94.908002,15:02:22.781,0.002311
15:02:22.782,21.108087,15:02:22.782,94.469018,15:02:22.782,0.002969
15:02:22.783,19.284616,15:02:22.783,94.452134,15:02:22.783,0.003297
15:02:22.784,17.309188,15:02:22.784,94.469018,15:02:22.784,0.002969
15:02:22.785,15.333761,15:02:22.785,94.485902,15:02:22.785,0.004284
15:02:22.786,13.00377,15:02:22.786,94.232643,15:02:22.786,0.003297
15:02:22.787,10.80885,15:02:22.787,94.131339,15:02:22.787,0.002969
15:02:22.788,8.630815,15:02:22.788,94.063803,15:02:22.788,0.003297
15:02:22.789,6.503432,15:02:22.789,93.962499,15:02:22.789,0.00264
15:02:22.790,4.59554,15:02:22.790,93.523515,15:02:22.790,0.002311
15:02:22.791,2.90714,15:02:22.791,93.185836,15:02:22.791,0.00264
15:02:22.792,1.472001,15:02:22.792,93.20272,15:02:22.792,0.002311
15:02:22.793,0.526497,15:02:22.793,93.185836,15:02:22.793,0.00264
15:02:22.794,-0.131979,15:02:22.794,92.881924,15:02:22.794,0.003297
15:02:22.795,-0.385239,15:02:22.795,92.662432,15:02:22.795,0.002969
15:02:22.796,-0.300819,15:02:22.796,92.746852,15:02:22.796,0.001982
15:02:22.797,0.171933,15:02:22.797,92.645548,15:02:22.797,0.003626
15:02:22.798,1.117437,15:02:22.798,92.409173,15:02:22.798,0.003297
15:02:22.799,2.383737,15:02:22.799,92.257217,15:02:22.799,0.003297
15:02:22.800,3.903296,15:02:22.800,92.341637,15:02:22.800,0.003297
15:02:22.801,5.490392,15:02:22.801,92.426057,15:02:22.801,0.002969
15:02:22.802,7.178791,15:02:22.802,92.172797,15:02:22.802,0.002311
15:02:22.803,9.002263,15:02:22.803,92.307869,15:02:22.803,0.00264
15:02:22.804,10.927038,15:02:22.804,92.409173,15:02:22.804,0.002311
15:02:22.805,12.851814,15:02:22.805,92.476708,15:02:22.805,0.003955
15:02:22.806,14.725937,15:02:22.806,92.206565,15:02:22.806,0.00264
15:02:22.807,16.583177,15:02:22.807,92.139029,15:02:22.807,0.00264
15:02:22.808,18.153388,15:02:22.808,92.172797,15:02:22.808,0.000338
15:02:22.809,19.436572,15:02:22.809,92.037725,15:02:22.809,0.002311
15:02:22.810,20.314539,15:02:22.810,91.784465,15:02:22.810,0.002311
15:02:22.811,20.804175,15:02:22.811,91.666277,15:02:22.811,0.002311
15:02:22.812,20.888595,15:02:22.812,91.480553,15:02:22.812,0.002969
15:02:22.813,20.635335,15:02:22.813,91.429902,15:02:22.813,0.002969
15:02:22.814,20.162583,15:02:22.814,91.058454,15:02:22.814,0.001982
15:02:22.815,20.078163,15:02:22.815,91.007802,15:02:22.815,0.003297
15:02:22.816,19.419688,15:02:22.816,91.075338,15:02:22.816,0.00264
15:02:22.817,17.44426,15:02:22.817,91.142874,15:02:22.817,0.002969
15:02:22.818,15.941585,15:02:22.818,91.04157,15:02:22.818,0.00264
15:02:22.819,14.236301,15:02:22.819,91.311714,15:02:22.819,0.003297
15:02:22.820,12.362178,15:02:22.820,91.497437,15:02:22.820,0.003626
15:02:22.821,11.281602,15:02:22.821,91.750697,15:02:22.821,0.003626
15:02:22.822,10.437402,15:02:22.822,91.936421,15:02:22.822,0.003297
15:02:22.823,9.339943,15:02:22.823,92.122145,15:02:22.823,0.002311
15:02:22.824,8.428207,15:02:22.824,92.426057,15:02:22.824,0.001325
15:02:22.825,7.600891,15:02:22.825,92.679316,15:02:22.825,0.00264
15:02:22.826,6.689155,15:02:22.826,92.544244,15:02:22.826,0.00264
15:02:22.827,5.389088,15:02:22.827,92.52736,15:02:22.827,0.001982
15:02:22.828,4.25786,15:02:22.828,92.61178,15:02:22.828,0.002969
15:02:22.829,4.460468,15:02:22.829,92.662432,15:02:22.829,0.001325
15:02:22.830,5.203364,15:02:22.830,92.257217,15:02:22.830,0.001982
15:02:22.831,5.642348,15:02:22.831,92.071493,15:02:22.831,0.003626
15:02:22.832,6.385244,15:02:22.832,91.885769,15:02:22.832,0.001982
15:02:22.833,7.482703,15:02:22.833,91.902653,15:02:22.833,0.002969
15:02:22.834,8.461975,15:02:22.834,91.531205,15:02:22.834,0.004612
15:02:22.835,9.356827,15:02:22.835,91.429902,15:02:22.835,0.002969
15:02:22.836,10.352982,15:02:22.836,91.396134,15:02:22.836,0.003297
15:02:22.837,11.416674,15:02:22.837,91.649393,15:02:22.837,0.002969
15:02:22.838,12.531018,15:02:22.838,91.581857,15:02:22.838,0.001325
15:02:22.839,13.763549,15:02:22.839,91.700045,15:02:22.839,0.00264
15:02:22.840,15.097385,15:02:22.840,91.936421,15:02:22.840,0.001982
15:02:22.841,16.093541,15:02:22.841,92.257217,15:02:22.841,0.002969
15:02:22.842,16.735133,15:02:22.842,92.307869,15:02:22.842,0.00264
15:02:22.843,17.191,15:02:22.843,92.52736,15:02:22.843,0.003297
15:02:22.844,17.6131,15:02:22.844,92.729968,15:02:22.844,0.00264
15:02:22.845,17.646868,15:02:22.845,93.1183,15:02:22.845,0.002969
15:02:22.846,17.309188,15:02:22.846,93.135184,15:02:22.846,0.003297
15:02:22.847,17.089696,15:02:22.847,93.101416,15:02:22.847,0.002311
15:02:22.848,16.836436,15:02:22.848,93.000112,15:02:22.848,0.002969
15:02:22.849,16.397453,15:02:22.849,93.253372,15:02:22.849,0.00264
15:02:22.850,15.772745,15:02:22.850,93.067648,15:02:22.850,0.003297
15:02:22.851,15.029849,15:02:22.851,92.763736,15:02:22.851,0.003297
15:02:22.852,13.864853,15:02:22.852,92.61178,15:02:22.852,0.002311
15:02:22.853,12.564786,15:02:22.853,92.814388,15:02:22.853,0.002969
15:02:22.854,11.48421,15:02:22.854,92.52736,15:02:22.854,0.002311
15:02:22.855,10.437402,15:02:22.855,92.442941,15:02:22.855,0.004941
15:02:22.856,9.610087,15:02:22.856,92.375405,15:02:22.856,0.002311
15:02:22.857,8.816539,15:02:22.857,92.510476,15:02:22.857,0.002969
15:02:22.858,8.090527,15:02:22.858,92.392289,15:02:22.858,0.001653
15:02:22.859,7.432051,15:02:22.859,92.375405,15:02:22.859,0.002969
15:02:22.860,6.672271,15:02:22.860,92.476708,15:02:22.860,0.002311
15:02:22.861,6.064448,15:02:22.861,92.831272,15:02:22.861,0.003297
15:02:22.862,5.726768,15:02:22.862,92.898808,15:02:22.862,0.002311
15:02:22.863,5.693,15:02:22.863,93.050764,15:02:22.863,0.003955
15:02:22.864,5.878724,15:02:22.864,93.135184,15:02:22.864,0.00264
15:02:22.865,6.385244,15:02:22.865,93.523515,15:02:22.865,0.00264
15:02:22.866,6.925531,15:02:22.866,93.675471,15:02:22.866,0.002311
15:02:22.867,7.516471,15:02:22.867,93.675471,15:02:22.867,0.003955
15:02:22.868,8.141179,15:02:22.868,93.675471,15:02:22.868,0.00264
15:02:22.869,8.765887,15:02:22.869,93.996267,15:02:22.869,0.00264
15:02:22.870,9.491899,15:02:22.870,93.861195,15:02:22.870,0.002311
15:02:22.871,10.30233,15:02:22.871,93.591051,15:02:22.871,0.00264
15:02:22.872,11.112762,15:02:22.872,93.472863,15:02:22.872,0.002969
15:02:22.873,11.90631,15:02:22.873,93.557283,15:02:22.873,0.00264
15:02:22.874,12.649206,15:02:22.874,93.388444,15:02:22.874,0.002311
15:02:22.875,13.273914,15:02:22.875,92.983228,15:02:22.875,0.00264
15:02:22.876,13.763549,15:02:22.876,92.763736,15:02:22.876,0.002969
15:02:22.877,13.999925,15:02:22.877,92.797504,15:02:22.877,0.003297
15:02:22.878,14.185649,15:02:22.878,92.6962,15:02:22.878,0.002969
15:02:22.879,14.270069,15:02:22.879,92.476708,15:02:22.879,0.002969
15:02:22.880,14.286953,15:02:22.880,92.544244,15:02:22.880,0.004284
15:02:22.881,14.320721,15:02:22.881,92.746852,15:02:22.881,0.002311
15:02:22.882,14.253185,15:02:22.882,92.729968,15:02:22.882,0.00264
15:02:22.883,14.016809,15:02:22.883,92.61178,15:02:22.883,0.002311
15:02:22.884,13.628477,15:02:22.884,92.645548,15:02:22.884,0.004284
15:02:22.885,13.17261,15:02:22.885,92.932576,15:02:22.885,0.001325
15:02:22.886,12.58167,15:02:22.886,93.050764,15:02:22.886,0.003626
15:02:22.887,11.889426,15:02:22.887,92.932576,15:02:22.887,0.00264
15:02:22.888,11.197182,15:02:22.888,92.898808,15:02:22.888,0.002969
15:02:22.889,10.437402,15:02:22.889,93.084532,15:02:22.889,0.002311
15:02:22.890,9.711391,15:02:22.890,93.168952,15:02:22.890,0.002311
15:02:22.891,9.154219,15:02:22.891,92.915692,15:02:22.891,0.001982
15:02:22.892,8.613931,15:02:22.892,92.729968,15:02:22.892,0.003955
15:02:22.893,8.141179,15:02:22.893,92.814388,15:02:22.893,0.00264
15:02:22.894,7.735963,15:02:22.894,92.679316,15:02:22.894,0.001982
15:02:22.895,7.584007,15:02:22.895,92.358521,15:02:22.895,0.00264
15:02:22.896,7.448935,15:02:22.896,92.172797,15:02:22.896,0.00264
15:02:22.897,7.448935,15:02:22.897,92.122145,15:02:22.897,0.003297
15:02:22.898,7.482703,15:02:22.898,92.054609,15:02:22.898,0.000996
15:02:22.899,7.769731,15:02:22.899,91.700045,15:02:22.899,0.001982
15:02:22.900,8.107411,15:02:22.900,91.615625,15:02:22.900,0.002311
15:02:22.901,8.529511,15:02:22.901,91.649393,15:02:22.901,0.002969
15:02:22.902,8.985379,15:02:22.902,91.598741,15:02:22.902,0.002969
15:02:22.903,9.508783,15:02:22.903,91.311714,15:02:22.903,0.002969
15:02:22.904,9.930883,15:02:22.904,91.29483,15:02:22.904,0.003626
15:02:22.905,10.352982,15:02:22.905,91.514321,15:02:22.905,0.00264
15:02:22.906,10.791966,15:02:22.906,91.514321,15:02:22.906,0.002969
15:02:22.907,11.197182,15:02:22.907,91.29483,15:02:22.907,0.002969
15:02:22.908,11.602398,15:02:22.908,91.311714,15:02:22.908,0.002311
15:02:22.909,12.007614,15:02:22.909,91.413018,15:02:22.909,0.001653
15:02:22.910,12.32841,15:02:22.910,91.46367,15:02:22.910,0.004284
15:02:22.911,12.716742,15:02:22.911,91.193526,15:02:22.911,0.003297
15:02:22.912,12.885582,15:02:22.912,91.12599,15:02:22.912,0.003297
15:02:22.913,12.986886,15:02:22.913,91.261062,15:02:22.913,0.00264
15:02:22.914,12.953118,15:02:22.914,91.227294,15:02:22.914,0.002311
15:02:22.915,12.851814,15:02:22.915,90.974034,15:02:22.915,0.00264
15:02:22.916,12.784278,15:02:22.916,90.889614,15:02:22.916,0.003955
15:02:22.917,12.58167,15:02:22.917,90.822078,15:02:22.917,0.003297
15:02:22.918,12.379062,15:02:22.918,90.720774,15:02:22.918,0.002311
15:02:22.919,12.108918,15:02:22.919,90.366211,15:02:22.919,0.004284
15:02:22.920,11.788122,15:02:22.920,90.146719,15:02:22.920,0.003626
15:02:22.921,11.39979,15:02:22.921,90.146719,15:02:22.921,0.003626
15:02:22.922,10.994574,15:02:22.922,90.079183,15:02:22.922,0.002969
15:02:22.923,10.741314,15:02:22.923,89.707735,15:02:22.923,0.002969
15:02:22.924,10.319214,15:02:22.924,89.623315,15:02:22.924,0.002969
15:02:22.925,9.998419,15:02:22.925,89.673967,15:02:22.925,0.00264
15:02:22.926,9.745159,15:02:22.926,89.707735,15:02:22.926,0.002311
15:02:22.927,9.508783,15:02:22.927,89.47136,15:02:22.927,0.003297
15:02:22.928,9.356827,15:02:22.928,89.454476,15:02:22.928,0.002969
15:02:22.929,9.373711,15:02:22.929,89.538895,15:02:22.929,0.001982
15:02:22.930,9.255523,15:02:22.930,89.775271,15:02:22.930,0.003297
15:02:22.931,9.289291,15:02:22.931,89.606431,15:02:22.931,0.003955
15:02:22.932,9.306175,15:02:22.932,89.47136,15:02:22.932,0.002311
15:02:22.933,9.407479,15:02:22.933,89.623315,15:02:22.933,0.003626
15:02:22.934,9.626971,15:02:22.934,89.775271,15:02:22.934,0.001325
15:02:22.935,9.778927,15:02:22.935,89.538895,15:02:22.935,0.002969
15:02:22.936,9.998419,15:02:22.936,89.403824,15:02:22.936,0.001982
15:02:22.937,10.268562,15:02:22.937,89.336288,15:02:22.937,0.00264
15:02:22.938,10.521822,15:02:22.938,89.47136,15:02:22.938,0.002969
15:02:22.939,10.775082,15:02:22.939,89.13368,15:02:22.939,0.003297
15:02:22.940,11.011458,15:02:22.940,88.981724,15:02:22.940,0.002969
15:02:22.941,11.31537,15:02:22.941,88.947956,15:02:22.941,0.002311
15:02:22.942,11.551746,15:02:22.942,88.981724,15:02:22.942,0.001653
15:02:22.943,11.73747,15:02:22.943,88.728464,15:02:22.943,0.003297
15:02:22.944,11.82189,15:02:22.944,88.610276,15:02:22.944,0.00264
15:02:22.945,12.041382,15:02:22.945,88.559624,15:02:22.945,0.003626
15:02:22.946,12.058266,15:02:22.946,88.677812,15:02:22.946,0.002311
15:02:22.947,12.058266,15:02:22.947,88.559624,15:02:22.947,0.00264
15:02:22.948,12.024498,15:02:22.948,88.508972,15:02:22.948,0.004941
15:02:22.949,11.872542,15:02:22.949,88.559624,15:02:22.949,0.003297
15:02:22.950,11.65305,15:02:22.950,88.694696,15:02:22.950,0.003297
15:02:22.951,11.501094,15:02:22.951,88.610276,15:02:22.951,0.003297
15:02:22.952,11.281602,15:02:22.952,88.492089,15:02:22.952,0.00264
15:02:22.953,11.095878,15:02:22.953,88.54274,15:02:22.953,0.003626
15:02:22.954,10.842618,15:02:22.954,88.779116,15:02:22.954,0.003297
15:02:22.955,10.690662,15:02:22.955,88.441437,15:02:22.955,0.00264
15:02:22.956,10.38675,15:02:22.956,88.306365,15:02:22.956,0.003297
15:02:22.957,10.099723,15:02:22.957,88.272597,15:02:22.957,0.002311
15:02:22.958,9.846463,15:02:22.958,88.576508,15:02:22.958,0.002311
15:02:22.959,9.677623,15:02:22.959,88.238829,15:02:22.959,0.003297
15:02:22.960,9.610087,15:02:22.960,88.103757,15:02:22.960,0.002311
15:02:22.961,9.458131,15:02:22.961,88.205061,15:02:22.961,0.003297
15:02:22.962,9.441247,15:02:22.962,88.576508,15:02:22.962,0.004612
15:02:22.963,9.475015,15:02:22.963,88.340133,15:02:22.963,0.001653
15:02:22.964,9.508783,15:02:22.964,88.154409,15:02:22.964,0.001982
15:02:22.965,9.475015,15:02:22.965,87.985569,15:02:22.965,0.00264
15:02:22.966,9.458131,15:02:22.966,88.188177,15:02:22.966,0.003955
15:02:22.967,9.593203,15:02:22.967,88.053105,15:02:22.967,0.002969
15:02:22.968,9.610087,15:02:22.968,87.918033,15:02:22.968,0.00264
15:02:22.969,9.762043,15:02:22.969,87.918033,15:02:22.969,0.002969
15:02:22.970,9.778927,15:02:22.970,88.188177,15:02:22.970,0.003297
15:02:22.971,9.913999,15:02:22.971,88.171293,15:02:22.971,0.003297
15:02:22.972,9.998419,15:02:22.972,88.053105,15:02:22.972,0.003297
15:02:22.973,10.116607,15:02:22.973,88.238829,15:02:22.973,0.00264
15:02:22.974,10.184142,15:02:22.974,88.576508,15:02:22.974,0.00264
15:02:22.975,10.133491,15:02:22.975,88.559624,15:02:22.975,0.00264
15:02:22.976,10.201026,15:02:22.976,88.492089,15:02:22.976,0.002311
15:02:22.977,10.201026,15:02:22.977,88.390785,15:02:22.977,0.001653
15:02:22.978,10.251678,15:02:22.978,88.762232,15:02:22.978,0.00527
15:02:22.979,10.285446,15:02:22.979,88.660928,15:02:22.979,0.001982
15:02:22.980,10.336098,15:02:22.980,88.525856,15:02:22.980,0.002311
15:02:22.981,10.268562,15:02:22.981,88.54274,15:02:22.981,0.004612
15:02:22.982,10.285446,15:02:22.982,88.610276,15:02:22.982,0.00264
15:02:22.983,10.285446,15:02:22.983,88.424553,15:02:22.983,0.002969
15:02:22.984,10.234794,15:02:22.984,88.188177,15:02:22.984,0.004612
15:02:22.985,10.184142,15:02:22.985,88.069989,15:02:22.985,0.00264
15:02:22.986,10.150375,15:02:22.986,88.171293,15:02:22.986,0.003626
15:02:22.987,10.099723,15:02:22.987,88.188177,15:02:22.987,0.003297
15:02:22.988,10.032187,15:02:22.988,87.901149,15:02:22.988,0.005599
15:02:22.989,10.032187,15:02:22.989,87.884265,15:02:22.989,0.002311
15:02:22.990,9.897115,15:02:22.990,88.086873,15:02:22.990,0.003297
15:02:22.991,9.897115,15:02:22.991,88.120641,15:02:22.991,0.000996
15:02:22.992,9.863347,15:02:22.992,87.918033,15:02:22.992,0.003297
15:02:22.993,9.812695,15:02:22.993,87.985569,15:02:22.993,0.004284
15:02:22.994,9.745159,15:02:22.994,88.289481,15:02:22.994,0.001982
15:02:22.995,9.711391,15:02:22.995,88.306365,15:02:22.995,0.003626
15:02:22.996,9.745159,15:02:22.996,88.188177,15:02:22.996,0.002969
15:02:22.997,9.711391,15:02:22.997,88.289481,15:02:22.997,0.003297
15:02:22.998,9.677623,15:02:22.998,88.525856,15:02:22.998,0.00264
15:02:22.999,9.660739,15:02:22.999,88.525856,15:02:22.999,0.00264
15:02:23.000,9.728275,15:02:23.000,88.323249,15:02:23.000,0.002969
15:02:23.001,9.711391,15:02:23.001,88.255713,15:02:23.001,0.002311
15:02:23.002,9.711391,15:02:23.002,88.390785,15:02:23.002,0.003297
15:02:23.003,9.711391,15:02:23.003,88.390785,15:02:23.003,0.003626
15:02:23.004,9.762043,15:02:23.004,88.120641,15:02:23.004,0.003297
15:02:23.005,9.846463,15:02:23.005,88.019337,15:02:23.005,0.00264
15:02:23.006,9.846463,15:02:23.006,88.103757,15:02:23.006,0.00264
15:02:23.007,9.795811,15:02:23.007,88.103757,15:02:23.007,0.002311
15:02:23.008,9.897115,15:02:23.008,87.850497,15:02:23.008,0.002311
15:02:23.009,9.863347,15:02:23.009,87.833613,15:02:23.009,0.002969
15:02:23.010,9.812695,15:02:23.010,87.985569,15:02:23.010,0.003297
15:02:23.011,9.829579,15:02:23.011,87.985569,15:02:23.011,0.003626
15:02:23.012,9.863347,15:02:23.012,87.698541,15:02:23.012,0.002969
15:02:23.013,9.829579,15:02:23.013,87.698541,15:02:23.013,0.00264
15:02:23.014,9.829579,15:02:23.014,87.968685,15:02:23.014,0.00264
15:02:23.015,9.880231,15:02:23.015,88.053105,15:02:23.015,0.003297
15:02:23.016,9.846463,15:02:23.016,87.715425,15:02:23.016,0.00264
15:02:23.017,9.897115,15:02:23.017,87.816729,15:02:23.017,0.001325
15:02:23.018,9.812695,15:02:23.018,87.951801,15:02:23.018,0.002969
15:02:23.019,9.778927,15:02:23.019,88.019337,15:02:23.019,0.003297
15:02:23.020,9.863347,15:02:23.020,87.918033,15:02:23.020,0.003626
15:02:23.021,9.880231,15:02:23.021,87.884265,15:02:23.021,0.002311
15:02:23.022,9.930883,15:02:23.022,87.951801,15:02:23.022,0.00264
15:02:23.023,9.930883,15:02:23.023,88.103757,15:02:23.023,0.001982
15:02:23.024,9.981535,15:02:23.024,88.002453,15:02:23.024,0.002969
15:02:23.025,9.981535,15:02:23.025,88.036221,15:02:23.025,0.003297
15:02:23.026,9.998419,15:02:23.026,87.934917,15:02:23.026,0.000667
15:02:23.027,9.998419,15:02:23.027,87.985569,15:02:23.027,0.001653
15:02:23.028,10.032187,15:02:23.028,87.681657,15:02:23.028,0.00264
15:02:23.029,9.998419,15:02:23.029,87.529701,15:02:23.029,0.003297
15:02:23.030,9.964651,15:02:23.030,87.495933,15:02:23.030,0.003297
15:02:23.031,9.981535,15:02:23.031,87.580353,15:02:23.031,0.002969
15:02:23.032,9.897115,15:02:23.032,87.327094,15:02:23.032,0.00264
15:02:23.033,9.863347,15:02:23.033,87.192022,15:02:23.033,0.00264
15:02:23.034,9.880231,15:02:23.034,87.175138,15:02:23.034,0.002969
15:02:23.035,9.778927,15:02:23.035,87.377746,15:02:23.035,0.001653
15:02:23.036,9.829579,15:02:23.036,87.090718,15:02:23.036,0.004284
15:02:23.037,9.711391,15:02:23.037,87.090718,15:02:23.037,0.002969
15:02:23.038,9.728275,15:02:23.038,87.107602,15:02:23.038,0.002969
15:02:23.039,9.626971,15:02:23.039,87.276442,15:02:23.039,0.003297
15:02:23.040,9.542551,15:02:23.040,87.073834,15:02:23.040,0.00264
15:02:23.041,9.559435,15:02:23.041,87.040066,15:02:23.041,0.003297
15:02:23.042,9.559435,15:02:23.042,87.124486,15:02:23.042,0.002969
15:02:23.043,9.424363,15:02:23.043,87.192022,15:02:23.043,0.002969
15:02:23.044,9.475015,15:02:23.044,87.040066,15:02:23.044,0.001982
15:02:23.045,9.373711,15:02:23.045,87.040066,15:02:23.045,0.003297
15:02:23.046,9.373711,15:02:23.046,86.955646,15:02:23.046,0.001982
15:02:23.047,9.339943,15:02:23.047,87.107602,15:02:23.047,0.002969
15:02:23.048,9.238639,15:02:23.048,86.904994,15:02:23.048,0.003955
15:02:23.049,9.238639,15:02:23.049,86.753038,15:02:23.049,0.002311
15:02:23.050,9.289291,15:02:23.050,86.769922,15:02:23.050,0.003297
15:02:23.051,9.238639,15:02:23.051,86.921878,15:02:23.051,0.00264
15:02:23.052,9.289291,15:02:23.052,86.685502,15:02:23.052,0.002969
15:02:23.053,9.272407,15:02:23.053,86.533546,15:02:23.053,0.002969
15:02:23.054,9.306175,15:02:23.054,86.449127,15:02:23.054,0.00264
15:02:23.055,9.272407,15:02:23.055,86.601082,15:02:23.055,0.003955
15:02:23.056,9.306175,15:02:23.056,86.297171,15:02:23.056,0.002969
15:02:23.057,9.373711,15:02:23.057,86.246519,15:02:23.057,0.002969
15:02:23.058,9.373711,15:02:23.058,86.212751,15:02:23.058,0.003626
15:02:23.059,9.424363,15:02:23.059,86.381591,15:02:23.059,0.003626
15:02:23.060,9.491899,15:02:23.060,86.263403,15:02:23.060,0.002311
15:02:23.061,9.542551,15:02:23.061,86.212751,15:02:23.061,0.00264
15:02:23.062,9.559435,15:02:23.062,86.246519,15:02:23.062,0.004284
15:02:23.063,9.508783,15:02:23.063,86.330939,15:02:23.063,0.003297
15:02:23.064,9.559435,15:02:23.064,86.162099,15:02:23.064,0.003297
15:02:23.065,9.610087,15:02:23.065,86.060795,15:02:23.065,0.00264
15:02:23.066,9.576319,15:02:23.066,85.976375,15:02:23.066,0.003297
15:02:23.067,9.542551,15:02:23.067,86.178983,15:02:23.067,0.00264
15:02:23.068,9.491899,15:02:23.068,85.993259,15:02:23.068,0.002311
15:02:23.069,9.373711,15:02:23.069,85.841303,15:02:23.069,0.002969
15:02:23.070,9.390595,15:02:23.070,85.689347,15:02:23.070,0.002311
15:02:23.071,9.306175,15:02:23.071,85.824419,15:02:23.071,0.00264
15:02:23.072,9.238639,15:02:23.072,85.604927,15:02:23.072,0.002311
15:02:23.073,9.238639,15:02:23.073,85.436087,15:02:23.073,0.001982
15:02:23.074,9.154219,15:02:23.074,85.452971,15:02:23.074,0.002969
15:02:23.075,9.069799,15:02:23.075,85.537391,15:02:23.075,0.003297
15:02:23.076,9.103567,15:02:23.076,85.40232,15:02:23.076,0.00264
15:02:23.077,9.036031,15:02:23.077,85.301016,15:02:23.077,0.003955
15:02:23.078,8.917843,15:02:23.078,85.216596,15:02:23.078,0.002969
15:02:23.079,8.934727,15:02:23.079,85.452971,15:02:23.079,0.001982
15:02:23.080,8.900959,15:02:23.080,85.436087,15:02:23.080,0.002311
15:02:23.081,8.850307,15:02:23.081,85.23348,15:02:23.081,0.00264
15:02:23.082,8.951611,15:02:23.082,85.436087,15:02:23.082,0.001653
15:02:23.083,8.934727,15:02:23.083,85.537391,15:02:23.083,0.004284
15:02:23.084,8.934727,15:02:23.084,85.486739,15:02:23.084,0.003297
15:02:23.085,8.985379,15:02:23.085,85.351668,15:02:23.085,0.002311
15:02:23.086,8.985379,15:02:23.086,85.3179,15:02:23.086,0.003297
15:02:23.087,8.985379,15:02:23.087,85.503623,15:02:23.087,0.002311
15:02:23.088,9.019147,15:02:23.088,85.419203,15:02:23.088,0.001653
15:02:23.089,9.052915,15:02:23.089,85.216596,15:02:23.089,0.00264
15:02:23.090,9.069799,15:02:23.090,85.14906,15:02:23.090,0.00264
15:02:23.091,9.137335,15:02:23.091,85.3179,15:02:23.091,0.003955
15:02:23.092,9.120451,15:02:23.092,85.182828,15:02:23.092,0.003626
15:02:23.093,9.187987,15:02:23.093,84.997104,15:02:23.093,0.001982
15:02:23.094,9.171103,15:02:23.094,84.929568,15:02:23.094,0.001982
15:02:23.095,9.187987,15:02:23.095,84.997104,15:02:23.095,0.003626
15:02:23.096,9.238639,15:02:23.096,85.013988,15:02:23.096,0.00264
15:02:23.097,9.255523,15:02:23.097,84.878916,15:02:23.097,0.003626
15:02:23.098,9.204871,15:02:23.098,84.794496,15:02:23.098,0.00264
15:02:23.099,9.221755,15:02:23.099,84.912684,15:02:23.099,0.00264
15:02:23.100,9.289291,15:02:23.100,84.81138,15:02:23.100,0.002969
15:02:23.101,9.255523,15:02:23.101,84.456816,15:02:23.101,0.002969
15:02:23.102,9.238639,15:02:23.102,84.608772,15:02:23.102,0.003955
15:02:23.103,9.187987,15:02:23.103,84.946452,15:02:23.103,0.003955
15:02:23.104,9.120451,15:02:23.104,84.878916,15:02:23.104,0.002311
15:02:23.105,9.069799,15:02:23.105,84.828264,15:02:23.105,0.002969
15:02:23.106,9.086683,15:02:23.106,84.862032,15:02:23.106,0.001982
15:02:23.107,9.036031,15:02:23.107,84.98022,15:02:23.107,0.00264
15:02:23.108,8.968495,15:02:23.108,84.8958,15:02:23.108,0.003297
15:02:23.109,8.867191,15:02:23.109,84.794496,15:02:23.109,0.002311
15:02:23.110,8.782771,15:02:23.110,84.608772,15:02:23.110,0.003297
15:02:23.111,8.698351,15:02:23.111,84.794496,15:02:23.111,0.002969
15:02:23.112,8.698351,15:02:23.112,84.760728,15:02:23.112,0.002311
15:02:23.113,8.647699,15:02:23.113,84.575004,15:02:23.113,0.002311
15:02:23.114,8.563279,15:02:23.114,84.575004,15:02:23.114,0.001653
15:02:23.115,8.647699,15:02:23.115,84.591888,15:02:23.115,0.001653
15:02:23.116,8.613931,15:02:23.116,84.659424,15:02:23.116,0.002311
15:02:23.117,8.613931,15:02:23.117,84.456816,15:02:23.117,0.001653
15:02:23.118,8.647699,15:02:23.118,84.439932,15:02:23.118,0.002969
15:02:23.119,8.715235,15:02:23.119,84.55812,15:02:23.119,0.001325
15:02:23.120,8.630815,15:02:23.120,84.676308,15:02:23.120,0.003626
15:02:23.121,8.732119,15:02:23.121,84.423048,15:02:23.121,0.002311
15:02:23.122,8.816539,15:02:23.122,84.456816,15:02:23.122,0.003297
15:02:23.123,8.765887,15:02:23.123,84.591888,15:02:23.123,0.002969
15:02:23.124,8.917843,15:02:23.124,84.64254,15:02:23.124,0.001982
15:02:23.125,8.900959,15:02:23.125,84.4737,15:02:23.125,0.001982
15:02:23.126,9.019147,15:02:23.126,84.38928,15:02:23.126,0.001325
15:02:23.127,8.985379,15:02:23.127,84.64254,15:02:23.127,0.004284
15:02:23.128,8.900959,15:02:23.128,84.710076,15:02:23.128,0.001653
15:02:23.129,8.968495,15:02:23.129,84.4737,15:02:23.129,0.00264
15:02:23.130,8.968495,15:02:23.130,84.355512,15:02:23.130,0.003297
15:02:23.131,8.934727,15:02:23.131,84.490584,15:02:23.131,0.003626
15:02:23.132,8.867191,15:02:23.132,84.524352,15:02:23.132,0.002969
15:02:23.133,8.850307,15:02:23.133,84.304861,15:02:23.133,0.002311
15:02:23.134,8.833423,15:02:23.134,84.237325,15:02:23.134,0.001982
15:02:23.135,8.749003,15:02:23.135,84.271093,15:02:23.135,0.003297
15:02:23.136,8.664583,15:02:23.136,84.304861,15:02:23.136,0.002311
15:02:23.137,8.765887,15:02:23.137,84.102253,15:02:23.137,0.003297
15:02:23.138,8.597047,15:02:23.138,84.119137,15:02:23.138,0.00264
15:02:23.139,8.647699,15:02:23.139,84.169789,15:02:23.139,0.002311
15:02:23.140,8.580163,15:02:23.140,84.203557,15:02:23.140,0.001982
15:02:23.141,8.630815,15:02:23.141,83.967181,15:02:23.141,0.002969
15:02:23.142,8.529511,15:02:23.142,83.933413,15:02:23.142,0.002969
15:02:23.143,8.546395,15:02:23.143,84.119137,15:02:23.143,0.002311
15:02:23.144,8.529511,15:02:23.144,84.085369,15:02:23.144,0.003626
15:02:23.145,8.546395,15:02:23.145,83.865877,15:02:23.145,0.00264
15:02:23.146,8.529511,15:02:23.146,83.933413,15:02:23.146,0.002311
15:02:23.147,8.512627,15:02:23.147,84.000949,15:02:23.147,0.00527
15:02:23.148,8.428207,15:02:23.148,84.186673,15:02:23.148,0.002311
15:02:23.149,8.411323,15:02:23.149,84.017833,15:02:23.149,0.004612
15:02:23.150,8.360671,15:02:23.150,83.950297,15:02:23.150,0.002969
15:02:23.151,8.326903,15:02:23.151,83.933413,15:02:23.151,0.002969
15:02:23.152,8.394439,15:02:23.152,84.102253,15:02:23.152,0.001653
15:02:23.153,8.360671,15:02:23.153,83.848993,15:02:23.153,0.002969
15:02:23.154,8.377555,15:02:23.154,83.730805,15:02:23.154,0.002969
15:02:23.155,8.326903,15:02:23.155,83.815225,15:02:23.155,0.003955
15:02:23.156,8.310019,15:02:23.156,84.085369,15:02:23.156,0.00264
15:02:23.157,8.326903,15:02:23.157,83.832109,15:02:23.157,0.001982
15:02:23.158,8.360671,15:02:23.158,83.747689,15:02:23.158,0.00264
15:02:23.159,8.377555,15:02:23.159,83.798341,15:02:23.159,0.00264
15:02:23.160,8.343787,15:02:23.160,84.017833,15:02:23.160,0.00264
15:02:23.161,8.411323,15:02:23.161,83.713921,15:02:23.161,0.003626
15:02:23.162,8.512627,15:02:23.162,83.713921,15:02:23.162,0.001982
15:02:23.163,8.411323,15:02:23.163,83.646385,15:02:23.163,0.002311
15:02:23.164,8.461975,15:02:23.164,83.882761,15:02:23.164,0.00264
15:02:23.165,8.529511,15:02:23.165,83.747689,15:02:23.165,0.003955
15:02:23.166,8.478859,15:02:23.166,83.595733,15:02:23.166,0.004284
15:02:23.167,8.445091,15:02:23.167,83.612617,15:02:23.167,0.003297
15:02:23.168,8.360671,15:02:23.168,83.747689,15:02:23.168,0.002969
15:02:23.169,8.461975,15:02:23.169,83.545081,15:02:23.169,0.00264
15:02:23.170,8.360671,15:02:23.170,83.393125,15:02:23.170,0.001653
15:02:23.171,8.377555,15:02:23.171,83.426893,15:02:23.171,0.003955
15:02:23.172,8.377555,15:02:23.172,83.612617,15:02:23.172,0.00264
15:02:23.173,8.293135,15:02:23.173,83.426893,15:02:23.173,0.00264
15:02:23.174,8.360671,15:02:23.174,83.274938,15:02:23.174,0.003626
15:02:23.175,8.242483,15:02:23.175,83.291821,15:02:23.175,0.001982
15:02:23.176,8.310019,15:02:23.176,83.410009,15:02:23.176,0.002969
15:02:23.177,8.259367,15:02:23.177,83.359357,15:02:23.177,0.00264
15:02:23.178,8.259367,15:02:23.178,83.224286,15:02:23.178,0.001982
15:02:23.179,8.259367,15:02:23.179,83.122982,15:02:23.179,0.001982
15:02:23.180,8.242483,15:02:23.180,83.376241,15:02:23.180,0.003955
15:02:23.181,8.326903,15:02:23.181,83.207402,15:02:23.181,0.00264
15:02:23.182,8.310019,15:02:23.182,83.038562,15:02:23.182,0.002311
15:02:23.183,8.293135,15:02:23.183,83.122982,15:02:23.183,0.00264
15:02:23.184,8.326903,15:02:23.184,83.207402,15:02:23.184,0.002311
15:02:23.185,8.326903,15:02:23.185,83.190518,15:02:23.185,0.003297
15:02:23.186,8.293135,15:02:23.186,82.98791,15:02:23.186,0.003626
15:02:23.187,8.310019,15:02:23.187,82.971026,15:02:23.187,0.001982
15:02:23.188,8.242483,15:02:23.188,83.15675,15:02:23.188,0.002969
15:02:23.189,8.191831,15:02:23.189,82.971026,15:02:23.189,0.002311
15:02:23.190,8.191831,15:02:23.190,82.886606,15:02:23.190,0.00264
15:02:23.191,8.225599,15:02:23.191,82.751534,15:02:23.191,0.003626
15:02:23.192,8.174947,15:02:23.192,82.90349,15:02:23.192,0.002311
15:02:23.193,8.208715,15:02:23.193,82.852838,15:02:23.193,0.001982
15:02:23.194,8.174947,15:02:23.194,82.700882,15:02:23.194,0.001653
15:02:23.195,8.174947,15:02:23.195,82.633346,15:02:23.195,0.001653
15:02:23.196,8.124295,15:02:23.196,82.785302,15:02:23.196,0.000667
15:02:23.197,8.208715,15:02:23.197,82.785302,15:02:23.197,0.003297
15:02:23.198,8.124295,15:02:23.198,82.532042,15:02:23.198,0.003626
15:02:23.199,8.107411,15:02:23.199,82.498274,15:02:23.199,0.001653
15:02:23.200,8.107411,15:02:23.200,82.65023,15:02:23.200,0.003297
15:02:23.201,8.073643,15:02:23.201,82.667114,15:02:23.201,0.00264
15:02:23.202,8.107411,15:02:23.202,82.464506,15:02:23.202,0.001653
15:02:23.203,8.039875,15:02:23.203,82.48139,15:02:23.203,0.002311
15:02:23.204,8.107411,15:02:23.204,82.599578,15:02:23.204,0.003297
15:02:23.205,8.090527,15:02:23.205,82.548926,15:02:23.205,0.003297
15:02:23.206,8.073643,15:02:23.206,82.295666,15:02:23.206,0.003297
15:02:23.207,8.039875,15:02:23.207,82.380086,15:02:23.207,0.003297
15:02:23.208,7.972339,15:02:23.208,82.430738,15:02:23.208,0.002969
15:02:23.209,7.955455,15:02:23.209,82.380086,15:02:23.209,0.00264
15:02:23.210,7.904803,15:02:23.210,82.177479,15:02:23.210,0.001653
15:02:23.211,7.938571,15:02:23.211,82.211246,15:02:23.211,0.003626
15:02:23.212,7.904803,15:02:23.212,82.261898,15:02:23.212,0.002311
15:02:23.213,7.786615,15:02:23.213,82.194362,15:02:23.213,0.00264
15:02:23.214,7.820383,15:02:23.214,81.974871,15:02:23.214,0.00264
15:02:23.215,7.820383,15:02:23.215,81.907335,15:02:23.215,0.002969
15:02:23.216,7.719079,15:02:23.216,82.076175,15:02:23.216,0.00264
15:02:23.217,7.837267,15:02:23.217,82.093059,15:02:23.217,0.00264
15:02:23.218,7.719079,15:02:23.218,81.957987,15:02:23.218,0.002969
15:02:23.219,7.769731,15:02:23.219,81.822915,15:02:23.219,0.003626
15:02:23.220,7.752847,15:02:23.220,82.025523,15:02:23.220,0.001653
15:02:23.221,7.752847,15:02:23.221,81.991755,15:02:23.221,0.002969
15:02:23.222,7.803499,15:02:23.222,81.789147,15:02:23.222,0.003626
15:02:23.223,7.871035,15:02:23.223,81.856683,15:02:23.223,0.003955
15:02:23.224,7.837267,15:02:23.224,81.974871,15:02:23.224,0.002969
15:02:23.225,7.820383,15:02:23.225,81.974871,15:02:23.225,0.001653
15:02:23.226,7.854151,15:02:23.226,81.924219,15:02:23.226,0.003297
15:02:23.227,7.887919,15:02:23.227,81.755379,15:02:23.227,0.003297
15:02:23.228,7.803499,15:02:23.228,81.890451,15:02:23.228,0.003955
15:02:23.229,7.735963,15:02:23.229,81.873567,15:02:23.229,0.00264
15:02:23.230,7.837267,15:02:23.230,81.654075,15:02:23.230,0.003626
15:02:23.231,7.871035,15:02:23.231,81.620307,15:02:23.231,0.003626
15:02:23.232,7.769731,15:02:23.232,81.755379,15:02:23.232,0.002311
15:02:23.233,7.786615,15:02:23.233,81.772263,15:02:23.233,0.002969
15:02:23.234,7.803499,15:02:23.234,81.502119,15:02:23.234,0.003626
15:02:23.235,7.786615,15:02:23.235,81.519003,15:02:23.235,0.00264
15:02:23.236,7.769731,15:02:23.236,81.687843,15:02:23.236,0.002311
15:02:23.237,7.769731,15:02:23.237,81.806031,15:02:23.237,0.001653
15:02:23.238,7.752847,15:02:23.238,81.468351,15:02:23.238,0.001982
15:02:23.239,7.685311,15:02:23.239,81.535887,15:02:23.239,0.002969
15:02:23.240,7.735963,15:02:23.240,81.654075,15:02:23.240,0.002311
15:02:23.241,7.702195,15:02:23.241,81.789147,15:02:23.241,0.00264
15:02:23.242,7.769731,15:02:23.242,81.535887,15:02:23.242,0.002969
15:02:23.243,7.752847,15:02:23.243,81.468351,15:02:23.243,0.004612
15:02:23.244,7.735963,15:02:23.244,81.485235,15:02:23.244,0.00264
15:02:23.245,7.685311,15:02:23.245,81.654075,15:02:23.245,0.003626
15:02:23.246,7.651543,15:02:23.246,81.434583,15:02:23.246,0.002311
15:02:23.247,7.685311,15:02:23.247,81.316395,15:02:23.247,0.002311
15:02:23.248,7.685311,15:02:23.248,81.367047,15:02:23.248,0.002311
15:02:23.249,7.617775,15:02:23.249,81.367047,15:02:23.249,0.003297
15:02:23.250,7.634659,15:02:23.250,81.181323,15:02:23.250,0.003626
15:02:23.251,7.567123,15:02:23.251,81.130671,15:02:23.251,0.002969
15:02:23.252,7.567123,15:02:23.252,81.265743,15:02:23.252,0.004612
15:02:23.253,7.550239,15:02:23.253,81.417699,15:02:23.253,0.00264
15:02:23.254,7.533355,15:02:23.254,81.113787,15:02:23.254,0.00264
15:02:23.255,7.533355,15:02:23.255,81.147555,15:02:23.255,0.00264
15:02:23.256,7.499587,15:02:23.256,81.181323,15:02:23.256,0.00264
15:02:23.257,7.533355,15:02:23.257,81.265743,15:02:23.257,0.002969
15:02:23.258,7.465819,15:02:23.258,81.113787,15:02:23.258,0.003626
15:02:23.259,7.482703,15:02:23.259,81.063136,15:02:23.259,0.003626
15:02:23.260,7.499587,15:02:23.260,81.164439,15:02:23.260,0.001982
15:02:23.261,7.465819,15:02:23.261,81.265743,15:02:23.261,0.003297
15:02:23.262,7.584007,15:02:23.262,81.063136,15:02:23.262,0.002969
15:02:23.263,7.567123,15:02:23.263,80.860528,15:02:23.263,0.00264
15:02:23.264,7.499587,15:02:23.264,80.978716,15:02:23.264,0.001982
15:02:23.265,7.499587,15:02:23.265,81.08002,15:02:23.265,0.002969
15:02:23.266,7.584007,15:02:23.266,80.809876,15:02:23.266,0.00264
15:02:23.267,7.533355,15:02:23.267,80.82676,15:02:23.267,0.002311
15:02:23.268,7.482703,15:02:23.268,80.928064,15:02:23.268,0.000996
15:02:23.269,7.398283,15:02:23.269,80.9956,15:02:23.269,0.002969
15:02:23.270,7.381399,15:02:23.270,80.809876,15:02:23.270,0.003297
15:02:23.271,7.432051,15:02:23.271,80.792992,15:02:23.271,0.002311
15:02:23.272,7.347631,15:02:23.272,80.792992,15:02:23.272,0.002969
15:02:23.273,7.296979,15:02:23.273,80.91118,15:02:23.273,0.00264
15:02:23.274,7.347631,15:02:23.274,80.792992,15:02:23.274,0.001325
15:02:23.275,7.246327,15:02:23.275,80.759224,15:02:23.275,0.001653
15:02:23.276,7.330747,15:02:23.276,80.74234,15:02:23.276,0.001653
15:02:23.277,7.246327,15:02:23.277,80.843644,15:02:23.277,0.001982
15:02:23.278,7.296979,15:02:23.278,80.691688,15:02:23.278,0.003297
15:02:23.279,7.280095,15:02:23.279,80.641036,15:02:23.279,0.003297
15:02:23.280,7.280095,15:02:23.280,80.641036,15:02:23.280,0.003297
15:02:23.281,7.330747,15:02:23.281,80.725456,15:02:23.281,0.00264
15:02:23.282,7.313863,15:02:23.282,80.522848,15:02:23.282,0.002311
15:02:23.283,7.296979,15:02:23.283,80.472196,15:02:23.283,0.003297
15:02:23.284,7.280095,15:02:23.284,80.40466,15:02:23.284,0.001982
15:02:23.285,7.280095,15:02:23.285,80.505964,15:02:23.285,0.00264
15:02:23.286,7.347631,15:02:23.286,80.421544,15:02:23.286,0.003626
15:02:23.287,7.313863,15:02:23.287,80.370892,15:02:23.287,0.00264
15:02:23.288,7.263211,15:02:23.288,80.354008,15:02:23.288,0.002311
15:02:23.289,7.229443,15:02:23.289,80.522848,15:02:23.289,0.00264
15:02:23.290,7.263211,15:02:23.290,80.40466,15:02:23.290,0.003626
15:02:23.291,7.280095,15:02:23.291,80.354008,15:02:23.291,0.002969
15:02:23.292,7.263211,15:02:23.292,80.269588,15:02:23.292,0.004284
15:02:23.293,7.229443,15:02:23.293,80.556616,15:02:23.293,0.00264
15:02:23.294,7.296979,15:02:23.294,80.624152,15:02:23.294,0.000996
15:02:23.295,7.195675,15:02:23.295,80.438428,15:02:23.295,0.002969
15:02:23.296,7.212559,15:02:23.296,80.286472,15:02:23.296,0.003297
15:02:23.297,7.212559,15:02:23.297,80.48908,15:02:23.297,0.002969
15:02:23.298,7.178791,15:02:23.298,80.252704,15:02:23.298,0.001982
15:02:23.299,7.212559,15:02:23.299,80.23582,15:02:23.299,0.003297
15:02:23.300,7.161907,15:02:23.300,80.134516,15:02:23.300,0.00264
15:02:23.301,7.145023,15:02:23.301,80.269588,15:02:23.301,0.003955
15:02:23.302,7.161907,15:02:23.302,80.083864,15:02:23.302,0.003626
15:02:23.303,7.212559,15:02:23.303,79.931909,15:02:23.303,0.00264
15:02:23.304,7.161907,15:02:23.304,80.016328,15:02:23.304,0.002311
15:02:23.305,7.178791,15:02:23.305,80.168284,15:02:23.305,0.00264
15:02:23.306,7.128139,15:02:23.306,80.033212,15:02:23.306,0.00264
15:02:23.307,7.094371,15:02:23.307,79.931909,15:02:23.307,0.00264
15:02:23.308,7.094371,15:02:23.308,79.98256,15:02:23.308,0.00264
15:02:23.309,7.043719,15:02:23.309,80.1514,15:02:23.309,0.00264
15:02:23.310,7.043719,15:02:23.310,80.016328,15:02:23.310,0.00264
15:02:23.311,6.993067,15:02:23.311,79.864373,15:02:23.311,0.001653
15:02:23.312,7.009951,15:02:23.312,79.864373,15:02:23.312,0.002311
15:02:23.313,6.993067,15:02:23.313,80.050096,15:02:23.313,0.00264
15:02:23.314,6.959299,15:02:23.314,79.915025,15:02:23.314,0.00264
15:02:23.315,6.959299,15:02:23.315,79.813721,15:02:23.315,0.002311
15:02:23.316,6.976183,15:02:23.316,79.746185,15:02:23.316,0.003955
15:02:23.317,6.959299,15:02:23.317,79.898141,15:02:23.317,0.00264
15:02:23.318,6.925531,15:02:23.318,79.864373,15:02:23.318,0.00264
15:02:23.319,6.891763,15:02:23.319,79.627997,15:02:23.319,0.00264
15:02:23.320,6.874879,15:02:23.320,79.661765,15:02:23.320,0.003626
15:02:23.321,6.976183,15:02:23.321,79.661765,15:02:23.321,0.00264
15:02:23.322,6.908647,15:02:23.322,79.695533,15:02:23.322,0.001982
15:02:23.323,7.026835,15:02:23.323,79.459157,15:02:23.323,0.003626
15:02:23.324,6.976183,15:02:23.324,79.560461,15:02:23.324,0.002969
15:02:23.325,7.009951,15:02:23.325,79.678649,15:02:23.325,0.003626
15:02:23.326,6.993067,15:02:23.326,79.627997,15:02:23.326,0.002311
15:02:23.327,7.009951,15:02:23.327,79.459157,15:02:23.327,0.00264
15:02:23.328,7.009951,15:02:23.328,79.459157,15:02:23.328,0.002311
15:02:23.329,6.976183,15:02:23.329,79.627997,15:02:23.329,0.002969
15:02:23.330,6.908647,15:02:23.330,79.577345,15:02:23.330,0.002969
15:02:23.331,6.959299,15:02:23.331,79.442273,15:02:23.331,0.000996
15:02:23.332,6.959299,15:02:23.332,79.324085,15:02:23.332,0.001982
15:02:23.333,6.925531,15:02:23.333,79.442273,15:02:23.333,0.00264
15:02:23.334,6.908647,15:02:23.334,79.425389,15:02:23.334,0.001982
15:02:23.335,6.925531,15:02:23.335,79.290317,15:02:23.335,0.003297
15:02:23.336,6.841111,15:02:23.336,79.205897,15:02:23.336,0.00264
15:02:23.337,6.841111,15:02:23.337,79.324085,15:02:23.337,0.001982
15:02:23.338,6.841111,15:02:23.338,79.324085,15:02:23.338,0.003297
15:02:23.339,6.790459,15:02:23.339,79.121477,15:02:23.339,0.001653
15:02:23.340,6.824227,15:02:23.340,79.104593,15:02:23.340,0.002311
15:02:23.341,6.756691,15:02:23.341,79.172129,15:02:23.341,0.001982
15:02:23.342,6.790459,15:02:23.342,79.155245,15:02:23.342,0.001653
15:02:23.343,6.807343,15:02:23.343,79.053941,15:02:23.343,0.00264
15:02:23.344,6.841111,15:02:23.344,79.003289,15:02:23.344,0.001653
15:02:23.345,6.790459,15:02:23.345,79.172129,15:02:23.345,0.00264
15:02:23.346,6.773575,15:02:23.346,79.273433,15:02:23.346,0.001982
15:02:23.347,6.756691,15:02:23.347,79.037057,15:02:23.347,0.001325
15:02:23.348,6.739807,15:02:23.348,79.003289,15:02:23.348,0.003955
15:02:23.349,6.689155,15:02:23.349,79.087709,15:02:23.349,0.001982
15:02:23.350,6.689155,15:02:23.350,79.070825,15:02:23.350,0.002969
15:02:23.351,6.672271,15:02:23.351,78.834449,15:02:23.351,0.002969
15:02:23.352,6.689155,15:02:23.352,78.766914,15:02:23.352,0.002969
15:02:23.353,6.706039,15:02:23.353,78.952637,15:02:23.353,0.003626
15:02:23.354,6.655387,15:02:23.354,78.901985,15:02:23.354,0.002969
15:02:23.355,6.655387,15:02:23.355,78.716262,15:02:23.355,0.003297
15:02:23.356,6.706039,15:02:23.356,78.766914,15:02:23.356,0.003297
15:02:23.357,6.621619,15:02:23.357,78.783798,15:02:23.357,0.003297
15:02:23.358,6.554084,15:02:23.358,78.868217,15:02:23.358,0.001325
15:02:23.359,6.587851,15:02:23.359,78.682494,15:02:23.359,0.002311
15:02:23.360,6.638503,15:02:23.360,78.598074,15:02:23.360,0.002311
15:02:23.361,6.655387,15:02:23.361,78.614958,15:02:23.361,0.002311
15:02:23.362,6.655387,15:02:23.362,78.800682,15:02:23.362,0.002311
15:02:23.363,6.706039,15:02:23.363,78.361698,15:02:23.363,0.004284
15:02:23.364,6.689155,15:02:23.364,78.175974,15:02:23.364,0.002311
15:02:23.365,6.672271,15:02:23.365,78.49677,15:02:23.365,0.002969
15:02:23.366,6.655387,15:02:23.366,78.58119,15:02:23.366,0.001653
15:02:23.367,6.689155,15:02:23.367,78.24351,15:02:23.367,0.002969
15:02:23.368,6.655387,15:02:23.368,78.15909,15:02:23.368,0.00264
15:02:23.369,6.604735,15:02:23.369,78.361698,15:02:23.369,0.002969
15:02:23.370,6.604735,15:02:23.370,78.463002,15:02:23.370,0.002311
15:02:23.371,6.587851,15:02:23.371,78.260394,15:02:23.371,0.002311
15:02:23.372,6.5372,15:02:23.372,78.311046,15:02:23.372,0.00264
15:02:23.373,6.554084,15:02:23.373,78.395466,15:02:23.373,0.001982
15:02:23.374,6.469664,15:02:23.374,78.513654,15:02:23.374,0.003626
15:02:23.375,6.45278,15:02:23.375,78.32793,15:02:23.375,0.003297
15:02:23.376,6.469664,15:02:23.376,78.294162,15:02:23.376,0.001653
15:02:23.377,6.520316,15:02:23.377,78.32793,15:02:23.377,0.001982
15:02:23.378,6.385244,15:02:23.378,78.311046,15:02:23.378,0.002311
15:02:23.379,6.402128,15:02:23.379,78.226626,15:02:23.379,0.00264
15:02:23.380,6.385244,15:02:23.380,78.142206,15:02:23.380,0.00264
15:02:23.381,6.36836,15:02:23.381,78.175974,15:02:23.381,0.003297
15:02:23.382,6.419012,15:02:23.382,78.311046,15:02:23.382,0.001982
15:02:23.383,6.435896,15:02:23.383,78.125322,15:02:23.383,0.001982
15:02:23.384,6.435896,15:02:23.384,78.091554,15:02:23.384,0.003626
15:02:23.385,6.402128,15:02:23.385,78.125322,15:02:23.385,0.002311
15:02:23.386,6.419012,15:02:23.386,78.226626,15:02:23.386,0.002311
15:02:23.387,6.402128,15:02:23.387,78.091554,15:02:23.387,0.00264
15:02:23.388,6.419012,15:02:23.388,77.99025,15:02:23.388,0.002311
15:02:23.389,6.351476,15:02:23.389,77.99025,15:02:23.389,0.00264
15:02:23.390,6.351476,15:02:23.390,78.108438,15:02:23.390,0.003297
15:02:23.391,6.36836,15:02:23.391,78.007134,15:02:23.391,0.00264
15:02:23.392,6.36836,15:02:23.392,77.956482,15:02:23.392,0.002969
15:02:23.393,6.36836,15:02:23.393,78.007134,15:02:23.393,0.001982
15:02:23.394,6.317708,15:02:23.394,77.99025,15:02:23.394,0.000338
15:02:23.395,6.36836,15:02:23.395,77.888946,15:02:23.395,0.002311
15:02:23.396,6.317708,15:02:23.396,77.872062,15:02:23.396,0.002311
15:02:23.397,6.317708,15:02:23.397,77.838294,15:02:23.397,0.00264
15:02:23.398,6.28394,15:02:23.398,78.057786,15:02:23.398,0.002311
15:02:23.399,6.300824,15:02:23.399,77.872062,15:02:23.399,0.002311
15:02:23.400,6.317708,15:02:23.400,77.73699,15:02:23.400,0.001982
15:02:23.401,6.334592,15:02:23.401,77.82141,15:02:23.401,0.00264
15:02:23.402,6.385244,15:02:23.402,77.922714,15:02:23.402,0.00264
15:02:23.403,6.419012,15:02:23.403,77.804526,15:02:23.403,0.002969
15:02:23.404,6.435896,15:02:23.404,77.618803,15:02:23.404,0.00264
15:02:23.405,6.45278,15:02:23.405,77.703222,15:02:23.405,0.002311
15:02:23.406,6.36836,15:02:23.406,77.838294,15:02:23.406,0.003955
15:02:23.407,6.351476,15:02:23.407,77.686338,15:02:23.407,0.001982
15:02:23.408,6.334592,15:02:23.408,77.618803,15:02:23.408,0.002969
15:02:23.409,6.300824,15:02:23.409,77.601919,15:02:23.409,0.001653
15:02:23.410,6.250172,15:02:23.410,77.652571,15:02:23.410,0.001325
15:02:23.411,6.267056,15:02:23.411,77.601919,15:02:23.411,0.00264
15:02:23.412,6.216404,15:02:23.412,77.449963,15:02:23.412,0.002311
15:02:23.413,6.216404,15:02:23.413,77.416195,15:02:23.413,0.002969
15:02:23.414,6.19952,15:02:23.414,77.568151,15:02:23.414,0.00264
15:02:23.415,6.19952,15:02:23.415,77.416195,15:02:23.415,0.003626
15:02:23.416,6.165752,15:02:23.416,77.348659,15:02:23.416,0.003626
15:02:23.417,6.165752,15:02:23.417,77.348659,15:02:23.417,0.002311
15:02:23.418,6.064448,15:02:23.418,77.517499,15:02:23.418,0.002969
15:02:23.419,6.098216,15:02:23.419,77.399311,15:02:23.419,0.00264
15:02:23.420,6.131984,15:02:23.420,77.416195,15:02:23.420,0.001982
15:02:23.421,6.1151,15:02:23.421,77.331775,15:02:23.421,0.001653
15:02:23.422,6.131984,15:02:23.422,77.534383,15:02:23.422,0.001653
15:02:23.423,6.081332,15:02:23.423,77.399311,15:02:23.423,0.00264
15:02:23.424,6.098216,15:02:23.424,77.298007,15:02:23.424,0.003626
15:02:23.425,6.131984,15:02:23.425,77.247355,15:02:23.425,0.003626
15:02:23.426,6.081332,15:02:23.426,77.399311,15:02:23.426,0.001653
15:02:23.427,6.064448,15:02:23.427,77.348659,15:02:23.427,0.002311
15:02:23.428,6.064448,15:02:23.428,77.213587,15:02:23.428,0.001982
15:02:23.429,6.064448,15:02:23.429,77.179819,15:02:23.429,0.002969
15:02:23.430,5.980028,15:02:23.430,77.348659,15:02:23.430,0.00264
15:02:23.431,6.047564,15:02:23.431,77.298007,15:02:23.431,0.003297
15:02:23.432,6.013796,15:02:23.432,77.044747,15:02:23.432,0.00264
15:02:23.433,5.996912,15:02:23.433,77.078515,15:02:23.433,0.004284
15:02:23.434,6.013796,15:02:23.434,77.095399,15:02:23.434,0.00264
15:02:23.435,5.963144,15:02:23.435,77.044747,15:02:23.435,0.002311
15:02:23.436,5.980028,15:02:23.436,76.943443,15:02:23.436,0.00264
15:02:23.437,5.980028,15:02:23.437,76.994095,15:02:23.437,0.003626
15:02:23.438,5.94626,15:02:23.438,77.129167,15:02:23.438,0.00264
15:02:23.439,5.963144,15:02:23.439,77.078515,15:02:23.439,0.002969
15:02:23.440,5.996912,15:02:23.440,76.943443,15:02:23.440,0.001982
15:02:23.441,5.996912,15:02:23.441,76.926559,15:02:23.441,0.004284
15:02:23.442,5.963144,15:02:23.442,77.112283,15:02:23.442,0.003955
15:02:23.443,6.03068,15:02:23.443,76.977211,15:02:23.443,0.003955
15:02:23.444,6.03068,15:02:23.444,76.774603,15:02:23.444,0.003626
15:02:23.445,6.013796,15:02:23.445,76.875907,15:02:23.445,0.001325
15:02:23.446,5.929376,15:02:23.446,76.994095,15:02:23.446,0.003626
15:02:23.447,5.895608,15:02:23.447,76.926559,15:02:23.447,0.003297
15:02:23.448,5.929376,15:02:23.448,76.639531,15:02:23.448,0.003297
15:02:23.449,5.929376,15:02:23.449,76.622647,15:02:23.449,0.003626
15:02:23.450,5.895608,15:02:23.450,76.656415,15:02:23.450,0.002311
15:02:23.451,5.878724,15:02:23.451,76.707067,15:02:23.451,0.003626
15:02:23.452,5.895608,15:02:23.452,76.571995,15:02:23.452,0.003297
15:02:23.453,5.811188,15:02:23.453,76.555111,15:02:23.453,0.002311
15:02:23.454,5.811188,15:02:23.454,76.707067,15:02:23.454,0.002969
15:02:23.455,5.794304,15:02:23.455,76.707067,15:02:23.455,0.00264
15:02:23.456,5.828072,15:02:23.456,76.571995,15:02:23.456,0.00264
15:02:23.457,5.828072,15:02:23.457,76.504459,15:02:23.457,0.002969
15:02:23.458,5.743652,15:02:23.458,76.673299,15:02:23.458,0.002311
15:02:23.459,5.828072,15:02:23.459,76.707067,15:02:23.459,0.002311
15:02:23.460,5.794304,15:02:23.460,76.470692,15:02:23.460,0.004612
15:02:23.461,5.811188,15:02:23.461,76.521343,15:02:23.461,0.001653
15:02:23.462,5.86184,15:02:23.462,76.571995,15:02:23.462,0.00264
15:02:23.463,5.86184,15:02:23.463,76.555111,15:02:23.463,0.00264
15:02:23.464,5.844956,15:02:23.464,76.369388,15:02:23.464,0.003297
15:02:23.465,5.86184,15:02:23.465,76.33562,15:02:23.465,0.002969
15:02:23.466,5.760536,15:02:23.466,76.42004,15:02:23.466,0.002969
15:02:23.467,5.86184,15:02:23.467,76.487575,15:02:23.467,0.002969
15:02:23.468,5.794304,15:02:23.468,76.318736,15:02:23.468,0.002311
15:02:23.469,5.760536,15:02:23.469,76.200548,15:02:23.469,0.00264
15:02:23.470,5.760536,15:02:23.470,76.318736,15:02:23.470,0.002311
15:02:23.471,5.794304,15:02:23.471,76.403156,15:02:23.471,0.002969
15:02:23.472,5.743652,15:02:23.472,76.149896,15:02:23.472,0.00264
15:02:23.473,5.760536,15:02:23.473,76.183664,15:02:23.473,0.002969
15:02:23.474,5.709884,15:02:23.474,76.217432,15:02:23.474,0.00264
15:02:23.475,5.676116,15:02:23.475,76.33562,15:02:23.475,0.001982
15:02:23.476,5.693,15:02:23.476,76.16678,15:02:23.476,0.00264
15:02:23.477,5.676116,15:02:23.477,76.048592,15:02:23.477,0.002311
15:02:23.478,5.743652,15:02:23.478,76.099244,15:02:23.478,0.001982
15:02:23.479,5.625464,15:02:23.479,76.234316,15:02:23.479,0.002311
15:02:23.480,5.676116,15:02:23.480,75.91352,15:02:23.480,0.001982
15:02:23.481,5.659232,15:02:23.481,75.964172,15:02:23.481,0.001325
15:02:23.482,5.726768,15:02:23.482,75.964172,15:02:23.482,0.003297
15:02:23.483,5.693,15:02:23.483,76.065476,15:02:23.483,0.001982
15:02:23.484,5.642348,15:02:23.484,75.862868,15:02:23.484,0.002969
15:02:23.485,5.676116,15:02:23.485,75.8291,15:02:23.485,0.002311
15:02:23.486,5.625464,15:02:23.486,75.862868,15:02:23.486,0.001325
15:02:23.487,5.625464,15:02:23.487,75.964172,15:02:23.487,0.00264
15:02:23.488,5.574812,15:02:23.488,75.845984,15:02:23.488,0.003955
15:02:23.489,5.625464,15:02:23.489,75.761564,15:02:23.489,0.001653
15:02:23.490,5.557928,15:02:23.490,75.845984,15:02:23.490,0.003626
15:02:23.491,5.557928,15:02:23.491,75.964172,15:02:23.491,0.004284
15:02:23.492,5.52416,15:02:23.492,75.761564,15:02:23.492,0.003297
15:02:23.493,5.52416,15:02:23.493,75.694028,15:02:23.493,0.002311
15:02:23.494,5.557928,15:02:23.494,75.694028,15:02:23.494,0.002969
15:02:23.495,5.473508,15:02:23.495,75.947288,15:02:23.495,0.00264
15:02:23.496,5.473508,15:02:23.496,75.66026,15:02:23.496,0.003955
15:02:23.497,5.456624,15:02:23.497,75.609608,15:02:23.497,0.002969
15:02:23.498,5.456624,15:02:23.498,75.592724,15:02:23.498,0.004284
15:02:23.499,5.490392,15:02:23.499,75.66026,15:02:23.499,0.001982
15:02:23.500,5.541044,15:02:23.500,75.238161,15:02:23.500,0.002311
15:02:23.501,5.625464,15:02:23.501,75.255045,15:02:23.501,0.001325
15:02:23.502,5.52416,15:02:23.502,75.390116,15:02:23.502,0.003297
15:02:23.503,5.507276,15:02:23.503,75.626492,15:02:23.503,0.00264
15:02:23.504,5.473508,15:02:23.504,75.457652,15:02:23.504,0.002311
15:02:23.505,5.574812,15:02:23.505,75.373232,15:02:23.505,0.002969
15:02:23.506,5.574812,15:02:23.506,75.508304,15:02:23.506,0.002311
15:02:23.507,5.490392,15:02:23.507,75.643376,15:02:23.507,0.003297
15:02:23.508,5.52416,15:02:23.508,75.457652,15:02:23.508,0.002969
15:02:23.509,5.507276,15:02:23.509,75.390116,15:02:23.509,0.003297
15:02:23.510,5.456624,15:02:23.510,75.373232,15:02:23.510,0.003955
15:02:23.511,5.422856,15:02:23.511,75.508304,15:02:23.511,0.004284
15:02:23.512,5.43974,15:02:23.512,75.32258,15:02:23.512,0.002311
15:02:23.513,5.405972,15:02:23.513,75.255045,15:02:23.513,0.003297
15:02:23.514,5.456624,15:02:23.514,75.170625,15:02:23.514,0.002311
15:02:23.515,5.389088,15:02:23.515,75.271929,15:02:23.515,0.005599
15:02:23.516,5.372204,15:02:23.516,75.221277,15:02:23.516,0.002969
15:02:23.517,5.35532,15:02:23.517,75.103089,15:02:23.517,0.002969
15:02:23.518,5.389088,15:02:23.518,75.187509,15:02:23.518,0.003297
15:02:23.519,5.321552,15:02:23.519,75.288812,15:02:23.519,0.00264
15:02:23.520,5.389088,15:02:23.520,75.204393,15:02:23.520,0.003297
15:02:23.521,5.422856,15:02:23.521,75.119973,15:02:23.521,0.001982
15:02:23.522,5.372204,15:02:23.522,75.035553,15:02:23.522,0.001982
15:02:23.523,5.35532,15:02:23.523,75.153741,15:02:23.523,0.002311
15:02:23.524,5.338436,15:02:23.524,75.136857,15:02:23.524,0.003955
15:02:23.525,5.338436,15:02:23.525,75.035553,15:02:23.525,0.002311
15:02:23.526,5.35532,15:02:23.526,74.951133,15:02:23.526,0.003626
15:02:23.527,5.321552,15:02:23.527,75.136857,15:02:23.527,0.003626
15:02:23.528,5.287784,15:02:23.528,75.052437,15:02:23.528,0.003955
15:02:23.529,5.389088,15:02:23.529,74.917365,15:02:23.529,0.00264
15:02:23.530,5.287784,15:02:23.530,74.883597,15:02:23.530,0.002969
15:02:23.531,5.287784,15:02:23.531,75.103089,15:02:23.531,0.002311
15:02:23.532,5.2709,15:02:23.532,74.883597,15:02:23.532,0.003955
15:02:23.533,5.254016,15:02:23.533,74.765409,15:02:23.533,0.002311
15:02:23.534,5.2709,15:02:23.534,74.816061,15:02:23.534,0.002311
15:02:23.535,5.237132,15:02:23.535,74.951133,15:02:23.535,0.001982
15:02:23.536,5.237132,15:02:23.536,74.849829,15:02:23.536,0.00264
15:02:23.537,5.254016,15:02:23.537,74.765409,15:02:23.537,0.002969
15:02:23.538,5.220248,15:02:23.538,74.832945,15:02:23.538,0.003297
15:02:23.539,5.18648,15:02:23.539,74.900481,15:02:23.539,0.002311
15:02:23.540,5.220248,15:02:23.540,74.883597,15:02:23.540,0.002311
15:02:23.541,5.220248,15:02:23.541,74.731641,15:02:23.541,0.003626
15:02:23.542,5.237132,15:02:23.542,74.731641,15:02:23.542,0.003297
15:02:23.543,5.220248,15:02:23.543,74.866713,15:02:23.543,0.003626
15:02:23.544,5.203364,15:02:23.544,74.765409,15:02:23.544,0.00264
15:02:23.545,5.287784,15:02:23.545,74.579685,15:02:23.545,0.002311
15:02:23.546,5.254016,15:02:23.546,74.613453,15:02:23.546,0.002969
15:02:23.547,5.169596,15:02:23.547,74.782293,15:02:23.547,0.003626
15:02:23.548,5.18648,15:02:23.548,74.680989,15:02:23.548,0.003626
15:02:23.549,5.152712,15:02:23.549,74.512149,15:02:23.549,0.002969
15:02:23.550,5.152712,15:02:23.550,74.461497,15:02:23.550,0.001982
15:02:23.551,5.10206,15:02:23.551,74.562801,15:02:23.551,0.002311
15:02:23.552,5.169596,15:02:23.552,74.545917,15:02:23.552,0.002311
15:02:23.553,5.10206,15:02:23.553,74.410845,15:02:23.553,0.001982
15:02:23.554,5.085176,15:02:23.554,74.377077,15:02:23.554,0.002311
15:02:23.555,5.085176,15:02:23.555,74.512149,15:02:23.555,0.002311
15:02:23.556,5.10206,15:02:23.556,74.529033,15:02:23.556,0.002969
15:02:23.557,5.068292,15:02:23.557,74.360193,15:02:23.557,0.001653
15:02:23.558,5.051408,15:02:23.558,74.360193,15:02:23.558,0.001325
15:02:23.559,5.051408,15:02:23.559,74.495265,15:02:23.559,0.003955
15:02:23.560,5.051408,15:02:23.560,74.478381,15:02:23.560,0.003626
15:02:23.561,5.068292,15:02:23.561,74.326425,15:02:23.561,0.002969
15:02:23.562,5.068292,15:02:23.562,74.309541,15:02:23.562,0.003626
15:02:23.563,5.118944,15:02:23.563,74.444613,15:02:23.563,0.00264
15:02:23.564,5.085176,15:02:23.564,74.529033,15:02:23.564,0.003955
15:02:23.565,5.152712,15:02:23.565,74.242005,15:02:23.565,0.002969
15:02:23.566,5.169596,15:02:23.566,74.208237,15:02:23.566,0.004612
15:02:23.567,5.051408,15:02:23.567,74.309541,15:02:23.567,0.00264
15:02:23.568,5.068292,15:02:23.568,74.292657,15:02:23.568,0.002969
15:02:23.569,5.01764,15:02:23.569,74.056282,15:02:23.569,0.002311
15:02:23.570,5.051408,15:02:23.570,74.090049,15:02:23.570,0.002969
15:02:23.571,4.983872,15:02:23.571,74.191353,15:02:23.571,0.001653
15:02:23.572,4.983872,15:02:23.572,74.258889,15:02:23.572,0.001982
15:02:23.573,5.000756,15:02:23.573,73.971862,15:02:23.573,0.003955
15:02:23.574,4.983872,15:02:23.574,74.00563,15:02:23.574,0.001982
15:02:23.575,4.916336,15:02:23.575,74.090049,15:02:23.575,0.001982
15:02:23.576,4.865684,15:02:23.576,74.258889,15:02:23.576,0.003626
15:02:23.577,4.916336,15:02:23.577,74.090049,15:02:23.577,0.00264
15:02:23.578,4.93322,15:02:23.578,73.92121,15:02:23.578,0.003297
15:02:23.579,4.882568,15:02:23.579,74.106933,15:02:23.579,0.002311
15:02:23.580,4.865684,15:02:23.580,74.039398,15:02:23.580,0.002969
15:02:23.581,4.950104,15:02:23.581,73.904326,15:02:23.581,0.003297
15:02:23.582,4.93322,15:02:23.582,73.769254,15:02:23.582,0.002311
15:02:23.583,4.966988,15:02:23.583,73.954978,15:02:23.583,0.003297
15:02:23.584,4.916336,15:02:23.584,73.971862,15:02:23.584,0.008558
15:02:23.585,4.983872,15:02:23.585,73.803022,15:02:23.585,1.996803
15:02:23.586,4.93322,15:02:23.586,73.701718,15:02:23.586,7.467335
15:02:23.587,4.882568,15:02:23.587,73.735486,15:02:23.587,8.607926
15:02:23.588,4.8488,15:02:23.588,73.853674,15:02:23.588,8.634559
15:02:23.589,4.93322,15:02:23.589,73.735486,15:02:23.589,8.629955
15:02:23.590,4.93322,15:02:23.590,73.566646,15:02:23.590,8.605296
15:02:23.591,4.831916,15:02:23.591,73.769254,15:02:23.591,8.619434
15:02:23.592,4.730612,15:02:23.592,73.786138,15:02:23.592,8.63686
15:02:23.593,4.696844,15:02:23.593,73.532878,15:02:23.593,8.719388
15:02:23.594,4.696844,15:02:23.594,73.66795,15:02:23.594,8.749637
15:02:23.595,4.646192,15:02:23.595,73.66795,15:02:23.595,8.762789
15:02:23.596,4.696844,15:02:23.596,73.684834,15:02:23.596,8.776598
15:02:23.597,5.152712,15:02:23.597,73.515994,15:02:23.597,8.752596
15:02:23.598,5.86184,15:02:23.598,73.431574,15:02:23.598,8.693413
15:02:23.599,7.111255,15:02:23.599,73.49911,15:02:23.599,8.699002
15:02:23.600,9.356827,15:02:23.600,73.532878,15:02:23.600,8.763775
15:02:23.601,13.240146,15:02:23.601,73.49911,15:02:23.601,8.786462
15:02:23.602,20.078163,15:02:23.602,73.465342,15:02:23.602,8.805532
15:02:23.603,28.807188,15:02:23.603,73.49911,15:02:23.603,8.728594
15:02:23.604,37.806356,15:02:23.604,73.532878,15:02:23.604,8.716757
15:02:23.605,47.109436,15:02:23.605,73.482226,15:02:23.605,8.755555
15:02:23.606,57.087874,15:02:23.606,73.465342,15:02:23.606,8.771337
15:02:23.607,67.184499,15:02:23.607,73.58353,15:02:23.607,8.783503
15:02:23.608,76.909675,15:02:23.608,73.718602,15:02:23.608,8.790736
15:02:23.609,85.621811,15:02:23.609,73.617298,15:02:23.609,8.737471
15:02:23.610,93.776775,15:02:23.610,73.651066,15:02:23.610,8.698674
15:02:23.611,101.408335,15:02:23.611,73.58353,15:02:23.611,8.703934
15:02:23.612,108.296998,15:02:23.612,73.566646,15:02:23.612,8.770351
15:02:23.613,113.598567,15:02:23.613,73.296502,15:02:23.613,8.786791
15:02:23.614,116.181816,15:02:23.614,73.127662,15:02:23.614,8.748979
15:02:23.615,115.624645,15:02:23.615,73.127662,15:02:23.615,8.712483
15:02:23.616,115.084357,15:02:23.616,73.313386,15:02:23.616,8.7161
15:02:23.617,114.442766,15:02:23.617,73.195198,15:02:23.617,8.782516
15:02:23.618,110.626987,15:02:23.618,73.262734,15:02:23.618,8.78975
15:02:23.619,104.734479,15:02:23.619,73.600414,15:02:23.619,8.798956
15:02:23.620,102.421373,15:02:23.620,73.701718,15:02:23.620,8.754897
15:02:23.621,98.706898,15:02:23.621,73.735486,15:02:23.621,8.724648
15:02:23.622,89.944111,15:02:23.622,73.600414,15:02:23.622,8.731224
15:02:23.623,81.130671,15:02:23.623,73.66795,15:02:23.623,8.796326
15:02:23.624,74.039398,15:02:23.624,73.92121,15:02:23.624,8.79797
15:02:23.625,66.627327,15:02:23.625,73.83679,15:02:23.625,8.785147
15:02:23.626,60.49844,15:02:23.626,73.75237,15:02:23.626,8.732868
15:02:23.627,56.39563,15:02:23.627,73.701718,15:02:23.627,8.706236
15:02:23.628,56.024182,15:02:23.628,74.140701,15:02:23.628,8.722676
15:02:23.629,60.143876,15:02:23.629,74.073165,15:02:23.629,8.752925
15:02:23.630,67.623483,15:02:23.630,74.00563,15:02:23.630,8.753911
15:02:23.631,76.639531,15:02:23.631,74.123817,15:02:23.631,8.762789
15:02:23.632,87.614121,15:02:23.632,74.630337,15:02:23.632,8.731224
15:02:23.633,97.086036,15:02:23.633,74.596569,15:02:23.633,8.684535
15:02:23.634,103.46818,15:02:23.634,74.596569,15:02:23.634,8.676315
15:02:23.635,107.469683,15:02:23.635,74.697873,15:02:23.635,8.777256
15:02:23.636,109.039893,15:02:23.636,74.951133,15:02:23.636,8.777584
15:02:23.637,107.874899,15:02:23.637,74.984901,15:02:23.637,8.77331
15:02:23.638,105.663098,15:02:23.638,75.035553,15:02:23.638,8.751281
15:02:23.639,104.751363,15:02:23.639,75.221277,15:02:23.639,8.695714
15:02:23.640,106.017661,15:02:23.640,75.66026,15:02:23.640,8.667767
15:02:23.641,107.334611,15:02:23.641,75.862868,15:02:23.641,8.664808
15:02:23.642,108.161926,15:02:23.642,76.065476,15:02:23.642,8.731882
15:02:23.643,109.107429,15:02:23.643,76.386272,15:02:23.643,8.733197
15:02:23.644,113.108932,15:02:23.644,76.774603,15:02:23.644,8.725964
15:02:23.645,110.998435,15:02:23.645,76.977211,15:02:23.645,8.723662
15:02:23.646,109.073661,15:02:23.646,77.078515,15:02:23.646,8.7161
15:02:23.647,107.435915,15:02:23.647,77.230471,15:02:23.647,8.642121
15:02:23.648,105.612446,15:02:23.648,77.855178,15:02:23.648,8.632586
15:02:23.649,103.366876,15:02:23.649,77.787642,15:02:23.649,8.690782
15:02:23.650,101.526522,15:02:23.650,77.804526,15:02:23.650,8.735827
15:02:23.651,101.746014,15:02:23.651,77.956482,15:02:23.651,8.738787
15:02:23.652,104.818899,15:02:23.652,78.429234,15:02:23.652,8.739115
15:02:23.653,110.812711,15:02:23.653,78.952637,15:02:23.653,8.729909
15:02:23.654,117.127319,15:02:23.654,79.796837,15:02:23.654,8.714784
15:02:23.655,122.530191,15:02:23.655,81.265743,15:02:23.655,8.655601
15:02:23.656,127.257704,15:02:23.656,83.443777,15:02:23.656,8.643436
15:02:23.657,130.381239,15:02:23.657,86.128331,15:02:23.657,8.64771
15:02:23.658,130.921526,15:02:23.658,89.099912,15:02:23.658,8.730567
15:02:23.659,130.482542,15:02:23.659,90.433747,15:02:23.659,8.736814
15:02:23.660,128.794145,15:02:23.660,90.484399,15:02:23.660,8.739773
15:02:23.661,126.379737,15:02:23.661,90.197371,15:02:23.661,8.738458
15:02:23.662,122.648379,15:02:23.662,90.079183,15:02:23.662,8.745034
15:02:23.663,119.153396,15:02:23.663,89.589547,15:02:23.663,8.689467
15:02:23.664,115.962324,15:02:23.664,88.998608,15:02:23.664,8.648039
15:02:23.665,113.007628,15:02:23.665,88.238829,15:02:23.665,8.651327
15:02:23.666,111.471186,15:02:23.666,87.580353,15:02:23.666,8.725964
15:02:23.667,111.758214,15:02:23.667,86.837458,15:02:23.667,8.739773
15:02:23.668,112.906324,15:02:23.668,86.533546,15:02:23.668,8.75687
15:02:23.669,114.696026,15:02:23.669,86.314055,15:02:23.669,8.766734
15:02:23.670,116.688335,15:02:23.670,86.482894,15:02:23.670,8.689796
15:02:23.671,119.727451,15:02:23.671,87.597237,15:02:23.671,8.689138
15:02:23.672,122.395119,15:02:23.672,89.606431,15:02:23.672,8.682891
15:02:23.673,123.762721,15:02:23.673,92.341637,15:02:23.673,8.754897
15:02:23.674,122.95229,15:02:23.674,94.418366,15:02:23.674,8.749308
15:02:23.675,120.976865,15:02:23.675,95.279449,15:02:23.675,8.756213
15:02:23.676,118.140357,15:02:23.676,95.161262,15:02:23.676,8.759829
15:02:23.677,115.202545,15:02:23.677,94.85735,15:02:23.677,8.707551
15:02:23.678,112.264733,15:02:23.678,94.131339,15:02:23.678,8.668753
15:02:23.679,109.934744,15:02:23.679,93.810543,15:02:23.679,8.679603
15:02:23.680,-282.21269,15:02:23.680,82.380086,15:02:23.680,-10.650727
15:02:23.681,105.021506,15:02:23.681,94.823582,15:02:23.681,2.310477
15:02:23.682,103.130501,15:02:23.682,94.046919,15:02:23.682,1.973459
15:02:23.683,103.164269,15:02:23.683,93.861195,15:02:23.683,1.505907
15:02:23.684,107.0307,15:02:23.684,94.35083,15:02:23.684,1.129433
15:02:23.685,113.362192,15:02:23.685,95.583361,15:02:23.685,0.899931
15:02:23.686,119.507959,15:02:23.686,95.19503,15:02:23.686,0.69772
15:02:23.687,124.792643,15:02:23.687,94.908002,15:02:23.687,0.516552
15:02:23.688,128.236974,15:02:23.688,96.089881,15:02:23.688,0.355112
15:02:23.689,130.009791,15:02:23.689,97.727627,15:02:23.689,0.207481
15:02:23.690,129.53704,15:02:23.690,98.926389,15:02:23.690,0.07103
15:02:23.691,127.07198,15:02:23.691,99.297837,15:02:23.691,-0.00558
15:02:23.692,122.78345,15:02:23.692,99.331605,15:02:23.692,0.01349
15:02:23.693,117.498766,15:02:23.693,99.669285,15:02:23.693,0.000996
15:02:23.694,112.095893,15:02:23.694,99.112113,15:02:23.694,0.003955
15:02:23.695,104.261727,15:02:23.695,97.812047,15:02:23.695,0.001982
15:02:23.696,95.752201,15:02:23.696,97.744511,15:02:23.696,0.002969
15:02:23.697,88.54274,15:02:23.697,98.318566,15:02:23.697,0.003297
15:02:23.698,83.494429,15:02:23.698,98.538058,15:02:23.698,0.001653
15:02:23.699,79.543577,15:02:23.699,98.521174,15:02:23.699,0.00527
15:02:23.700,75.677144,15:02:23.700,98.875738,15:02:23.700,0.003297
15:02:23.701,73.566646,15:02:23.701,99.888776,15:02:23.701,0.003297
15:02:23.702,71.473032,15:02:23.702,102.404489,15:02:23.702,0.002969
15:02:23.703,71.050932,15:02:23.703,104.481219,15:02:23.703,0.003297
15:02:23.704,71.827595,15:02:23.704,104.447451,15:02:23.704,0.002969
15:02:23.705,72.654911,15:02:23.705,104.025352,15:02:23.705,0.004941
15:02:23.706,72.199043,15:02:23.706,103.991584,15:02:23.706,0.002969
15:02:23.707,71.608103,15:02:23.707,104.633175,15:02:23.707,0.00264
15:02:23.708,71.776943,15:02:23.708,104.514987,15:02:23.708,0.00264
15:02:23.709,73.093894,15:02:23.709,104.683827,15:02:23.709,0.003626
15:02:23.710,73.735486,15:02:23.710,104.312379,15:02:23.710,0.001982
15:02:23.711,72.840634,15:02:23.711,104.092887,15:02:23.711,0.000996
15:02:23.712,71.5068,15:02:23.712,103.333108,15:02:23.712,0.002969
15:02:23.713,69.497605,15:02:23.713,102.522677,15:02:23.713,0.00264
15:02:23.714,66.779283,15:02:23.714,101.222611,15:02:23.714,0.00264
15:02:23.715,64.027193,15:02:23.715,100.648555,15:02:23.715,0.00264
15:02:23.716,60.667279,15:02:23.716,100.513484,15:02:23.716,0.002969
15:02:23.717,57.645045,15:02:23.717,100.884931,15:02:23.717,0.003297
15:02:23.718,54.808535,15:02:23.718,101.357683,15:02:23.718,0.00264
15:02:23.719,52.242169,15:02:23.719,102.336954,15:02:23.719,0.003297
15:02:23.720,50.688842,15:02:23.720,103.248688,15:02:23.720,0.003626
15:02:23.721,49.051095,15:02:23.721,103.21492,15:02:23.721,0.00264
15:02:23.722,46.737988,15:02:23.722,101.965506,15:02:23.722,0.003626
15:02:23.723,45.454805,15:02:23.723,101.121307,15:02:23.723,0.003626
15:02:23.724,44.779445,15:02:23.724,101.408335,15:02:23.724,0.004612
15:02:23.725,44.391113,15:02:23.725,102.269418,15:02:23.725,0.003955
15:02:23.726,44.407997,15:02:23.726,103.21492,15:02:23.726,0.003626
15:02:23.727,44.424881,15:02:23.727,104.211075,15:02:23.727,0.003955
15:02:23.728,44.576837,15:02:23.728,105.021506,15:02:23.728,0.002311
15:02:23.729,44.526185,15:02:23.729,105.477374,15:02:23.729,0.001653
15:02:23.730,44.036549,15:02:23.730,104.937086,15:02:23.730,0.001982
15:02:23.731,43.783289,15:02:23.731,104.295495,15:02:23.731,0.001982
15:02:23.732,43.158582,15:02:23.732,103.873396,15:02:23.732,0.002969
15:02:23.733,42.584526,15:02:23.733,104.143539,15:02:23.733,0.003297
15:02:23.734,42.398802,15:02:23.734,104.261727,15:02:23.734,0.003297
15:02:23.735,42.533874,15:02:23.735,104.143539,15:02:23.735,0.005599
15:02:23.736,42.60141,15:02:23.736,103.856512,15:02:23.736,0.004612
15:02:23.737,42.753366,15:02:23.737,103.231804,15:02:23.737,0.002311
15:02:23.738,42.719598,15:02:23.738,102.033042,15:02:23.738,0.00264
15:02:23.739,42.26373,15:02:23.739,100.749859,15:02:23.739,0.003955
15:02:23.740,41.622138,15:02:23.740,99.855008,15:02:23.740,0.003626
15:02:23.741,40.896127,15:02:23.741,99.736821,15:02:23.741,0.003297
15:02:23.742,39.967507,15:02:23.742,99.922544,15:02:23.742,0.00264
15:02:23.743,39.08954,15:02:23.743,100.4966,15:02:23.743,0.002969
15:02:23.744,38.312876,15:02:23.744,101.053771,15:02:23.744,0.003297
15:02:23.745,38.042732,15:02:23.745,101.931738,15:02:23.745,0.002969
15:02:23.746,37.890776,15:02:23.746,102.269418,15:02:23.746,0.002969
15:02:23.747,38.008964,15:02:23.747,102.387605,15:02:23.747,0.002311
15:02:23.748,38.194688,15:02:23.748,102.303186,15:02:23.748,0.002311
15:02:23.749,37.840124,15:02:23.749,102.472025,15:02:23.749,0.005928
15:02:23.750,35.189337,15:02:23.750,102.404489,15:02:23.750,0.002969
15:02:23.751,29.465664,15:02:23.751,102.23565,15:02:23.751,0.003626
15:02:23.752,23.74199,15:02:23.752,102.117462,15:02:23.752,0.002311
15:02:23.753,18.828748,15:02:23.753,101.948622,15:02:23.753,0.00264
15:02:23.754,13.358334,15:02:23.754,101.273263,15:02:23.754,0.002311
15:02:23.755,7.499587,15:02:23.755,100.344644,15:02:23.755,0.003626
15:02:23.756,2.012289,15:02:23.756,99.686169,15:02:23.756,0.002969
15:02:23.757,-2.158058,15:02:23.757,99.365373,15:02:23.757,0.002969
15:02:23.758,-3.238634,15:02:23.758,98.926389,15:02:23.758,0.001325
15:02:23.759,-3.356822,15:02:23.759,98.656246,15:02:23.759,0.00264
15:02:23.760,-3.373706,15:02:23.760,98.740666,15:02:23.760,0.002969
15:02:23.761,-3.373706,15:02:23.761,99.162765,15:02:23.761,0.004612
15:02:23.762,-3.39059,15:02:23.762,98.808202,15:02:23.762,0.004284
15:02:23.763,-3.39059,15:02:23.763,98.453638,15:02:23.763,0.00264
15:02:23.764,-3.373706,15:02:23.764,98.284798,15:02:23.764,0.002311
15:02:23.765,-3.339938,15:02:23.765,98.436754,15:02:23.765,0.003297
15:02:23.766,-3.30617,15:02:23.766,97.997771,15:02:23.766,0.003955
15:02:23.767,-2.900954,15:02:23.767,97.575671,15:02:23.767,0.002969
15:02:23.768,-1.111251,15:02:23.768,97.440599,15:02:23.768,0.003626
15:02:23.769,2.062941,15:02:23.769,97.828931,15:02:23.769,0.003626
15:02:23.770,5.929376,15:02:23.770,97.288643,15:02:23.770,0.001982
15:02:23.771,9.711391,15:02:23.771,96.883428,15:02:23.771,0.002969
15:02:23.772,13.408986,15:02:23.772,96.528864,15:02:23.772,0.003297
15:02:23.773,16.903972,15:02:23.773,96.663936,15:02:23.773,0.003297
15:02:23.774,20.078163,15:02:23.774,96.42756,15:02:23.774,0.00264
15:02:23.775,22.847138,15:02:23.775,96.056113,15:02:23.775,0.003626
15:02:23.776,24.92387,15:02:23.776,95.819737,15:02:23.776,0.001982
15:02:23.777,26.426545,15:02:23.777,95.870389,15:02:23.777,0.003626
15:02:23.778,27.287629,15:02:23.778,95.769085,15:02:23.778,0.001982
15:02:23.779,27.372049,15:02:23.779,95.465173,15:02:23.779,0.001982
15:02:23.780,26.933065,15:02:23.780,95.414521,15:02:23.780,0.002969
15:02:23.781,26.055097,15:02:23.781,95.414521,15:02:23.781,0.002969
15:02:23.782,24.569306,15:02:23.782,95.262566,15:02:23.782,0.002969
15:02:23.783,22.745834,15:02:23.783,95.009306,15:02:23.783,0.002969
15:02:23.784,20.702871,15:02:23.784,94.85735,15:02:23.784,0.00264
15:02:23.785,18.4573,15:02:23.785,95.043074,15:02:23.785,0.002311
15:02:23.786,16.009121,15:02:23.786,95.245682,15:02:23.786,0.001653
15:02:23.787,13.611593,15:02:23.787,94.908002,15:02:23.787,0.003297
15:02:23.788,11.028342,15:02:23.788,94.85735,15:02:23.788,0.001653
15:02:23.789,8.765887,15:02:23.789,94.840466,15:02:23.789,0.002311
15:02:23.790,6.570967,15:02:23.790,94.722278,15:02:23.790,0.002311
15:02:23.791,4.528004,15:02:23.791,94.300179,15:02:23.791,0.004612
15:02:23.792,2.805836,15:02:23.792,94.046919,15:02:23.792,0.003297
15:02:23.793,1.404465,15:02:23.793,94.080687,15:02:23.793,0.002969
15:02:23.794,0.290121,15:02:23.794,93.979383,15:02:23.794,0.003297
15:02:23.795,-0.300819,15:02:23.795,93.591051,15:02:23.795,0.002969
15:02:23.796,-0.520311,15:02:23.796,93.37156,15:02:23.796,0.001982
15:02:23.797,-0.469659,15:02:23.797,93.506631,15:02:23.797,0.00264
15:02:23.798,0.036861,15:02:23.798,93.354676,15:02:23.798,0.001982
15:02:23.799,1.049901,15:02:23.799,93.084532,15:02:23.799,0.002969
15:02:23.800,2.501925,15:02:23.800,92.898808,15:02:23.800,0.003955
15:02:23.801,4.139672,15:02:23.801,93.101416,15:02:23.801,0.003626
15:02:23.802,5.980028,15:02:23.802,93.168952,15:02:23.802,0.002969
15:02:23.803,7.972339,15:02:23.803,92.94946,15:02:23.803,0.003626
15:02:23.804,10.032187,15:02:23.804,93.016996,15:02:23.804,0.002969
15:02:23.805,12.15957,15:02:23.805,93.152068,15:02:23.805,0.002969
15:02:23.806,14.253185,15:02:23.806,93.236488,15:02:23.806,0.003297
15:02:23.807,16.144193,15:02:23.807,92.814388,15:02:23.807,0.00264
15:02:23.808,18.0352,15:02:23.808,92.78062,15:02:23.808,0.002969
15:02:23.809,19.791135,15:02:23.809,92.6962,15:02:23.809,0.001653
15:02:23.810,21.226275,15:02:23.810,92.61178,15:02:23.810,0.003626
15:02:23.811,21.563955,15:02:23.811,92.189681,15:02:23.811,0.002969
15:02:23.812,21.597723,15:02:23.812,92.105261,15:02:23.812,0.002311
15:02:23.813,22.171779,15:02:23.813,92.071493,15:02:23.813,0.000996
15:02:23.814,22.391271,15:02:23.814,92.122145,15:02:23.814,0.002311
15:02:23.815,21.310695,15:02:23.815,91.700045,15:02:23.815,0.003297
15:02:23.816,19.926207,15:02:23.816,91.666277,15:02:23.816,0.002311
15:02:23.817,18.913168,15:02:23.817,91.733813,15:02:23.817,0.003297
15:02:23.818,17.27542,15:02:23.818,92.105261,15:02:23.818,0.00264
15:02:23.819,16.262381,15:02:23.819,91.987073,15:02:23.819,0.002311
15:02:23.820,15.232457,15:02:23.820,92.139029,15:02:23.820,0.002969
15:02:23.821,13.983041,15:02:23.821,92.52736,15:02:23.821,0.001982
15:02:23.822,12.649206,15:02:23.822,92.932576,15:02:23.822,0.001982
15:02:23.823,11.433558,15:02:23.823,92.915692,15:02:23.823,0.002969
15:02:23.824,10.082839,15:02:23.824,93.03388,15:02:23.824,0.00264
15:02:23.825,8.326903,15:02:23.825,93.354676,15:02:23.825,0.001653
15:02:23.826,6.402128,15:02:23.826,93.557283,15:02:23.826,0.003955
15:02:23.827,5.389088,15:02:23.827,93.405327,15:02:23.827,0.002311
15:02:23.828,5.43974,15:02:23.828,93.236488,15:02:23.828,0.005599
15:02:23.829,5.304668,15:02:23.829,93.270256,15:02:23.829,0.00264
15:02:23.830,5.287784,15:02:23.830,93.304024,15:02:23.830,0.001982
15:02:23.831,5.60858,15:02:23.831,93.1183,15:02:23.831,0.003626
15:02:23.832,6.19952,15:02:23.832,92.932576,15:02:23.832,0.001982
15:02:23.833,6.773575,15:02:23.833,92.6962,15:02:23.833,0.000996
15:02:23.834,7.617775,15:02:23.834,92.797504,15:02:23.834,0.003297
15:02:23.835,8.529511,15:02:23.835,92.52736,15:02:23.835,0.002969
15:02:23.836,9.728275,15:02:23.836,92.459824,15:02:23.836,0.001982
15:02:23.837,10.994574,15:02:23.837,92.459824,15:02:23.837,0.003297
15:02:23.838,12.514134,15:02:23.838,92.6962,15:02:23.838,0.002311
15:02:23.839,14.016809,15:02:23.839,92.578012,15:02:23.839,0.003626
15:02:23.840,15.080501,15:02:23.840,92.594896,15:02:23.840,0.003626
15:02:23.841,15.823397,15:02:23.841,92.848156,15:02:23.841,0.003297
15:02:23.842,16.701365,15:02:23.842,93.253372,15:02:23.842,0.002311
15:02:23.843,17.258536,15:02:23.843,93.354676,15:02:23.843,0.00264
15:02:23.844,17.494912,15:02:23.844,93.422211,15:02:23.844,0.004284
15:02:23.845,17.629984,15:02:23.845,93.624819,15:02:23.845,0.001982
15:02:23.846,17.815708,15:02:23.846,94.030035,15:02:23.846,0.002311
15:02:23.847,17.832592,15:02:23.847,93.911847,15:02:23.847,0.00264
15:02:23.848,17.579332,15:02:23.848,93.827427,15:02:23.848,0.003297
15:02:23.849,17.174116,15:02:23.849,93.793659,15:02:23.849,0.001653
15:02:23.850,16.329917,15:02:23.850,93.928731,15:02:23.850,0.002969
15:02:23.851,15.283109,15:02:23.851,93.591051,15:02:23.851,0.002311
15:02:23.852,14.303837,15:02:23.852,93.472863,15:02:23.852,0.002311
15:02:23.853,13.324566,15:02:23.853,93.304024,15:02:23.853,0.001982
15:02:23.854,12.41283,15:02:23.854,93.320908,15:02:23.854,0.001982
15:02:23.855,11.56863,15:02:23.855,93.135184,15:02:23.855,0.001325
15:02:23.856,10.741314,15:02:23.856,92.966344,15:02:23.856,0.002969
15:02:23.857,9.778927,15:02:23.857,92.983228,15:02:23.857,0.003297
15:02:23.858,8.799655,15:02:23.858,93.20272,15:02:23.858,0.003626
15:02:23.859,7.904803,15:02:23.859,93.185836,15:02:23.859,0.001653
15:02:23.860,7.212559,15:02:23.860,93.270256,15:02:23.860,0.002969
15:02:23.861,6.722923,15:02:23.861,93.354676,15:02:23.861,0.002969
15:02:23.862,6.486548,15:02:23.862,93.793659,15:02:23.862,0.002311
15:02:23.863,6.570967,15:02:23.863,93.793659,15:02:23.863,0.003955
15:02:23.864,6.841111,15:02:23.864,93.979383,15:02:23.864,0.004284
15:02:23.865,7.178791,15:02:23.865,94.080687,15:02:23.865,0.00264
15:02:23.866,7.533355,15:02:23.866,94.587206,15:02:23.866,0.003297
15:02:23.867,8.107411,15:02:23.867,94.570322,15:02:23.867,0.001982
15:02:23.868,8.630815,15:02:23.868,94.502786,15:02:23.868,0.002311
15:02:23.869,9.289291,15:02:23.869,94.43525,15:02:23.869,0.00264
15:02:23.870,10.150375,15:02:23.870,94.705394,15:02:23.870,0.001982
15:02:23.871,11.028342,15:02:23.871,94.485902,15:02:23.871,0.001982
15:02:23.872,11.788122,15:02:23.872,94.283295,15:02:23.872,0.004284
15:02:23.873,12.632322,15:02:23.873,94.080687,15:02:23.873,0.00264
15:02:23.874,13.206378,15:02:23.874,94.131339,15:02:23.874,0.001982
15:02:23.875,13.696013,15:02:23.875,93.827427,15:02:23.875,0.00264
15:02:23.876,14.084345,15:02:23.876,93.523515,15:02:23.876,0.002311
15:02:23.877,14.405141,15:02:23.877,93.28714,15:02:23.877,0.00264
15:02:23.878,14.590865,15:02:23.878,93.472863,15:02:23.878,0.001653
15:02:23.879,14.776589,15:02:23.879,93.219604,15:02:23.879,0.00264
15:02:23.880,14.827241,15:02:23.880,93.050764,15:02:23.880,0.002311
15:02:23.881,14.861009,15:02:23.881,92.983228,15:02:23.881,0.002311
15:02:23.882,14.827241,15:02:23.882,93.270256,15:02:23.882,0.000996
15:02:23.883,14.489561,15:02:23.883,93.253372,15:02:23.883,0.002311
15:02:23.884,14.151881,15:02:23.884,93.067648,15:02:23.884,0.003955
15:02:23.885,13.679129,15:02:23.885,93.1183,15:02:23.885,0.001653
15:02:23.886,13.054422,15:02:23.886,93.37156,15:02:23.886,0.001982
15:02:23.887,12.480366,15:02:23.887,93.472863,15:02:23.887,0.00264
15:02:23.888,11.788122,15:02:23.888,93.439095,15:02:23.888,0.00264
15:02:23.889,11.129646,15:02:23.889,93.37156,15:02:23.889,0.003626
15:02:23.890,10.47117,15:02:23.890,93.540399,15:02:23.890,0.002311
15:02:23.891,9.913999,15:02:23.891,93.472863,15:02:23.891,0.00264
15:02:23.892,9.407479,15:02:23.892,93.304024,15:02:23.892,0.00264
15:02:23.893,8.934727,15:02:23.893,93.20272,15:02:23.893,0.00264
15:02:23.894,8.512627,15:02:23.894,93.354676,15:02:23.894,0.001982
15:02:23.895,8.310019,15:02:23.895,93.185836,15:02:23.895,0.003297
15:02:23.896,8.242483,15:02:23.896,92.898808,15:02:23.896,0.00264
15:02:23.897,8.276251,15:02:23.897,92.814388,15:02:23.897,0.003626
15:02:23.898,8.343787,15:02:23.898,92.898808,15:02:23.898,0.003626
15:02:23.899,8.546395,15:02:23.899,92.797504,15:02:23.899,0.003955
15:02:23.900,8.884075,15:02:23.900,92.341637,15:02:23.900,0.003297
15:02:23.901,9.339943,15:02:23.901,91.953305,15:02:23.901,0.002311
15:02:23.902,9.880231,15:02:23.902,92.375405,15:02:23.902,0.003297
15:02:23.903,10.184142,15:02:23.903,92.189681,15:02:23.903,0.001982
15:02:23.904,10.64001,15:02:23.904,91.767581,15:02:23.904,0.002969
15:02:23.905,11.129646,15:02:23.905,91.716929,15:02:23.905,0.003626
15:02:23.906,11.39979,15:02:23.906,92.054609,15:02:23.906,0.00264
15:02:23.907,11.73747,15:02:23.907,92.037725,15:02:23.907,0.002311
15:02:23.908,12.142686,15:02:23.908,91.581857,15:02:23.908,0.000996
15:02:23.909,12.531018,15:02:23.909,91.615625,15:02:23.909,0.004284
15:02:23.910,12.818046,15:02:23.910,91.919537,15:02:23.910,0.002969
15:02:23.911,13.054422,15:02:23.911,92.054609,15:02:23.911,0.00264
15:02:23.912,13.223262,15:02:23.912,91.750697,15:02:23.912,0.003297
15:02:23.913,13.240146,15:02:23.913,91.615625,15:02:23.913,0.001982
15:02:23.914,13.273914,15:02:23.914,91.801349,15:02:23.914,0.003626
15:02:23.915,13.206378,15:02:23.915,91.733813,15:02:23.915,0.003626
15:02:23.916,13.08819,15:02:23.916,91.480553,15:02:23.916,0.001325
15:02:23.917,12.885582,15:02:23.917,91.261062,15:02:23.917,0.003626
15:02:23.918,12.699858,15:02:23.918,91.227294,15:02:23.918,0.001325
15:02:23.919,12.446598,15:02:23.919,91.193526,15:02:23.919,0.003955
15:02:23.920,12.193338,15:02:23.920,90.720774,15:02:23.920,0.003297
15:02:23.921,11.788122,15:02:23.921,90.70389,15:02:23.921,0.00264
15:02:23.922,11.56863,15:02:23.922,90.653238,15:02:23.922,0.001325
15:02:23.923,11.163414,15:02:23.923,90.653238,15:02:23.923,0.00264
15:02:23.924,10.927038,15:02:23.924,90.281791,15:02:23.924,0.003626
15:02:23.925,10.623126,15:02:23.925,90.248023,15:02:23.925,0.003297
15:02:23.926,10.336098,15:02:23.926,90.281791,15:02:23.926,0.002969
15:02:23.927,10.184142,15:02:23.927,90.298675,15:02:23.927,0.001653
15:02:23.928,10.116607,15:02:23.928,90.045415,15:02:23.928,0.005599
15:02:23.929,10.065955,15:02:23.929,90.062299,15:02:23.929,0.002311
15:02:23.930,10.032187,15:02:23.930,90.180487,15:02:23.930,0.001982
15:02:23.931,10.065955,15:02:23.931,90.416863,15:02:23.931,0.001653
15:02:23.932,10.167258,15:02:23.932,90.163603,15:02:23.932,0.001653
15:02:23.933,10.251678,15:02:23.933,90.079183,15:02:23.933,0.00264
15:02:23.934,10.319214,15:02:23.934,90.197371,15:02:23.934,0.001982
15:02:23.935,10.538706,15:02:23.935,90.248023,15:02:23.935,0.00264
15:02:23.936,10.72443,15:02:23.936,90.096067,15:02:23.936,0.001982
15:02:23.937,10.910154,15:02:23.937,90.028531,15:02:23.937,0.001982
15:02:23.938,11.163414,15:02:23.938,90.028531,15:02:23.938,0.002311
15:02:23.939,11.349138,15:02:23.939,90.096067,15:02:23.939,0.00264
15:02:23.940,11.551746,15:02:23.940,89.809039,15:02:23.940,0.001325
15:02:23.941,11.771238,15:02:23.941,89.673967,15:02:23.941,0.002969
15:02:23.942,11.99073,15:02:23.942,89.724619,15:02:23.942,0.003955
15:02:23.943,12.108918,15:02:23.943,89.640199,15:02:23.943,0.003297
15:02:23.944,12.277758,15:02:23.944,89.437592,15:02:23.944,0.003626
15:02:23.945,12.345294,15:02:23.945,89.319404,15:02:23.945,0.003297
15:02:23.946,12.429714,15:02:23.946,89.403824,15:02:23.946,0.003955
15:02:23.947,12.345294,15:02:23.947,89.38694,15:02:23.947,0.004284
15:02:23.948,12.24399,15:02:23.948,89.2181,15:02:23.948,0.004284
15:02:23.949,12.210222,15:02:23.949,89.201216,15:02:23.949,0.004284
15:02:23.950,12.092034,15:02:23.950,89.167448,15:02:23.950,0.004284
15:02:23.951,11.973846,15:02:23.951,89.38694,15:02:23.951,0.004941
15:02:23.952,11.788122,15:02:23.952,89.2181,15:02:23.952,0.004612
15:02:23.953,11.602398,15:02:23.953,89.083028,15:02:23.953,0.003955
15:02:23.954,11.433558,15:02:23.954,89.30252,15:02:23.954,0.003626
15:02:23.955,11.163414,15:02:23.955,89.370056,15:02:23.955,0.003626
15:02:23.956,10.960806,15:02:23.956,89.167448,15:02:23.956,0.003626
15:02:23.957,10.690662,15:02:23.957,89.066144,15:02:23.957,0.004284
15:02:23.958,10.521822,15:02:23.958,89.116796,15:02:23.958,0.004284
15:02:23.959,10.38675,15:02:23.959,89.268752,15:02:23.959,0.003955
15:02:23.960,10.21791,15:02:23.960,89.083028,15:02:23.960,0.00264
15:02:23.961,10.234794,15:02:23.961,88.914188,15:02:23.961,0.002969
15:02:23.962,10.150375,15:02:23.962,88.914188,15:02:23.962,0.002969
15:02:23.963,10.150375,15:02:23.963,89.083028,15:02:23.963,0.003626
15:02:23.964,10.150375,15:02:23.964,88.846652,15:02:23.964,0.003955
15:02:23.965,10.133491,15:02:23.965,88.796,15:02:23.965,0.003297
15:02:23.966,10.116607,15:02:23.966,88.796,15:02:23.966,0.00264
15:02:23.967,10.150375,15:02:23.967,88.947956,15:02:23.967,0.00264
15:02:23.968,10.150375,15:02:23.968,88.745348,15:02:23.968,0.003626
15:02:23.969,10.133491,15:02:23.969,88.677812,15:02:23.969,0.003955
15:02:23.970,10.30233,15:02:23.970,88.762232,15:02:23.970,0.003626
15:02:23.971,10.319214,15:02:23.971,89.099912,15:02:23.971,0.003626
15:02:23.972,10.369866,15:02:23.972,89.015492,15:02:23.972,0.002969
15:02:23.973,10.521822,15:02:23.973,88.931072,15:02:23.973,0.00264
15:02:23.974,10.504938,15:02:23.974,89.015492,15:02:23.974,0.003626
15:02:23.975,10.538706,15:02:23.975,89.319404,15:02:23.975,0.00264
15:02:23.976,10.656894,15:02:23.976,89.184332,15:02:23.976,0.003297
15:02:23.977,10.673778,15:02:23.977,89.184332,15:02:23.977,0.001982
15:02:23.978,10.72443,15:02:23.978,89.13368,15:02:23.978,0.002969
15:02:23.979,10.775082,15:02:23.979,89.420708,15:02:23.979,0.002311
15:02:23.980,10.842618,15:02:23.980,89.2181,15:02:23.980,0.002969
15:02:23.981,10.89327,15:02:23.981,89.099912,15:02:23.981,0.00264
15:02:23.982,10.876386,15:02:23.982,89.015492,15:02:23.982,0.003297
15:02:23.983,10.859502,15:02:23.983,89.13368,15:02:23.983,0.002969
15:02:23.984,10.791966,15:02:23.984,89.015492,15:02:23.984,0.002311
15:02:23.985,10.80885,15:02:23.985,88.897304,15:02:23.985,0.002969
15:02:23.986,10.825734,15:02:23.986,88.762232,15:02:23.986,0.002311
15:02:23.987,10.775082,15:02:23.987,88.914188,15:02:23.987,0.001653
15:02:23.988,10.741314,15:02:23.988,88.796,15:02:23.988,0.00264
15:02:23.989,10.775082,15:02:23.989,88.54274,15:02:23.989,0.00264
15:02:23.990,10.758198,15:02:23.990,88.576508,15:02:23.990,0.00264
15:02:23.991,10.690662,15:02:23.991,88.694696,15:02:23.991,0.003297
15:02:23.992,10.690662,15:02:23.992,88.762232,15:02:23.992,0.00264
15:02:23.993,10.656894,15:02:23.993,88.660928,15:02:23.993,0.002311
15:02:23.994,10.572474,15:02:23.994,88.62716,15:02:23.994,0.002311
15:02:23.995,10.504938,15:02:23.995,88.947956,15:02:23.995,0.002311
15:02:23.996,10.47117,15:02:23.996,88.846652,15:02:23.996,0.002969
15:02:23.997,10.47117,15:02:23.997,88.745348,15:02:23.997,0.001325
15:02:23.998,10.38675,15:02:23.998,88.779116,15:02:23.998,0.00264
15:02:23.999,10.352982,15:02:23.999,88.96484,15:02:23.999,0.001982
15:02:24.000,10.352982,15:02:24.000,88.998608,15:02:24.000,0.001653
15:02:24.001,10.336098,15:02:24.001,88.829768,15:02:24.001,0.00264
15:02:24.002,10.336098,15:02:24.002,88.846652,15:02:24.002,0.002311
15:02:24.003,10.251678,15:02:24.003,88.981724,15:02:24.003,0.003297
15:02:24.004,10.285446,15:02:24.004,88.88042,15:02:24.004,0.001982
15:02:24.005,10.319214,15:02:24.005,88.660928,15:02:24.005,0.003955
15:02:24.006,10.319214,15:02:24.006,88.677812,15:02:24.006,0.001325
15:02:24.007,10.30233,15:02:24.007,88.694696,15:02:24.007,0.003297
15:02:24.008,10.285446,15:02:24.008,88.846652,15:02:24.008,0.002311
15:02:24.009,10.268562,15:02:24.009,88.54274,15:02:24.009,0.003626
15:02:24.010,10.268562,15:02:24.010,88.525856,15:02:24.010,0.002311
15:02:24.011,10.336098,15:02:24.011,88.762232,15:02:24.011,0.002969
15:02:24.012,10.38675,15:02:24.012,88.593392,15:02:24.012,0.002311
15:02:24.013,10.420518,15:02:24.013,88.458321,15:02:24.013,0.003626
15:02:24.014,10.437402,15:02:24.014,88.407669,15:02:24.014,0.001982
15:02:24.015,10.47117,15:02:24.015,88.660928,15:02:24.015,0.00264
15:02:24.016,10.454286,15:02:24.016,88.593392,15:02:24.016,0.002969
15:02:24.017,10.488054,15:02:24.017,88.54274,15:02:24.017,0.00264
15:02:24.018,10.454286,15:02:24.018,88.508972,15:02:24.018,0.001982
15:02:24.019,10.47117,15:02:24.019,88.694696,15:02:24.019,0.001982
15:02:24.020,10.454286,15:02:24.020,88.745348,15:02:24.020,0.001653
15:02:24.021,10.656894,15:02:24.021,88.441437,15:02:24.021,0.002969
15:02:24.022,10.64001,15:02:24.022,88.559624,15:02:24.022,0.002969
15:02:24.023,10.656894,15:02:24.023,88.610276,15:02:24.023,0.002969
15:02:24.024,10.656894,15:02:24.024,88.644044,15:02:24.024,0.002311
15:02:24.025,10.623126,15:02:24.025,88.441437,15:02:24.025,0.003626
15:02:24.026,10.623126,15:02:24.026,88.390785,15:02:24.026,0.00264
15:02:24.027,10.538706,15:02:24.027,88.441437,15:02:24.027,0.004941
15:02:24.028,10.488054,15:02:24.028,88.475205,15:02:24.028,0.000996
15:02:24.029,10.369866,15:02:24.029,88.120641,15:02:24.029,0.00264
15:02:24.030,10.38675,15:02:24.030,88.002453,15:02:24.030,0.001982
15:02:24.031,10.403634,15:02:24.031,88.086873,15:02:24.031,0.00264
15:02:24.032,10.352982,15:02:24.032,88.154409,15:02:24.032,0.002969
15:02:24.033,10.30233,15:02:24.033,87.833613,15:02:24.033,0.003297
15:02:24.034,10.285446,15:02:24.034,87.782961,15:02:24.034,0.003297
15:02:24.035,10.21791,15:02:24.035,87.867381,15:02:24.035,0.002969
15:02:24.036,10.167258,15:02:24.036,87.918033,15:02:24.036,0.000667
15:02:24.037,10.150375,15:02:24.037,87.664773,15:02:24.037,0.003626
15:02:24.038,10.065955,15:02:24.038,87.681657,15:02:24.038,0.002311
15:02:24.039,9.998419,15:02:24.039,87.681657,15:02:24.039,0.003297
15:02:24.040,10.065955,15:02:24.040,87.715425,15:02:24.040,0.001653
15:02:24.041,10.116607,15:02:24.041,87.377746,15:02:24.041,0.002311
15:02:24.042,10.116607,15:02:24.042,87.293326,15:02:24.042,0.002969
15:02:24.043,10.065955,15:02:24.043,87.664773,15:02:24.043,0.002311
15:02:24.044,9.998419,15:02:24.044,87.749193,15:02:24.044,0.001653
15:02:24.045,9.998419,15:02:24.045,87.411514,15:02:24.045,0.001653
15:02:24.046,10.032187,15:02:24.046,87.293326,15:02:24.046,0.003626
15:02:24.047,10.015303,15:02:24.047,87.580353,15:02:24.047,0.003297
15:02:24.048,9.998419,15:02:24.048,87.647889,15:02:24.048,0.001982
15:02:24.049,9.998419,15:02:24.049,87.158254,15:02:24.049,0.002311
15:02:24.050,10.032187,15:02:24.050,87.124486,15:02:24.050,0.001982
15:02:24.051,9.981535,15:02:24.051,87.293326,15:02:24.051,0.003297
15:02:24.052,9.998419,15:02:24.052,87.546585,15:02:24.052,0.002311
15:02:24.053,10.015303,15:02:24.053,87.293326,15:02:24.053,0.003626
15:02:24.054,10.032187,15:02:24.054,87.158254,15:02:24.054,0.002311
15:02:24.055,10.116607,15:02:24.055,87.158254,15:02:24.055,0.003955
15:02:24.056,9.998419,15:02:24.056,87.208906,15:02:24.056,0.003297
15:02:24.057,10.065955,15:02:24.057,87.040066,15:02:24.057,0.001653
15:02:24.058,10.065955,15:02:24.058,86.871226,15:02:24.058,0.001982
15:02:24.059,10.116607,15:02:24.059,86.989414,15:02:24.059,0.00264
15:02:24.060,10.032187,15:02:24.060,87.05695,15:02:24.060,0.002311
15:02:24.061,10.150375,15:02:24.061,86.80369,15:02:24.061,0.003955
15:02:24.062,10.065955,15:02:24.062,86.820574,15:02:24.062,0.00264
15:02:24.063,10.049071,15:02:24.063,86.702386,15:02:24.063,0.00264
15:02:24.064,10.049071,15:02:24.064,86.871226,15:02:24.064,0.001653
15:02:24.065,10.065955,15:02:24.065,86.651734,15:02:24.065,0.003297
15:02:24.066,10.015303,15:02:24.066,86.55043,15:02:24.066,0.001982
15:02:24.067,9.998419,15:02:24.067,86.567314,15:02:24.067,0.003626
15:02:24.068,9.964651,15:02:24.068,86.63485,15:02:24.068,0.002311
15:02:24.069,9.947767,15:02:24.069,86.364707,15:02:24.069,0.001982
15:02:24.070,9.846463,15:02:24.070,86.280287,15:02:24.070,0.002969
15:02:24.071,9.829579,15:02:24.071,86.280287,15:02:24.071,0.001653
15:02:24.072,9.778927,15:02:24.072,86.398475,15:02:24.072,0.002311
15:02:24.073,9.795811,15:02:24.073,86.111447,15:02:24.073,0.002311
15:02:24.074,9.745159,15:02:24.074,85.993259,15:02:24.074,0.00264
15:02:24.075,9.728275,15:02:24.075,86.060795,15:02:24.075,0.002969
15:02:24.076,9.711391,15:02:24.076,86.229635,15:02:24.076,0.002311
15:02:24.077,9.711391,15:02:24.077,85.993259,15:02:24.077,0.00264
15:02:24.078,9.593203,15:02:24.078,85.976375,15:02:24.078,0.001653
15:02:24.079,9.660739,15:02:24.079,85.891955,15:02:24.079,0.002311
15:02:24.080,9.626971,15:02:24.080,86.212751,15:02:24.080,0.003297
15:02:24.081,9.626971,15:02:24.081,86.111447,15:02:24.081,0.00264
15:02:24.082,9.626971,15:02:24.082,85.891955,15:02:24.082,0.003955
15:02:24.083,9.694507,15:02:24.083,85.959491,15:02:24.083,0.001325
15:02:24.084,9.610087,15:02:24.084,86.212751,15:02:24.084,0.003955
15:02:24.085,9.745159,15:02:24.085,86.060795,15:02:24.085,0.001653
15:02:24.086,9.711391,15:02:24.086,85.976375,15:02:24.086,0.004612
15:02:24.087,9.762043,15:02:24.087,85.959491,15:02:24.087,0.001653
15:02:24.088,9.745159,15:02:24.088,86.043911,15:02:24.088,0.003626
15:02:24.089,9.694507,15:02:24.089,85.908839,15:02:24.089,0.001982
15:02:24.090,9.711391,15:02:24.090,85.908839,15:02:24.090,0.00264
15:02:24.091,9.711391,15:02:24.091,85.807535,15:02:24.091,0.003297
15:02:24.092,9.762043,15:02:24.092,85.790651,15:02:24.092,0.004612
15:02:24.093,9.728275,15:02:24.093,85.723115,15:02:24.093,0.002311
15:02:24.094,9.711391,15:02:24.094,85.571159,15:02:24.094,0.002969
15:02:24.095,9.778927,15:02:24.095,85.537391,15:02:24.095,0.001982
15:02:24.096,9.728275,15:02:24.096,85.756883,15:02:24.096,0.002311
15:02:24.097,9.694507,15:02:24.097,85.554275,15:02:24.097,0.002969
15:02:24.098,9.745159,15:02:24.098,85.554275,15:02:24.098,0.00264
15:02:24.099,9.728275,15:02:24.099,85.486739,15:02:24.099,0.00264
15:02:24.100,9.711391,15:02:24.100,85.638695,15:02:24.100,0.002311
15:02:24.101,9.711391,15:02:24.101,85.638695,15:02:24.101,0.00264
15:02:24.102,9.745159,15:02:24.102,85.537391,15:02:24.102,0.002969
15:02:24.103,9.711391,15:02:24.103,85.40232,15:02:24.103,0.002969
15:02:24.104,9.694507,15:02:24.104,85.655579,15:02:24.104,0.002969
15:02:24.105,9.677623,15:02:24.105,85.520507,15:02:24.105,0.002311
15:02:24.106,9.677623,15:02:24.106,85.351668,15:02:24.106,0.003297
15:02:24.107,9.610087,15:02:24.107,85.301016,15:02:24.107,0.001982
15:02:24.108,9.491899,15:02:24.108,85.436087,15:02:24.108,0.003297
15:02:24.109,9.475015,15:02:24.109,85.385436,15:02:24.109,0.001982
15:02:24.110,9.525667,15:02:24.110,85.182828,15:02:24.110,0.001982
15:02:24.111,9.390595,15:02:24.111,85.081524,15:02:24.111,0.00264
15:02:24.112,9.424363,15:02:24.112,85.267248,15:02:24.112,0.002969
15:02:24.113,9.373711,15:02:24.113,85.301016,15:02:24.113,0.002969
15:02:24.114,9.339943,15:02:24.114,85.216596,15:02:24.114,0.001653
15:02:24.115,9.306175,15:02:24.115,85.301016,15:02:24.115,0.003626
15:02:24.116,9.323059,15:02:24.116,85.368552,15:02:24.116,0.001982
15:02:24.117,9.356827,15:02:24.117,85.385436,15:02:24.117,0.002969
15:02:24.118,9.339943,15:02:24.118,85.3179,15:02:24.118,0.003297
15:02:24.119,9.323059,15:02:24.119,85.165944,15:02:24.119,0.001982
15:02:24.120,9.373711,15:02:24.120,85.3179,15:02:24.120,0.003626
15:02:24.121,9.407479,15:02:24.121,85.3179,15:02:24.121,0.002969
15:02:24.122,9.390595,15:02:24.122,85.165944,15:02:24.122,0.003297
15:02:24.123,9.407479,15:02:24.123,85.216596,15:02:24.123,0.001653
15:02:24.124,9.458131,15:02:24.124,85.3179,15:02:24.124,0.002311
15:02:24.125,9.491899,15:02:24.125,85.250364,15:02:24.125,0.003297
15:02:24.126,9.475015,15:02:24.126,85.06464,15:02:24.126,0.001325
15:02:24.127,9.458131,15:02:24.127,84.946452,15:02:24.127,0.003297
15:02:24.128,9.475015,15:02:24.128,85.216596,15:02:24.128,0.001982
15:02:24.129,9.475015,15:02:24.129,85.115292,15:02:24.129,0.003297
15:02:24.130,9.424363,15:02:24.130,84.963336,15:02:24.130,0.002311
15:02:24.131,9.424363,15:02:24.131,84.81138,15:02:24.131,0.004941
15:02:24.132,9.373711,15:02:24.132,84.912684,15:02:24.132,0.003297
15:02:24.133,9.373711,15:02:24.133,84.98022,15:02:24.133,0.002311
15:02:24.134,9.339943,15:02:24.134,84.81138,15:02:24.134,0.000667
15:02:24.135,9.356827,15:02:24.135,84.845148,15:02:24.135,0.00264
15:02:24.136,9.238639,15:02:24.136,84.929568,15:02:24.136,0.002311
15:02:24.137,9.272407,15:02:24.137,84.997104,15:02:24.137,0.004941
15:02:24.138,9.255523,15:02:24.138,84.777612,15:02:24.138,0.001982
15:02:24.139,9.238639,15:02:24.139,84.760728,15:02:24.139,0.00264
15:02:24.140,9.154219,15:02:24.140,84.878916,15:02:24.140,0.000996
15:02:24.141,9.238639,15:02:24.141,84.946452,15:02:24.141,0.002969
15:02:24.142,9.204871,15:02:24.142,84.659424,15:02:24.142,0.001982
15:02:24.143,9.137335,15:02:24.143,84.608772,15:02:24.143,0.002969
15:02:24.144,9.187987,15:02:24.144,84.743844,15:02:24.144,0.003297
15:02:24.145,9.171103,15:02:24.145,84.828264,15:02:24.145,0.002969
15:02:24.146,9.103567,15:02:24.146,84.524352,15:02:24.146,0.003297
15:02:24.147,9.103567,15:02:24.147,84.507468,15:02:24.147,0.002311
15:02:24.148,9.086683,15:02:24.148,84.55812,15:02:24.148,0.00264
15:02:24.149,9.086683,15:02:24.149,84.676308,15:02:24.149,0.003297
15:02:24.150,9.036031,15:02:24.150,84.456816,15:02:24.150,0.002311
15:02:24.151,8.985379,15:02:24.151,84.423048,15:02:24.151,0.003626
15:02:24.152,9.036031,15:02:24.152,84.439932,15:02:24.152,0.00264
15:02:24.153,8.951611,15:02:24.153,84.591888,15:02:24.153,0.00264
15:02:24.154,8.968495,15:02:24.154,84.439932,15:02:24.154,0.001653
15:02:24.155,8.985379,15:02:24.155,84.406164,15:02:24.155,0.002311
15:02:24.156,9.036031,15:02:24.156,84.541236,15:02:24.156,0.00264
15:02:24.157,8.968495,15:02:24.157,84.625656,15:02:24.157,0.001982
15:02:24.158,9.002263,15:02:24.158,84.406164,15:02:24.158,0.003626
15:02:24.159,9.069799,15:02:24.159,84.406164,15:02:24.159,0.002311
15:02:24.160,8.985379,15:02:24.160,84.55812,15:02:24.160,0.002969
15:02:24.161,9.052915,15:02:24.161,84.575004,15:02:24.161,0.000996
15:02:24.162,9.103567,15:02:24.162,84.355512,15:02:24.162,0.004941
15:02:24.163,9.069799,15:02:24.163,84.338629,15:02:24.163,0.00264
15:02:24.164,9.103567,15:02:24.164,84.321745,15:02:24.164,0.002969
15:02:24.165,9.154219,15:02:24.165,84.406164,15:02:24.165,0.001653
15:02:24.166,9.120451,15:02:24.166,84.186673,15:02:24.166,0.003626
15:02:24.167,9.120451,15:02:24.167,84.169789,15:02:24.167,0.003297
15:02:24.168,9.052915,15:02:24.168,84.186673,15:02:24.168,0.003955
15:02:24.169,9.019147,15:02:24.169,84.304861,15:02:24.169,0.002969
15:02:24.170,9.069799,15:02:24.170,84.034717,15:02:24.170,0.002969
15:02:24.171,9.036031,15:02:24.171,83.933413,15:02:24.171,0.001653
15:02:24.172,8.985379,15:02:24.172,84.102253,15:02:24.172,0.003626
15:02:24.173,8.968495,15:02:24.173,84.186673,15:02:24.173,0.002969
15:02:24.174,9.036031,15:02:24.174,83.984065,15:02:24.174,0.00264
15:02:24.175,8.951611,15:02:24.175,83.865877,15:02:24.175,0.001653
15:02:24.176,8.951611,15:02:24.176,83.865877,15:02:24.176,0.002969
15:02:24.177,8.968495,15:02:24.177,84.000949,15:02:24.177,0.003626
15:02:24.178,8.934727,15:02:24.178,83.832109,15:02:24.178,0.001982
15:02:24.179,8.917843,15:02:24.179,83.764573,15:02:24.179,0.001653
15:02:24.180,8.833423,15:02:24.180,83.764573,15:02:24.180,0.002311
15:02:24.181,8.833423,15:02:24.181,83.848993,15:02:24.181,0.002969
15:02:24.182,8.900959,15:02:24.182,83.680153,15:02:24.182,0.003955
15:02:24.183,8.867191,15:02:24.183,83.393125,15:02:24.183,0.001982
15:02:24.184,8.884075,15:02:24.184,83.460661,15:02:24.184,0.002969
15:02:24.185,8.867191,15:02:24.185,83.713921,15:02:24.185,0.000667
15:02:24.186,8.833423,15:02:24.186,83.325589,15:02:24.186,0.00264
15:02:24.187,8.799655,15:02:24.187,83.207402,15:02:24.187,0.003626
15:02:24.188,8.850307,15:02:24.188,83.325589,15:02:24.188,0.003297
15:02:24.189,8.782771,15:02:24.189,83.545081,15:02:24.189,0.003626
15:02:24.190,8.816539,15:02:24.190,83.173634,15:02:24.190,0.002311
15:02:24.191,8.732119,15:02:24.191,83.021678,15:02:24.191,0.00264
15:02:24.192,8.749003,15:02:24.192,83.122982,15:02:24.192,0.001653
15:02:24.193,8.681467,15:02:24.193,83.410009,15:02:24.193,0.00264
15:02:24.194,8.681467,15:02:24.194,83.190518,15:02:24.194,0.002311
15:02:24.195,8.647699,15:02:24.195,83.258054,15:02:24.195,0.00264
15:02:24.196,8.715235,15:02:24.196,83.15675,15:02:24.196,0.002969
15:02:24.197,8.647699,15:02:24.197,83.410009,15:02:24.197,0.002311
15:02:24.198,8.664583,15:02:24.198,83.15675,15:02:24.198,0.002969
15:02:24.199,8.647699,15:02:24.199,83.07233,15:02:24.199,0.001982
15:02:24.200,8.732119,15:02:24.200,83.122982,15:02:24.200,0.002969
15:02:24.201,8.647699,15:02:24.201,83.308705,15:02:24.201,0.002969
15:02:24.202,8.749003,15:02:24.202,83.122982,15:02:24.202,0.002311
15:02:24.203,8.647699,15:02:24.203,83.004794,15:02:24.203,0.003626
15:02:24.204,8.698351,15:02:24.204,83.055446,15:02:24.204,0.002311
15:02:24.205,8.647699,15:02:24.205,83.224286,15:02:24.205,0.003626
15:02:24.206,8.664583,15:02:24.206,83.122982,15:02:24.206,0.002311
15:02:24.207,8.630815,15:02:24.207,83.021678,15:02:24.207,0.003297
15:02:24.208,8.597047,15:02:24.208,82.954142,15:02:24.208,0.00264
15:02:24.209,8.580163,15:02:24.209,83.055446,15:02:24.209,0.003626
15:02:24.210,8.597047,15:02:24.210,82.869722,15:02:24.210,0.001982
15:02:24.211,8.546395,15:02:24.211,82.667114,15:02:24.211,0.00264
15:02:24.212,8.546395,15:02:24.212,82.633346,15:02:24.212,0.003297
15:02:24.213,8.546395,15:02:24.213,82.90349,15:02:24.213,0.002311
15:02:24.214,8.512627,15:02:24.214,82.667114,15:02:24.214,0.00264
15:02:24.215,8.529511,15:02:24.215,82.515158,15:02:24.215,0.001982
15:02:24.216,8.461975,15:02:24.216,82.464506,15:02:24.216,0.001982
15:02:24.217,8.445091,15:02:24.217,82.65023,15:02:24.217,0.00264
15:02:24.218,8.529511,15:02:24.218,82.548926,15:02:24.218,0.003297
15:02:24.219,8.461975,15:02:24.219,82.515158,15:02:24.219,0.003626
15:02:24.220,8.495743,15:02:24.220,82.498274,15:02:24.220,0.002311
15:02:24.221,8.495743,15:02:24.221,82.633346,15:02:24.221,0.00264
15:02:24.222,8.512627,15:02:24.222,82.56581,15:02:24.222,0.002969
15:02:24.223,8.461975,15:02:24.223,82.464506,15:02:24.223,0.002311
15:02:24.224,8.529511,15:02:24.224,82.447622,15:02:24.224,0.001982
15:02:24.225,8.445091,15:02:24.225,82.582694,15:02:24.225,0.002969
15:02:24.226,8.428207,15:02:24.226,82.464506,15:02:24.226,0.003626
15:02:24.227,8.461975,15:02:24.227,82.329434,15:02:24.227,0.004284
15:02:24.228,8.512627,15:02:24.228,82.363202,15:02:24.228,0.003626
15:02:24.229,8.445091,15:02:24.229,82.430738,15:02:24.229,0.002311
15:02:24.230,8.411323,15:02:24.230,82.464506,15:02:24.230,0.001325
15:02:24.231,8.411323,15:02:24.231,82.177479,15:02:24.231,0.002311
15:02:24.232,8.428207,15:02:24.232,82.22813,15:02:24.232,0.002311
15:02:24.233,8.360671,15:02:24.233,82.430738,15:02:24.233,0.002969
15:02:24.234,8.326903,15:02:24.234,82.380086,15:02:24.234,0.002969
15:02:24.235,8.411323,15:02:24.235,82.245014,15:02:24.235,0.001982
15:02:24.236,8.377555,15:02:24.236,82.076175,15:02:24.236,0.003297
15:02:24.237,8.360671,15:02:24.237,82.261898,15:02:24.237,0.001653
15:02:24.238,8.360671,15:02:24.238,82.22813,15:02:24.238,0.002969
15:02:24.239,8.310019,15:02:24.239,82.059291,15:02:24.239,0.00264
15:02:24.240,8.428207,15:02:24.240,81.991755,15:02:24.240,0.002969
15:02:24.241,8.411323,15:02:24.241,82.160595,15:02:24.241,0.003297
15:02:24.242,8.326903,15:02:24.242,82.126827,15:02:24.242,0.002311
15:02:24.243,8.377555,15:02:24.243,81.991755,15:02:24.243,0.002969
15:02:24.244,8.343787,15:02:24.244,81.974871,15:02:24.244,0.000667
15:02:24.245,8.293135,15:02:24.245,82.008639,15:02:24.245,0.002311
15:02:24.246,8.326903,15:02:24.246,82.042407,15:02:24.246,0.002311
15:02:24.247,8.259367,15:02:24.247,81.789147,15:02:24.247,0.002969
15:02:24.248,8.259367,15:02:24.248,81.789147,15:02:24.248,0.003626
15:02:24.249,8.259367,15:02:24.249,82.059291,15:02:24.249,0.00264
15:02:24.250,8.174947,15:02:24.250,82.008639,15:02:24.250,0.003297
15:02:24.251,8.242483,15:02:24.251,81.772263,15:02:24.251,0.00264
15:02:24.252,8.208715,15:02:24.252,81.670959,15:02:24.252,0.004941
15:02:24.253,8.158063,15:02:24.253,81.806031,15:02:24.253,0.00264
15:02:24.254,8.191831,15:02:24.254,81.839799,15:02:24.254,0.00264
15:02:24.255,8.124295,15:02:24.255,81.654075,15:02:24.255,0.00264
15:02:24.256,8.141179,15:02:24.256,81.670959,15:02:24.256,0.002311
15:02:24.257,8.090527,15:02:24.257,81.890451,15:02:24.257,0.003297
15:02:24.258,8.107411,15:02:24.258,81.772263,15:02:24.258,0.003955
15:02:24.259,8.174947,15:02:24.259,81.552771,15:02:24.259,0.002311
15:02:24.260,8.208715,15:02:24.260,81.535887,15:02:24.260,0.001982
15:02:24.261,8.276251,15:02:24.261,81.687843,15:02:24.261,0.001653
15:02:24.262,8.242483,15:02:24.262,81.755379,15:02:24.262,0.002969
15:02:24.263,8.208715,15:02:24.263,81.620307,15:02:24.263,0.002311
15:02:24.264,8.174947,15:02:24.264,81.434583,15:02:24.264,0.003297
15:02:24.265,8.124295,15:02:24.265,81.535887,15:02:24.265,0.003955
15:02:24.266,8.124295,15:02:24.266,81.721611,15:02:24.266,0.001653
15:02:24.267,8.141179,15:02:24.267,81.535887,15:02:24.267,0.002969
15:02:24.268,8.056759,15:02:24.268,81.434583,15:02:24.268,0.001325
15:02:24.269,8.107411,15:02:24.269,81.552771,15:02:24.269,0.003297
15:02:24.270,8.039875,15:02:24.270,81.519003,15:02:24.270,0.00264
15:02:24.271,8.039875,15:02:24.271,81.400815,15:02:24.271,0.002311
15:02:24.272,7.989223,15:02:24.272,81.367047,15:02:24.272,0.00264
15:02:24.273,7.972339,15:02:24.273,81.383931,15:02:24.273,0.00264
15:02:24.274,7.972339,15:02:24.274,81.451467,15:02:24.274,0.00264
15:02:24.275,7.955455,15:02:24.275,81.333279,15:02:24.275,0.002311
15:02:24.276,7.938571,15:02:24.276,81.164439,15:02:24.276,0.002311
15:02:24.277,7.955455,15:02:24.277,81.350163,15:02:24.277,0.002311
15:02:24.278,7.871035,15:02:24.278,81.417699,15:02:24.278,0.001982
15:02:24.279,7.887919,15:02:24.279,81.164439,15:02:24.279,0.004284
15:02:24.280,8.006107,15:02:24.280,81.164439,15:02:24.280,0.00264
15:02:24.281,7.955455,15:02:24.281,81.181323,15:02:24.281,0.003297
15:02:24.282,7.955455,15:02:24.282,81.333279,15:02:24.282,0.002311
15:02:24.283,7.938571,15:02:24.283,81.096903,15:02:24.283,0.00264
15:02:24.284,7.955455,15:02:24.284,81.029368,15:02:24.284,0.002969
15:02:24.285,7.887919,15:02:24.285,81.096903,15:02:24.285,0.001653
15:02:24.286,7.955455,15:02:24.286,81.215091,15:02:24.286,0.001982
15:02:24.287,7.921687,15:02:24.287,81.012484,15:02:24.287,0.00264
15:02:24.288,7.921687,15:02:24.288,81.08002,15:02:24.288,0.00264
15:02:24.289,7.904803,15:02:24.289,80.9956,15:02:24.289,0.00264
15:02:24.290,7.837267,15:02:24.290,81.198207,15:02:24.290,0.003955
15:02:24.291,7.887919,15:02:24.291,80.9956,15:02:24.291,0.003955
15:02:24.292,7.820383,15:02:24.292,80.843644,15:02:24.292,0.002311
15:02:24.293,7.820383,15:02:24.293,80.961832,15:02:24.293,0.002311
15:02:24.294,7.786615,15:02:24.294,80.961832,15:02:24.294,0.00264
15:02:24.295,7.803499,15:02:24.295,80.776108,15:02:24.295,0.00264
15:02:24.296,7.803499,15:02:24.296,80.708572,15:02:24.296,0.004284
15:02:24.297,7.786615,15:02:24.297,80.725456,15:02:24.297,0.003955
15:02:24.298,7.786615,15:02:24.298,80.74234,15:02:24.298,0.003297
15:02:24.299,7.820383,15:02:24.299,80.65792,15:02:24.299,0.001653
15:02:24.300,7.786615,15:02:24.300,80.65792,15:02:24.300,0.004941
15:02:24.301,7.769731,15:02:24.301,80.725456,15:02:24.301,0.003626
15:02:24.302,7.820383,15:02:24.302,80.860528,15:02:24.302,0.001982
15:02:24.303,7.820383,15:02:24.303,80.725456,15:02:24.303,0.003955
15:02:24.304,7.803499,15:02:24.304,80.691688,15:02:24.304,0.001982
15:02:24.305,7.803499,15:02:24.305,80.691688,15:02:24.305,0.002969
15:02:24.306,7.735963,15:02:24.306,80.776108,15:02:24.306,0.003297
15:02:24.307,7.735963,15:02:24.307,80.641036,15:02:24.307,0.002969
15:02:24.308,7.668427,15:02:24.308,80.539732,15:02:24.308,0.003626
15:02:24.309,7.634659,15:02:24.309,80.48908,15:02:24.309,0.001982
15:02:24.310,7.668427,15:02:24.310,80.691688,15:02:24.310,0.004612
15:02:24.311,7.702195,15:02:24.311,80.505964,15:02:24.311,0.001653
15:02:24.312,7.685311,15:02:24.312,80.421544,15:02:24.312,0.00264
15:02:24.313,7.584007,15:02:24.313,80.286472,15:02:24.313,0.002969
15:02:24.314,7.600891,15:02:24.314,80.556616,15:02:24.314,0.002311
15:02:24.315,7.550239,15:02:24.315,80.421544,15:02:24.315,0.00264
15:02:24.316,7.567123,15:02:24.316,80.286472,15:02:24.316,0.00264
15:02:24.317,7.634659,15:02:24.317,80.252704,15:02:24.317,0.002311
15:02:24.318,7.600891,15:02:24.318,80.370892,15:02:24.318,0.00264
15:02:24.319,7.600891,15:02:24.319,80.337124,15:02:24.319,0.002969
15:02:24.320,7.567123,15:02:24.320,80.202052,15:02:24.320,0.002969
15:02:24.321,7.617775,15:02:24.321,80.168284,15:02:24.321,0.004284
15:02:24.322,7.584007,15:02:24.322,80.337124,15:02:24.322,0.002969
15:02:24.323,7.651543,15:02:24.323,80.23582,15:02:24.323,0.002969
15:02:24.324,7.651543,15:02:24.324,80.185168,15:02:24.324,0.003297
15:02:24.325,7.651543,15:02:24.325,79.915025,15:02:24.325,0.002311
15:02:24.326,7.634659,15:02:24.326,80.23582,15:02:24.326,0.00264
15:02:24.327,7.584007,15:02:24.327,79.881257,15:02:24.327,0.002311
15:02:24.328,7.634659,15:02:24.328,79.695533,15:02:24.328,0.003955
15:02:24.329,7.668427,15:02:24.329,79.577345,15:02:24.329,0.003297
15:02:24.330,7.567123,15:02:24.330,80.016328,15:02:24.330,0.00264
15:02:24.331,7.567123,15:02:24.331,79.763069,15:02:24.331,0.003626
15:02:24.332,7.550239,15:02:24.332,79.560461,15:02:24.332,0.00264
15:02:24.333,7.600891,15:02:24.333,79.611113,15:02:24.333,0.00264
15:02:24.334,7.516471,15:02:24.334,79.931909,15:02:24.334,0.002311
15:02:24.335,7.516471,15:02:24.335,79.577345,15:02:24.335,0.002969
15:02:24.336,7.516471,15:02:24.336,79.459157,15:02:24.336,0.003955
15:02:24.337,7.499587,15:02:24.337,79.425389,15:02:24.337,0.001982
15:02:24.338,7.415167,15:02:24.338,79.712417,15:02:24.338,0.002311
15:02:24.339,7.432051,15:02:24.339,79.611113,15:02:24.339,0.001982
15:02:24.340,7.499587,15:02:24.340,79.577345,15:02:24.340,0.002311
15:02:24.341,7.499587,15:02:24.341,79.695533,15:02:24.341,0.00264
15:02:24.342,7.448935,15:02:24.342,79.746185,15:02:24.342,0.00264
15:02:24.343,7.482703,15:02:24.343,79.763069,15:02:24.343,0.002311
15:02:24.344,7.448935,15:02:24.344,79.594229,15:02:24.344,0.002311
15:02:24.345,7.398283,15:02:24.345,79.678649,15:02:24.345,0.00264
15:02:24.346,7.432051,15:02:24.346,79.661765,15:02:24.346,0.003626
15:02:24.347,7.364515,15:02:24.347,79.644881,15:02:24.347,0.002969
15:02:24.348,7.364515,15:02:24.348,79.577345,15:02:24.348,0.003955
15:02:24.349,7.296979,15:02:24.349,79.509809,15:02:24.349,0.002969
15:02:24.350,7.330747,15:02:24.350,79.678649,15:02:24.350,0.003626
15:02:24.351,7.246327,15:02:24.351,79.492925,15:02:24.351,0.00264
15:02:24.352,7.212559,15:02:24.352,79.374737,15:02:24.352,0.001653
15:02:24.353,7.246327,15:02:24.353,79.273433,15:02:24.353,0.00264
15:02:24.354,7.212559,15:02:24.354,79.526693,15:02:24.354,0.004284
15:02:24.355,7.263211,15:02:24.355,79.509809,15:02:24.355,0.003626
15:02:24.356,7.229443,15:02:24.356,79.273433,15:02:24.356,0.003955
15:02:24.357,7.229443,15:02:24.357,79.290317,15:02:24.357,0.001982
15:02:24.358,7.212559,15:02:24.358,79.374737,15:02:24.358,0.002311
15:02:24.359,7.246327,15:02:24.359,79.307201,15:02:24.359,0.001653
15:02:24.360,7.263211,15:02:24.360,79.205897,15:02:24.360,0.00264
15:02:24.361,7.280095,15:02:24.361,79.189013,15:02:24.361,0.003626
15:02:24.362,7.330747,15:02:24.362,79.273433,15:02:24.362,0.002311
15:02:24.363,7.330747,15:02:24.363,79.290317,15:02:24.363,0.001982
15:02:24.364,7.313863,15:02:24.364,79.138361,15:02:24.364,0.001653
15:02:24.365,7.330747,15:02:24.365,79.037057,15:02:24.365,0.002969
15:02:24.366,7.263211,15:02:24.366,79.189013,15:02:24.366,0.003626
15:02:24.367,7.229443,15:02:24.367,79.222781,15:02:24.367,0.002969
15:02:24.368,7.195675,15:02:24.368,79.087709,15:02:24.368,0.002311
15:02:24.369,7.178791,15:02:24.369,78.952637,15:02:24.369,0.002969
15:02:24.370,7.246327,15:02:24.370,79.087709,15:02:24.370,0.001982
15:02:24.371,7.111255,15:02:24.371,79.070825,15:02:24.371,0.003626
15:02:24.372,7.178791,15:02:24.372,78.952637,15:02:24.372,0.00264
15:02:24.373,7.178791,15:02:24.373,78.800682,15:02:24.373,0.003297
15:02:24.374,7.145023,15:02:24.374,79.003289,15:02:24.374,0.001982
15:02:24.375,7.094371,15:02:24.375,79.020173,15:02:24.375,0.004284
15:02:24.376,7.145023,15:02:24.376,78.834449,15:02:24.376,0.003626
15:02:24.377,7.077487,15:02:24.377,78.66561,15:02:24.377,0.003297
15:02:24.378,7.077487,15:02:24.378,78.783798,15:02:24.378,0.003626
15:02:24.379,7.060603,15:02:24.379,78.918869,15:02:24.379,0.002311
15:02:24.380,7.043719,15:02:24.380,78.699378,15:02:24.380,0.003955
15:02:24.381,7.128139,15:02:24.381,78.682494,15:02:24.381,0.002969
15:02:24.382,7.111255,15:02:24.382,78.868217,15:02:24.382,0.00264
15:02:24.383,7.043719,15:02:24.383,78.885101,15:02:24.383,0.00264
15:02:24.384,7.043719,15:02:24.384,78.733146,15:02:24.384,0.003297
15:02:24.385,7.043719,15:02:24.385,78.716262,15:02:24.385,0.001982
15:02:24.386,7.077487,15:02:24.386,78.834449,15:02:24.386,0.002311
15:02:24.387,7.009951,15:02:24.387,78.868217,15:02:24.387,0.002969
15:02:24.388,7.060603,15:02:24.388,78.75003,15:02:24.388,0.001653
15:02:24.389,6.959299,15:02:24.389,78.547422,15:02:24.389,0.00264
15:02:24.390,6.993067,15:02:24.390,78.648726,15:02:24.390,0.002311
15:02:24.391,6.976183,15:02:24.391,78.699378,15:02:24.391,0.002969
15:02:24.392,6.908647,15:02:24.392,78.429234,15:02:24.392,0.001653
15:02:24.393,6.959299,15:02:24.393,78.463002,15:02:24.393,0.00264
15:02:24.394,6.925531,15:02:24.394,78.49677,15:02:24.394,0.004284
15:02:24.395,6.925531,15:02:24.395,78.49677,15:02:24.395,0.003626
15:02:24.396,6.959299,15:02:24.396,78.395466,15:02:24.396,0.003626
15:02:24.397,6.976183,15:02:24.397,78.311046,15:02:24.397,0.003297
15:02:24.398,6.976183,15:02:24.398,78.361698,15:02:24.398,0.002311
15:02:24.399,6.976183,15:02:24.399,78.49677,15:02:24.399,0.001982
15:02:24.400,6.993067,15:02:24.400,78.311046,15:02:24.400,0.003297
15:02:24.401,6.976183,15:02:24.401,78.378582,15:02:24.401,0.001982
15:02:24.402,7.060603,15:02:24.402,78.463002,15:02:24.402,0.003297
15:02:24.403,6.993067,15:02:24.403,78.614958,15:02:24.403,0.002311
15:02:24.404,6.976183,15:02:24.404,78.378582,15:02:24.404,0.003297
15:02:24.405,6.993067,15:02:24.405,78.311046,15:02:24.405,0.003297
15:02:24.406,6.976183,15:02:24.406,78.41235,15:02:24.406,0.003626
15:02:24.407,6.942415,15:02:24.407,78.429234,15:02:24.407,0.002311
15:02:24.408,6.925531,15:02:24.408,78.361698,15:02:24.408,0.001982
15:02:24.409,6.891763,15:02:24.409,78.125322,15:02:24.409,0.001982
15:02:24.410,6.874879,15:02:24.410,78.15909,15:02:24.410,0.002969
15:02:24.411,6.807343,15:02:24.411,78.209742,15:02:24.411,0.001325
15:02:24.412,6.824227,15:02:24.412,78.024018,15:02:24.412,0.003626
15:02:24.413,6.807343,15:02:24.413,78.007134,15:02:24.413,0.003297
15:02:24.414,6.841111,15:02:24.414,78.007134,15:02:24.414,0.002969
15:02:24.415,6.722923,15:02:24.415,78.125322,15:02:24.415,0.001325
15:02:24.416,6.739807,15:02:24.416,77.90583,15:02:24.416,0.00264
15:02:24.417,6.706039,15:02:24.417,77.922714,15:02:24.417,0.003297
15:02:24.418,6.756691,15:02:24.418,77.922714,15:02:24.418,0.003626
15:02:24.419,6.672271,15:02:24.419,78.024018,15:02:24.419,0.001653
15:02:24.420,6.773575,15:02:24.420,77.90583,15:02:24.420,0.00264
15:02:24.421,6.790459,15:02:24.421,77.787642,15:02:24.421,0.002311
15:02:24.422,6.773575,15:02:24.422,77.855178,15:02:24.422,0.002311
15:02:24.423,6.756691,15:02:24.423,77.99025,15:02:24.423,0.002969
15:02:24.424,6.739807,15:02:24.424,77.855178,15:02:24.424,0.002969
15:02:24.425,6.706039,15:02:24.425,77.787642,15:02:24.425,0.002311
15:02:24.426,6.739807,15:02:24.426,77.82141,15:02:24.426,0.001325
15:02:24.427,6.739807,15:02:24.427,77.922714,15:02:24.427,0.00264
15:02:24.428,6.672271,15:02:24.428,77.82141,15:02:24.428,0.002311
15:02:24.429,6.655387,15:02:24.429,77.686338,15:02:24.429,0.003297
15:02:24.430,6.621619,15:02:24.430,77.652571,15:02:24.430,0.00264
15:02:24.431,6.672271,15:02:24.431,77.770758,15:02:24.431,0.002969
15:02:24.432,6.604735,15:02:24.432,77.703222,15:02:24.432,0.003626
15:02:24.433,6.638503,15:02:24.433,77.601919,15:02:24.433,0.001982
15:02:24.434,6.638503,15:02:24.434,77.601919,15:02:24.434,0.002311
15:02:24.435,6.621619,15:02:24.435,77.669454,15:02:24.435,0.002969
15:02:24.436,6.638503,15:02:24.436,77.652571,15:02:24.436,0.003297
15:02:24.437,6.621619,15:02:24.437,77.433079,15:02:24.437,0.003297
15:02:24.438,6.638503,15:02:24.438,77.416195,15:02:24.438,0.002311
15:02:24.439,6.587851,15:02:24.439,77.635687,15:02:24.439,0.002969
15:02:24.440,6.621619,15:02:24.440,77.449963,15:02:24.440,0.003297
15:02:24.441,6.638503,15:02:24.441,77.416195,15:02:24.441,0.00264
15:02:24.442,6.638503,15:02:24.442,77.348659,15:02:24.442,0.004941
15:02:24.443,6.638503,15:02:24.443,77.466847,15:02:24.443,0.00264
15:02:24.444,6.570967,15:02:24.444,77.399311,15:02:24.444,0.003297
15:02:24.445,6.621619,15:02:24.445,77.348659,15:02:24.445,0.002311
15:02:24.446,6.587851,15:02:24.446,77.247355,15:02:24.446,0.00264
15:02:24.447,6.570967,15:02:24.447,77.466847,15:02:24.447,0.00264
15:02:24.448,6.503432,15:02:24.448,77.365543,15:02:24.448,0.003955
15:02:24.449,6.503432,15:02:24.449,77.264239,15:02:24.449,0.003297
15:02:24.450,6.5372,15:02:24.450,77.298007,15:02:24.450,0.003297
15:02:24.451,6.385244,15:02:24.451,77.298007,15:02:24.451,0.002969
15:02:24.452,6.503432,15:02:24.452,77.281123,15:02:24.452,0.002969
15:02:24.453,6.402128,15:02:24.453,77.112283,15:02:24.453,0.002969
15:02:24.454,6.435896,15:02:24.454,77.061631,15:02:24.454,0.002969
15:02:24.455,6.402128,15:02:24.455,77.264239,15:02:24.455,0.002311
15:02:24.456,6.435896,15:02:24.456,77.196703,15:02:24.456,0.001982
15:02:24.457,6.45278,15:02:24.457,77.078515,15:02:24.457,0.003955
15:02:24.458,6.402128,15:02:24.458,76.977211,15:02:24.458,0.002311
15:02:24.459,6.334592,15:02:24.459,77.146051,15:02:24.459,0.00264
15:02:24.460,6.419012,15:02:24.460,77.078515,15:02:24.460,0.005928
15:02:24.461,6.419012,15:02:24.461,76.892791,15:02:24.461,0.003955
15:02:24.462,6.45278,15:02:24.462,76.926559,15:02:24.462,0.003297
15:02:24.463,6.435896,15:02:24.463,77.078515,15:02:24.463,0.00264
15:02:24.464,6.45278,15:02:24.464,77.078515,15:02:24.464,0.002311
15:02:24.465,6.45278,15:02:24.465,76.909675,15:02:24.465,0.002969
15:02:24.466,6.385244,15:02:24.466,76.842139,15:02:24.466,0.002311
15:02:24.467,6.419012,15:02:24.467,76.943443,15:02:24.467,0.003297
15:02:24.468,6.402128,15:02:24.468,76.960327,15:02:24.468,0.003297
15:02:24.469,6.36836,15:02:24.469,76.757719,15:02:24.469,0.004941
15:02:24.470,6.402128,15:02:24.470,76.504459,15:02:24.470,0.00264
15:02:24.471,6.334592,15:02:24.471,76.757719,15:02:24.471,0.003955
15:02:24.472,6.36836,15:02:24.472,76.757719,15:02:24.472,0.004284
15:02:24.473,6.36836,15:02:24.473,76.352504,15:02:24.473,0.00264
15:02:24.474,6.351476,15:02:24.474,76.318736,15:02:24.474,0.001982
15:02:24.475,6.317708,15:02:24.475,76.656415,15:02:24.475,0.00264
15:02:24.476,6.267056,15:02:24.476,76.656415,15:02:24.476,0.00264
15:02:24.477,6.351476,15:02:24.477,76.318736,15:02:24.477,0.003955
15:02:24.478,6.28394,15:02:24.478,76.268084,15:02:24.478,0.00264
15:02:24.479,6.233288,15:02:24.479,76.504459,15:02:24.479,0.003955
15:02:24.480,6.233288,15:02:24.480,76.538227,15:02:24.480,0.002311
15:02:24.481,6.334592,15:02:24.481,76.2512,15:02:24.481,0.001982
15:02:24.482,6.317708,15:02:24.482,76.116128,15:02:24.482,0.00264
15:02:24.483,6.267056,15:02:24.483,76.470692,15:02:24.483,0.002969
15:02:24.484,6.28394,15:02:24.484,76.571995,15:02:24.484,0.00264
15:02:24.485,6.36836,15:02:24.485,76.099244,15:02:24.485,0.002311
15:02:24.486,6.300824,15:02:24.486,76.149896,15:02:24.486,0.001982
15:02:24.487,6.216404,15:02:24.487,76.436924,15:02:24.487,0.002311
15:02:24.488,6.19952,15:02:24.488,76.487575,15:02:24.488,0.003626
15:02:24.489,6.182636,15:02:24.489,76.436924,15:02:24.489,0.003297
15:02:24.490,6.19952,15:02:24.490,76.369388,15:02:24.490,0.003297
15:02:24.491,6.148868,15:02:24.491,76.487575,15:02:24.491,0.001982
15:02:24.492,6.1151,15:02:24.492,76.487575,15:02:24.492,0.001653
15:02:24.493,6.098216,15:02:24.493,76.2512,15:02:24.493,0.00264
15:02:24.494,6.19952,15:02:24.494,76.268084,15:02:24.494,0.002969
15:02:24.495,6.081332,15:02:24.495,76.318736,15:02:24.495,0.002969
15:02:24.496,6.081332,15:02:24.496,76.369388,15:02:24.496,0.002969
15:02:24.497,6.148868,15:02:24.497,76.200548,15:02:24.497,0.001653
15:02:24.498,6.081332,15:02:24.498,76.16678,15:02:24.498,0.00264
15:02:24.499,6.081332,15:02:24.499,76.133012,15:02:24.499,0.001653
15:02:24.500,6.148868,15:02:24.500,76.268084,15:02:24.500,0.00264
15:02:24.501,6.148868,15:02:24.501,76.116128,15:02:24.501,0.003626
15:02:24.502,6.081332,15:02:24.502,75.99794,15:02:24.502,0.002311
15:02:24.503,6.148868,15:02:24.503,76.048592,15:02:24.503,0.002311
15:02:24.504,6.182636,15:02:24.504,76.2512,15:02:24.504,0.00264
15:02:24.505,6.131984,15:02:24.505,75.99794,15:02:24.505,0.002969
15:02:24.506,6.165752,15:02:24.506,75.981056,15:02:24.506,0.003626
15:02:24.507,6.131984,15:02:24.507,76.048592,15:02:24.507,0.003626
15:02:24.508,6.064448,15:02:24.508,76.116128,15:02:24.508,0.002311
15:02:24.509,6.081332,15:02:24.509,75.896636,15:02:24.509,0.001653
15:02:24.510,6.098216,15:02:24.510,75.930404,15:02:24.510,0.001325
15:02:24.511,6.047564,15:02:24.511,75.99794,15:02:24.511,0.00264
15:02:24.512,5.996912,15:02:24.512,76.133012,15:02:24.512,0.002969
15:02:24.513,5.996912,15:02:24.513,75.795332,15:02:24.513,0.002969
15:02:24.514,6.064448,15:02:24.514,75.761564,15:02:24.514,0.002969
15:02:24.515,5.980028,15:02:24.515,75.845984,15:02:24.515,0.00264
15:02:24.516,5.963144,15:02:24.516,75.8291,15:02:24.516,0.002969
15:02:24.517,5.912492,15:02:24.517,75.812216,15:02:24.517,0.001325
15:02:24.518,5.980028,15:02:24.518,75.710912,15:02:24.518,0.002969
15:02:24.519,5.980028,15:02:24.519,75.677144,15:02:24.519,0.002969
15:02:24.520,5.996912,15:02:24.520,75.845984,15:02:24.520,0.002969
15:02:24.521,6.013796,15:02:24.521,75.710912,15:02:24.521,0.003297
15:02:24.522,5.996912,15:02:24.522,75.57584,15:02:24.522,0.002311
15:02:24.523,5.929376,15:02:24.523,75.542072,15:02:24.523,0.004612
15:02:24.524,5.963144,15:02:24.524,75.778448,15:02:24.524,0.001982
15:02:24.525,5.929376,15:02:24.525,75.609608,15:02:24.525,0.001325
15:02:24.526,6.013796,15:02:24.526,75.542072,15:02:24.526,0.001653
15:02:24.527,5.996912,15:02:24.527,75.57584,15:02:24.527,0.002311
15:02:24.528,5.86184,15:02:24.528,75.74468,15:02:24.528,0.003297
15:02:24.529,5.929376,15:02:24.529,75.542072,15:02:24.529,0.003297
15:02:24.530,5.844956,15:02:24.530,75.440768,15:02:24.530,0.00264
15:02:24.531,5.844956,15:02:24.531,75.390116,15:02:24.531,0.002311
15:02:24.532,5.86184,15:02:24.532,75.609608,15:02:24.532,0.001653
15:02:24.533,5.794304,15:02:24.533,75.457652,15:02:24.533,0.002311
15:02:24.534,5.828072,15:02:24.534,75.474536,15:02:24.534,0.00264
15:02:24.535,5.760536,15:02:24.535,75.339464,15:02:24.535,0.002969
15:02:24.536,5.760536,15:02:24.536,75.57584,15:02:24.536,0.003626
15:02:24.537,5.77742,15:02:24.537,75.457652,15:02:24.537,0.001982
15:02:24.538,5.844956,15:02:24.538,75.288812,15:02:24.538,0.002969
15:02:24.539,5.828072,15:02:24.539,75.32258,15:02:24.539,0.001653
15:02:24.540,5.86184,15:02:24.540,75.440768,15:02:24.540,0.001982
15:02:24.541,5.86184,15:02:24.541,75.305696,15:02:24.541,0.003297
15:02:24.542,5.844956,15:02:24.542,75.271929,15:02:24.542,0.003297
15:02:24.543,5.895608,15:02:24.543,75.255045,15:02:24.543,0.002311
15:02:24.544,5.844956,15:02:24.544,75.390116,15:02:24.544,0.00264
15:02:24.545,5.794304,15:02:24.545,75.255045,15:02:24.545,0.003626
15:02:24.546,5.794304,15:02:24.546,75.170625,15:02:24.546,0.002311
15:02:24.547,5.811188,15:02:24.547,75.170625,15:02:24.547,0.003626
15:02:24.548,5.743652,15:02:24.548,75.238161,15:02:24.548,0.001982
15:02:24.549,5.726768,15:02:24.549,75.170625,15:02:24.549,0.003297
15:02:24.550,5.726768,15:02:24.550,75.035553,15:02:24.550,0.001653
15:02:24.551,5.709884,15:02:24.551,75.204393,15:02:24.551,0.003297
15:02:24.552,5.726768,15:02:24.552,75.339464,15:02:24.552,0.002311
15:02:24.553,5.726768,15:02:24.553,75.136857,15:02:24.553,0.00264
15:02:24.554,5.625464,15:02:24.554,75.086205,15:02:24.554,0.00264
15:02:24.555,5.676116,15:02:24.555,75.001785,15:02:24.555,0.001325
15:02:24.556,5.743652,15:02:24.556,75.170625,15:02:24.556,0.002311
15:02:24.557,5.693,15:02:24.557,75.069321,15:02:24.557,0.003297
15:02:24.558,5.642348,15:02:24.558,74.917365,15:02:24.558,0.00264
15:02:24.559,5.693,15:02:24.559,74.849829,15:02:24.559,0.002311
15:02:24.560,5.625464,15:02:24.560,75.069321,15:02:24.560,0.003297
15:02:24.561,5.693,15:02:24.561,74.866713,15:02:24.561,0.002969
15:02:24.562,5.693,15:02:24.562,74.748525,15:02:24.562,0.00264
15:02:24.563,5.676116,15:02:24.563,74.832945,15:02:24.563,0.00264
15:02:24.564,5.642348,15:02:24.564,74.951133,15:02:24.564,0.00264
15:02:24.565,5.625464,15:02:24.565,74.816061,15:02:24.565,0.002969
15:02:24.566,5.642348,15:02:24.566,74.714757,15:02:24.566,0.003297
15:02:24.567,5.642348,15:02:24.567,74.630337,15:02:24.567,0.001653
15:02:24.568,5.490392,15:02:24.568,74.866713,15:02:24.568,0.002969
15:02:24.569,5.591696,15:02:24.569,74.782293,15:02:24.569,0.00264
15:02:24.570,5.557928,15:02:24.570,74.714757,15:02:24.570,0.00264
15:02:24.571,5.52416,15:02:24.571,74.714757,15:02:24.571,0.002311
15:02:24.572,5.507276,15:02:24.572,74.748525,15:02:24.572,0.00264
15:02:24.573,5.541044,15:02:24.573,74.714757,15:02:24.573,0.003297
15:02:24.574,5.574812,15:02:24.574,74.545917,15:02:24.574,0.003297
15:02:24.575,5.473508,15:02:24.575,74.495265,15:02:24.575,0.003955
15:02:24.576,5.52416,15:02:24.576,74.630337,15:02:24.576,0.004612
15:02:24.577,5.490392,15:02:24.577,74.596569,15:02:24.577,0.002969
15:02:24.578,5.52416,15:02:24.578,74.410845,15:02:24.578,0.00264
15:02:24.579,5.507276,15:02:24.579,74.444613,15:02:24.579,0.002311
15:02:24.580,5.541044,15:02:24.580,74.529033,15:02:24.580,0.001653
15:02:24.581,5.490392,15:02:24.581,74.512149,15:02:24.581,0.00264
15:02:24.582,5.52416,15:02:24.582,74.478381,15:02:24.582,0.00264
15:02:24.583,5.52416,15:02:24.583,74.326425,15:02:24.583,0.004941
15:02:24.584,5.557928,15:02:24.584,74.529033,15:02:24.584,1.014025
15:02:24.585,5.490392,15:02:24.585,74.512149,15:02:24.585,6.849198
15:02:24.586,5.490392,15:02:24.586,74.258889,15:02:24.586,8.474435
15:02:24.587,5.456624,15:02:24.587,74.258889,15:02:24.587,8.518165
15:02:24.588,5.507276,15:02:24.588,74.444613,15:02:24.588,8.560908
15:02:24.589,5.507276,15:02:24.589,74.410845,15:02:24.589,8.675987
15:02:24.590,5.507276,15:02:24.590,74.140701,15:02:24.590,8.710839
15:02:24.591,5.304668,15:02:24.591,74.140701,15:02:24.591,8.723333
15:02:24.592,5.220248,15:02:24.592,74.242005,15:02:24.592,8.742074
15:02:24.593,5.169596,15:02:24.593,74.225121,15:02:24.593,8.755555
15:02:24.594,5.254016,15:02:24.594,74.123817,15:02:24.594,8.701304
15:02:24.595,5.35532,15:02:24.595,74.022514,15:02:24.595,8.695386
15:02:24.596,5.709884,15:02:24.596,74.123817,15:02:24.596,8.717744
15:02:24.597,6.317708,15:02:24.597,74.225121,15:02:24.597,8.785475
15:02:24.598,7.482703,15:02:24.598,74.090049,15:02:24.598,8.783831
15:02:24.599,9.171103,15:02:24.599,74.056282,15:02:24.599,8.772652
15:02:24.600,12.531018,15:02:24.600,74.242005,15:02:24.600,8.728265
15:02:24.601,19.04824,15:02:24.601,74.292657,15:02:24.601,8.693413
15:02:24.602,27.169441,15:02:24.602,74.073165,15:02:24.602,8.709524
15:02:24.603,35.510133,15:02:24.603,74.123817,15:02:24.603,8.771995
15:02:24.604,43.817057,15:02:24.604,74.191353,15:02:24.604,8.776598
15:02:24.605,52.96818,15:02:24.605,74.140701,15:02:24.605,8.793366
15:02:24.606,62.23749,15:02:24.606,73.904326,15:02:24.606,8.749637
15:02:24.607,71.42238,15:02:24.607,74.090049,15:02:24.607,8.703934
15:02:24.608,80.74234,15:02:24.608,74.140701,15:02:24.608,8.705578
15:02:24.609,90.61947,15:02:24.609,74.208237,15:02:24.609,8.778571
15:02:24.610,100.344644,15:02:24.610,73.988746,15:02:24.610,8.780215
15:02:24.611,109.900976,15:02:24.611,73.701718,15:02:24.611,8.764104
15:02:24.612,118.511805,15:02:24.612,73.786138,15:02:24.612,8.737143
15:02:24.613,124.860179,15:02:24.613,73.769254,15:02:24.613,8.69144
15:02:24.614,125.873218,15:02:24.614,73.684834,15:02:24.614,8.681576
15:02:24.615,123.323738,15:02:24.615,73.803022,15:02:24.615,8.746349
15:02:24.616,119.524843,15:02:24.616,74.022514,15:02:24.616,8.755226
15:02:24.617,111.876402,15:02:24.617,74.174469,15:02:24.617,8.754897
15:02:24.618,100.260224,15:02:24.618,74.140701,15:02:24.618,8.744047
15:02:24.619,92.932576,15:02:24.619,74.174469,15:02:24.619,8.684535
15:02:24.620,86.516662,15:02:24.620,74.360193,15:02:24.620,8.659547
15:02:24.621,75.592724,15:02:24.621,74.410845,15:02:24.621,8.723662
15:02:24.622,65.563636,15:02:24.622,74.275773,15:02:24.622,8.760487
15:02:24.623,58.810041,15:02:24.623,74.208237,15:02:24.623,8.766076
15:02:24.624,54.622811,15:02:24.624,74.258889,15:02:24.624,8.770022
15:02:24.625,54.352667,15:02:24.625,74.191353,15:02:24.625,8.732539
15:02:24.626,57.509973,15:02:24.626,73.83679,15:02:24.626,8.693413
15:02:24.627,63.520673,15:02:24.627,73.904326,15:02:24.627,8.687166
15:02:24.628,71.405496,15:02:24.628,74.225121,15:02:24.628,8.769036
15:02:24.629,79.779953,15:02:24.629,74.545917,15:02:24.629,8.779886
15:02:24.630,87.259558,15:02:24.630,74.427729,15:02:24.630,8.779886
15:02:24.631,94.333947,15:02:24.631,74.478381,15:02:24.631,8.785147
15:02:24.632,99.061461,15:02:24.632,74.917365,15:02:24.632,8.717744
15:02:24.633,100.868047,15:02:24.633,75.356348,15:02:24.633,8.678617
15:02:24.634,100.4966,15:02:24.634,75.390116,15:02:24.634,8.710181
15:02:24.635,99.669285,15:02:24.635,75.373232,15:02:24.635,8.750294
15:02:24.636,97.879583,15:02:24.636,75.66026,15:02:24.636,8.764433
15:02:24.637,95.785969,15:02:24.637,75.930404,15:02:24.637,8.778571
15:02:24.638,94.418366,15:02:24.638,75.66026,15:02:24.638,8.705249
15:02:24.639,95.853505,15:02:24.639,75.66026,15:02:24.639,8.701961
15:02:24.640,98.723782,15:02:24.640,75.964172,15:02:24.640,8.696043
15:02:24.641,101.492755,15:02:24.641,76.436924,15:02:24.641,8.761473
15:02:24.642,103.653904,15:02:24.642,76.487575,15:02:24.642,8.759501
15:02:24.643,105.528026,15:02:24.643,76.605763,15:02:24.643,8.763117
15:02:24.644,106.709904,15:02:24.644,76.639531,15:02:24.644,8.765419
15:02:24.645,108.68533,15:02:24.645,77.078515,15:02:24.645,8.69407
15:02:24.646,107.537219,15:02:24.646,77.112283,15:02:24.646,8.669411
15:02:24.647,105.612446,15:02:24.647,77.331775,15:02:24.647,8.690125
15:02:24.648,104.312379,15:02:24.648,77.618803,15:02:24.648,8.744705
15:02:24.649,103.21492,15:02:24.649,78.175974,15:02:24.649,8.760158
15:02:24.650,102.184998,15:02:24.650,78.277278,15:02:24.650,8.749637
15:02:24.651,103.231804,15:02:24.651,78.564306,15:02:24.651,8.69407
15:02:24.652,107.824247,15:02:24.652,79.003289,15:02:24.652,8.668753
15:02:24.653,114.763562,15:02:24.653,79.627997,15:02:24.653,8.722676
15:02:24.654,121.584688,15:02:24.654,80.303356,15:02:24.654,8.747664
15:02:24.655,127.105748,15:02:24.655,81.012484,15:02:24.655,8.75161
15:02:24.656,131.512465,15:02:24.656,82.109943,15:02:24.656,8.748322
15:02:24.657,134.754187,15:02:24.657,84.051601,15:02:24.657,8.750623
15:02:24.658,135.665922,15:02:24.658,86.381591,15:02:24.658,8.705578
15:02:24.659,134.38274,15:02:24.659,87.715425,15:02:24.659,8.673028
15:02:24.660,131.630653,15:02:24.660,88.779116,15:02:24.660,8.681247
15:02:24.661,128.777261,15:02:24.661,89.420708,15:02:24.661,8.738458
15:02:24.662,125.197859,15:02:24.662,90.146719,15:02:24.662,8.757528
15:02:24.663,121.179473,15:02:24.663,90.771426,15:02:24.663,8.752925
15:02:24.664,117.34681,15:02:24.664,90.433747,15:02:24.664,8.736156
15:02:24.665,115.658413,15:02:24.665,90.399979,15:02:24.665,8.714127
15:02:24.666,116.975363,15:02:24.666,90.754542,15:02:24.666,8.673685
15:02:24.667,119.406655,15:02:24.667,90.636354,15:02:24.667,8.652313
15:02:24.668,121.652224,15:02:24.668,90.163603,15:02:24.668,8.672699
15:02:24.669,124.674455,15:02:24.669,90.231139,15:02:24.669,8.717744
15:02:24.670,127.561615,15:02:24.670,90.754542,15:02:24.670,8.7161
15:02:24.671,127.865527,15:02:24.671,92.071493,15:02:24.671,8.724648
15:02:24.672,127.257704,15:02:24.672,92.139029,15:02:24.672,8.728265
15:02:24.673,125.636842,15:02:24.673,92.510476,15:02:24.673,8.697687
15:02:24.674,122.378235,15:02:24.674,92.628664,15:02:24.674,8.650998
15:02:24.675,118.629992,15:02:24.675,93.455979,15:02:24.675,8.63949
15:02:24.676,114.358346,15:02:24.676,94.317063,15:02:24.676,8.68881
15:02:24.677,110.103584,15:02:24.677,95.296333,15:02:24.677,8.762131
15:02:24.678,107.334611,15:02:24.678,94.891118,15:02:24.678,8.757528
15:02:24.679,105.967009,15:02:24.679,94.013151,15:02:24.679,8.736156
15:02:24.680,108.077507,15:02:24.680,94.181991,15:02:24.680,1.823855
15:02:24.681,111.640026,15:02:24.681,95.296333,15:02:24.681,1.316519
15:02:24.682,114.510302,15:02:24.682,95.144378,15:02:24.682,0.911439
15:02:24.683,117.481882,15:02:24.683,94.654742,15:02:24.683,0.575407
15:02:24.684,120.132666,15:02:24.684,94.806698,15:02:24.684,0.303491
15:02:24.685,121.55092,15:02:24.685,95.549593,15:02:24.685,0.064783
15:02:24.686,120.504114,15:02:24.686,95.819737,15:02:24.686,-0.045036
15:02:24.687,118.089705,15:02:24.687,95.921041,15:02:24.687,-0.064106
15:02:24.688,115.253197,15:02:24.688,96.106765,15:02:24.688,-0.064435
15:02:24.689,112.467341,15:02:24.689,97.119803,15:02:24.689,-0.0549
15:02:24.690,108.398302,15:02:24.690,97.339295,15:02:24.690,-0.043063
15:02:24.691,104.008468,15:02:24.691,96.613284,15:02:24.691,-0.029254
15:02:24.692,99.939428,15:02:24.692,96.292488,15:02:24.692,-0.017088
15:02:24.693,98.115958,15:02:24.693,96.782124,15:02:24.693,-0.006567
15:02:24.694,97.727627,15:02:24.694,97.676975,15:02:24.694,0.001653
15:02:24.695,96.51198,15:02:24.695,98.08219,15:02:24.695,0.001325
15:02:24.696,93.911847,15:02:24.696,98.875738,15:02:24.696,0.003626
15:02:24.697,92.746852,15:02:24.697,100.530368,15:02:24.697,0.002969
15:02:24.698,88.137525,15:02:24.698,102.387605,15:02:24.698,0.002969
15:02:24.699,81.620307,15:02:24.699,103.485064,15:02:24.699,0.001982
15:02:24.700,76.200548,15:02:24.700,104.582523,15:02:24.700,0.00264
15:02:24.701,71.25354,15:02:24.701,104.447451,15:02:24.701,0.003626
15:02:24.702,67.488411,15:02:24.702,104.937086,15:02:24.702,0.002969
15:02:24.703,65.766244,15:02:24.703,104.987738,15:02:24.703,0.002311
15:02:24.704,64.111613,15:02:24.704,104.920202,15:02:24.704,0.002311
15:02:24.705,63.520673,15:02:24.705,104.717595,15:02:24.705,0.002311
15:02:24.706,64.212917,15:02:24.706,104.143539,15:02:24.706,0.002969
15:02:24.707,64.719437,15:02:24.707,103.738324,15:02:24.707,0.002969
15:02:24.708,65.394796,15:02:24.708,103.231804,15:02:24.708,0.003955
15:02:24.709,65.259724,15:02:24.709,102.303186,15:02:24.709,0.003626
15:02:24.710,64.246685,15:02:24.710,101.121307,15:02:24.710,0.003626
15:02:24.711,63.520673,15:02:24.711,100.023848,15:02:24.711,0.003626
15:02:24.712,63.25053,15:02:24.712,99.703053,15:02:24.712,0.00264
15:02:24.713,61.899811,15:02:24.713,100.125152,15:02:24.713,0.00264
15:02:24.714,59.806196,15:02:24.714,100.41218,15:02:24.714,0.003626
15:02:24.715,57.003454,15:02:24.715,100.597904,15:02:24.715,0.002311
15:02:24.716,54.06564,15:02:24.716,101.425219,15:02:24.716,0.002311
15:02:24.717,51.533041,15:02:24.717,102.336954,15:02:24.717,0.003297
15:02:24.718,48.899139,15:02:24.718,102.725285,15:02:24.718,0.001982
15:02:24.719,46.653568,15:02:24.719,102.573329,15:02:24.719,0.001982
15:02:24.720,45.015821,15:02:24.720,103.046081,15:02:24.720,0.003626
15:02:24.721,43.648217,15:02:24.721,103.940932,15:02:24.721,0.004284
15:02:24.722,43.175466,15:02:24.722,104.498103,15:02:24.722,0.003955
15:02:24.723,43.344306,15:02:24.723,104.379915,15:02:24.723,0.003297
15:02:24.724,42.652062,15:02:24.724,104.599407,15:02:24.724,0.003297
15:02:24.725,41.740326,15:02:24.725,104.818899,15:02:24.725,0.003297
15:02:24.726,41.166271,15:02:24.726,104.447451,15:02:24.726,0.002311
15:02:24.727,40.490911,15:02:24.727,103.603252,15:02:24.727,0.002311
15:02:24.728,39.866203,15:02:24.728,103.164269,15:02:24.728,0.002311
15:02:24.729,39.241496,15:02:24.729,103.147385,15:02:24.729,0.004284
15:02:24.730,39.106424,15:02:24.730,102.978545,15:02:24.730,0.001982
15:02:24.731,39.325916,15:02:24.731,102.505793,15:02:24.731,0.002969
15:02:24.732,39.748015,15:02:24.732,102.252534,15:02:24.732,0.003297
15:02:24.733,40.406491,15:02:24.733,102.23565,15:02:24.733,0.002969
15:02:24.734,40.727287,15:02:24.734,102.134346,15:02:24.734,0.003626
15:02:24.735,40.507795,15:02:24.735,101.627826,15:02:24.735,0.003955
15:02:24.736,40.186999,15:02:24.736,101.374567,15:02:24.736,0.003626
15:02:24.737,39.967507,15:02:24.737,101.273263,15:02:24.737,0.002969
15:02:24.738,39.815551,15:02:24.738,101.442103,15:02:24.738,0.00264
15:02:24.739,39.08954,15:02:24.739,101.205727,15:02:24.739,0.003955
15:02:24.740,38.447948,15:02:24.740,101.374567,15:02:24.740,0.002311
15:02:24.741,37.941428,15:02:24.741,101.594058,15:02:24.741,0.001982
15:02:24.742,37.434908,15:02:24.742,101.999274,15:02:24.742,0.001653
15:02:24.743,36.827085,15:02:24.743,101.999274,15:02:24.743,0.00264
15:02:24.744,35.746509,15:02:24.744,101.965506,15:02:24.744,0.003626
15:02:24.745,32.454131,15:02:24.745,101.999274,15:02:24.745,0.002311
15:02:24.746,26.274589,15:02:24.746,102.016158,15:02:24.746,0.004284
15:02:24.747,19.926207,15:02:24.747,101.458987,15:02:24.747,0.002969
15:02:24.748,14.303837,15:02:24.748,101.155075,15:02:24.748,0.002311
15:02:24.749,8.293135,15:02:24.749,100.901815,15:02:24.749,0.002311
15:02:24.750,2.316201,15:02:24.750,100.597904,15:02:24.750,0.00264
15:02:24.751,-2.259362,15:02:24.751,100.142036,15:02:24.751,0.003955
15:02:24.752,-3.323054,15:02:24.752,99.736821,15:02:24.752,0.001325
15:02:24.753,-3.39059,15:02:24.753,99.297837,15:02:24.753,0.002311
15:02:24.754,-3.39059,15:02:24.754,99.230301,15:02:24.754,0.000996
15:02:24.755,-3.424358,15:02:24.755,98.791318,15:02:24.755,0.00264
15:02:24.756,-3.407474,15:02:24.756,98.58871,15:02:24.756,0.002969
15:02:24.757,-3.424358,15:02:24.757,98.605594,15:02:24.757,0.00264
15:02:24.758,-3.407474,15:02:24.758,98.825086,15:02:24.758,0.00264
15:02:24.759,-3.39059,15:02:24.759,98.67313,15:02:24.759,0.002969
15:02:24.760,-3.39059,15:02:24.760,98.571826,15:02:24.760,0.002311
15:02:24.761,-3.339938,15:02:24.761,98.622478,15:02:24.761,0.002969
15:02:24.762,-3.255518,15:02:24.762,98.690014,15:02:24.762,0.003955
15:02:24.763,-2.495738,15:02:24.763,98.571826,15:02:24.763,0.004612
15:02:24.764,-0.081327,15:02:24.764,98.33545,15:02:24.764,0.002311
15:02:24.765,3.396776,15:02:24.765,98.048422,15:02:24.765,0.000667
15:02:24.766,7.178791,15:02:24.766,97.913351,15:02:24.766,0.003297
15:02:24.767,11.078994,15:02:24.767,97.457483,15:02:24.767,0.00264
15:02:24.768,14.641517,15:02:24.768,97.069152,15:02:24.768,0.003955
15:02:24.769,17.900128,15:02:24.769,96.714588,15:02:24.769,0.003626
15:02:24.770,20.601567,15:02:24.770,96.663936,15:02:24.770,0.00264
15:02:24.771,22.712066,15:02:24.771,96.25872,15:02:24.771,0.002311
15:02:24.772,23.978366,15:02:24.772,95.752201,15:02:24.772,0.001982
15:02:24.773,24.451118,15:02:24.773,95.583361,15:02:24.773,0.002311
15:02:24.774,24.197858,15:02:24.774,95.566477,15:02:24.774,0.001653
15:02:24.775,23.590034,15:02:24.775,95.211914,15:02:24.775,0.00264
15:02:24.776,22.374387,15:02:24.776,95.043074,15:02:24.776,0.002311
15:02:24.777,20.770407,15:02:24.777,95.043074,15:02:24.777,0.003626
15:02:24.778,18.946936,15:02:24.778,95.093726,15:02:24.778,0.00264
15:02:24.779,16.85332,15:02:24.779,94.975538,15:02:24.779,0.004612
15:02:24.780,14.709053,15:02:24.780,94.485902,15:02:24.780,0.003297
15:02:24.781,12.395946,15:02:24.781,94.317063,15:02:24.781,0.003297
15:02:24.782,9.981535,15:02:24.782,94.654742,15:02:24.782,0.001982
15:02:24.783,7.516471,15:02:24.783,94.232643,15:02:24.783,0.002311
15:02:24.784,5.203364,15:02:24.784,93.928731,15:02:24.784,0.001653
15:02:24.785,3.025328,15:02:24.785,93.793659,15:02:24.785,0.001653
15:02:24.786,1.100553,15:02:24.786,94.097571,15:02:24.786,0.003626
15:02:24.787,-0.351471,15:02:24.787,93.658587,15:02:24.787,0.002311
15:02:24.788,-1.347627,15:02:24.788,93.337792,15:02:24.788,0.003955
15:02:24.789,-1.938566,15:02:24.789,93.1183,15:02:24.789,0.003297
15:02:24.790,-2.276246,15:02:24.790,93.422211,15:02:24.790,0.002969
15:02:24.791,-2.37755,15:02:24.791,92.915692,15:02:24.791,0.002969
15:02:24.792,-2.174942,15:02:24.792,92.6962,15:02:24.792,0.004612
15:02:24.793,-1.837262,15:02:24.793,92.476708,15:02:24.793,0.001982
15:02:24.794,-1.161903,15:02:24.794,92.831272,15:02:24.794,0.003626
15:02:24.795,0.087513,15:02:24.795,92.375405,15:02:24.795,0.000667
15:02:24.796,1.657725,15:02:24.796,91.953305,15:02:24.796,0.003297
15:02:24.797,3.295472,15:02:24.797,91.885769,15:02:24.797,0.003955
15:02:24.798,5.034524,15:02:24.798,92.324753,15:02:24.798,0.003626
15:02:24.799,6.959299,15:02:24.799,92.020841,15:02:24.799,0.00264
15:02:24.800,8.968495,15:02:24.800,91.987073,15:02:24.800,0.000996
15:02:24.801,11.06211,15:02:24.801,92.105261,15:02:24.801,0.002969
15:02:24.802,13.054422,15:02:24.802,92.307869,15:02:24.802,0.003297
15:02:24.803,14.911661,15:02:24.803,92.324753,15:02:24.803,0.003297
15:02:24.804,16.583177,15:02:24.804,92.240333,15:02:24.804,0.003297
15:02:24.805,17.900128,15:02:24.805,92.274101,15:02:24.805,0.001653
15:02:24.806,18.896284,15:02:24.806,92.426057,15:02:24.806,0.00264
15:02:24.807,19.267732,15:02:24.807,92.223449,15:02:24.807,0.003626
15:02:24.808,19.233964,15:02:24.808,91.902653,15:02:24.808,0.002311
15:02:24.809,19.115776,15:02:24.809,91.700045,15:02:24.809,0.002969
15:02:24.810,18.761212,15:02:24.810,91.700045,15:02:24.810,0.002969
15:02:24.811,17.78194,15:02:24.811,91.480553,15:02:24.811,0.00264
15:02:24.812,16.785784,15:02:24.812,91.176642,15:02:24.812,0.003297
15:02:24.813,16.026005,15:02:24.813,90.95715,15:02:24.813,0.004284
15:02:24.814,15.266225,15:02:24.814,91.075338,15:02:24.814,0.00264
15:02:24.815,13.459638,15:02:24.815,91.109106,15:02:24.815,0.004612
15:02:24.816,10.89327,15:02:24.816,91.058454,15:02:24.816,0.003297
15:02:24.817,8.934727,15:02:24.817,91.311714,15:02:24.817,0.00264
15:02:24.818,6.756691,15:02:24.818,91.683161,15:02:24.818,0.002969
15:02:24.819,5.456624,15:02:24.819,91.852001,15:02:24.819,0.003297
15:02:24.820,4.8488,15:02:24.820,91.885769,15:02:24.820,0.004284
15:02:24.821,4.190324,15:02:24.821,92.307869,15:02:24.821,0.002311
15:02:24.822,3.565616,15:02:24.822,92.746852,15:02:24.822,0.002311
15:02:24.823,3.312356,15:02:24.823,92.814388,15:02:24.823,0.00264
15:02:24.824,2.924024,15:02:24.824,92.679316,15:02:24.824,0.002311
15:02:24.825,2.349969,15:02:24.825,92.6962,15:02:24.825,0.002969
15:02:24.826,1.522653,15:02:24.826,92.915692,15:02:24.826,0.003297
15:02:24.827,1.674609,15:02:24.827,92.729968,15:02:24.827,0.001653
15:02:24.828,3.07598,15:02:24.828,92.290985,15:02:24.828,0.003297
15:02:24.829,4.477352,15:02:24.829,92.037725,15:02:24.829,0.001982
15:02:24.830,5.659232,15:02:24.830,92.037725,15:02:24.830,0.003297
15:02:24.831,7.195675,15:02:24.831,91.936421,15:02:24.831,0.002969
15:02:24.832,8.630815,15:02:24.832,91.531205,15:02:24.832,0.00264
15:02:24.833,9.795811,15:02:24.833,91.413018,15:02:24.833,0.004612
15:02:24.834,10.72443,15:02:24.834,91.683161,15:02:24.834,0.002969
15:02:24.835,11.872542,15:02:24.835,91.733813,15:02:24.835,0.000009
15:02:24.836,12.784278,15:02:24.836,91.666277,15:02:24.836,0.00264
15:02:24.837,13.999925,15:02:24.837,91.936421,15:02:24.837,0.003297
15:02:24.838,15.148037,15:02:24.838,92.240333,15:02:24.838,0.003955
15:02:24.839,16.110425,15:02:24.839,92.594896,15:02:24.839,0.00264
15:02:24.840,16.633829,15:02:24.840,92.645548,15:02:24.840,0.00264
15:02:24.841,16.718249,15:02:24.841,92.898808,15:02:24.841,0.00264
15:02:24.842,16.684481,15:02:24.842,93.20272,15:02:24.842,0.003626
15:02:24.843,16.262381,15:02:24.843,93.388444,15:02:24.843,0.000667
15:02:24.844,15.485717,15:02:24.844,93.270256,15:02:24.844,0.003297
15:02:24.845,14.861009,15:02:24.845,93.304024,15:02:24.845,0.002311
15:02:24.846,14.151881,15:02:24.846,93.388444,15:02:24.846,0.003297
15:02:24.847,13.273914,15:02:24.847,93.422211,15:02:24.847,0.000996
15:02:24.848,12.395946,15:02:24.848,93.067648,15:02:24.848,0.004612
15:02:24.849,11.264718,15:02:24.849,92.881924,15:02:24.849,0.001653
15:02:24.850,9.677623,15:02:24.850,92.966344,15:02:24.850,0.003626
15:02:24.851,8.259367,15:02:24.851,92.848156,15:02:24.851,0.001653
15:02:24.852,7.009951,15:02:24.852,92.662432,15:02:24.852,0.002969
15:02:24.853,5.980028,15:02:24.853,92.578012,15:02:24.853,0.003297
15:02:24.854,5.085176,15:02:24.854,92.578012,15:02:24.854,0.003297
15:02:24.855,4.494236,15:02:24.855,92.746852,15:02:24.855,0.003626
15:02:24.856,3.92018,15:02:24.856,92.594896,15:02:24.856,0.00264
15:02:24.857,3.531848,15:02:24.857,92.645548,15:02:24.857,0.00264
15:02:24.858,3.092864,15:02:24.858,92.78062,15:02:24.858,0.00264
15:02:24.859,2.805836,15:02:24.859,93.101416,15:02:24.859,0.001982
15:02:24.860,2.772068,15:02:24.860,92.94946,15:02:24.860,0.004612
15:02:24.861,3.092864,15:02:24.861,93.185836,15:02:24.861,0.00264
15:02:24.862,3.75134,15:02:24.862,93.422211,15:02:24.862,0.004284
15:02:24.863,4.477352,15:02:24.863,93.675471,15:02:24.863,0.001653
15:02:24.864,5.304668,15:02:24.864,93.827427,15:02:24.864,0.004612
15:02:24.865,6.064448,15:02:24.865,93.928731,15:02:24.865,0.001982
15:02:24.866,6.908647,15:02:24.866,94.013151,15:02:24.866,0.002311
15:02:24.867,7.685311,15:02:24.867,94.232643,15:02:24.867,0.000338
15:02:24.868,8.630815,15:02:24.868,93.962499,15:02:24.868,0.001982
15:02:24.869,9.593203,15:02:24.869,93.861195,15:02:24.869,0.002969
15:02:24.870,10.572474,15:02:24.870,93.945615,15:02:24.870,0.003955
15:02:24.871,11.332254,15:02:24.871,93.928731,15:02:24.871,0.003626
15:02:24.872,12.041382,15:02:24.872,93.557283,15:02:24.872,0.00264
15:02:24.873,12.547902,15:02:24.873,93.337792,15:02:24.873,0.000996
15:02:24.874,12.851814,15:02:24.874,93.20272,15:02:24.874,0.003297
15:02:24.875,12.986886,15:02:24.875,93.135184,15:02:24.875,0.003626
15:02:24.876,12.970002,15:02:24.876,92.86504,15:02:24.876,0.003297
15:02:24.877,12.851814,15:02:24.877,92.797504,15:02:24.877,0.003297
15:02:24.878,12.649206,15:02:24.878,92.78062,15:02:24.878,0.001653
15:02:24.879,12.362178,15:02:24.879,92.915692,15:02:24.879,0.003626
15:02:24.880,12.142686,15:02:24.880,92.6962,15:02:24.880,0.001982
15:02:24.881,11.551746,15:02:24.881,92.729968,15:02:24.881,0.003297
15:02:24.882,10.960806,15:02:24.882,92.78062,15:02:24.882,0.00264
15:02:24.883,10.251678,15:02:24.883,93.067648,15:02:24.883,0.003955
15:02:24.884,9.424363,15:02:24.884,93.000112,15:02:24.884,0.003626
15:02:24.885,8.563279,15:02:24.885,92.966344,15:02:24.885,0.002311
15:02:24.886,7.702195,15:02:24.886,93.050764,15:02:24.886,0.002969
15:02:24.887,6.942415,15:02:24.887,93.320908,15:02:24.887,0.00264
15:02:24.888,6.19952,15:02:24.888,93.03388,15:02:24.888,0.002311
15:02:24.889,5.693,15:02:24.889,92.881924,15:02:24.889,0.00264
15:02:24.890,5.2709,15:02:24.890,92.86504,15:02:24.890,0.001653
15:02:24.891,4.899452,15:02:24.891,93.000112,15:02:24.891,0.003626
15:02:24.892,4.629308,15:02:24.892,92.729968,15:02:24.892,0.00264
15:02:24.893,4.51112,15:02:24.893,92.578012,15:02:24.893,0.004612
15:02:24.894,4.578656,15:02:24.894,92.375405,15:02:24.894,0.001653
15:02:24.895,4.815032,15:02:24.895,92.510476,15:02:24.895,0.004612
15:02:24.896,5.152712,15:02:24.896,92.189681,15:02:24.896,0.001653
15:02:24.897,5.659232,15:02:24.897,92.003957,15:02:24.897,0.001653
15:02:24.898,6.216404,15:02:24.898,91.801349,15:02:24.898,0.003297
15:02:24.899,6.773575,15:02:24.899,92.020841,15:02:24.899,0.002311
15:02:24.900,7.347631,15:02:24.900,91.835117,15:02:24.900,0.003626
15:02:24.901,7.871035,15:02:24.901,91.700045,15:02:24.901,0.00264
15:02:24.902,8.445091,15:02:24.902,91.581857,15:02:24.902,0.002311
15:02:24.903,9.086683,15:02:24.903,91.733813,15:02:24.903,0.002969
15:02:24.904,9.643855,15:02:24.904,91.598741,15:02:24.904,0.000996
15:02:24.905,10.133491,15:02:24.905,91.429902,15:02:24.905,0.004284
15:02:24.906,10.572474,15:02:24.906,91.413018,15:02:24.906,0.001653
15:02:24.907,10.910154,15:02:24.907,91.632509,15:02:24.907,0.004612
15:02:24.908,11.163414,15:02:24.908,91.531205,15:02:24.908,0.002311
15:02:24.909,11.332254,15:02:24.909,91.429902,15:02:24.909,0.003626
15:02:24.910,11.366022,15:02:24.910,91.37925,15:02:24.910,0.00264
15:02:24.911,11.332254,15:02:24.911,91.531205,15:02:24.911,0.001982
15:02:24.912,11.180298,15:02:24.912,91.37925,15:02:24.912,0.002311
15:02:24.913,11.045226,15:02:24.913,91.058454,15:02:24.913,0.001982
15:02:24.914,10.690662,15:02:24.914,90.95715,15:02:24.914,0.003297
15:02:24.915,10.352982,15:02:24.915,91.04157,15:02:24.915,0.003955
15:02:24.916,9.913999,15:02:24.916,90.754542,15:02:24.916,0.001653
15:02:24.917,9.424363,15:02:24.917,90.467515,15:02:24.917,0.002969
15:02:24.918,8.985379,15:02:24.918,90.315559,15:02:24.918,0.000996
15:02:24.919,8.445091,15:02:24.919,90.366211,15:02:24.919,0.003626
15:02:24.920,8.056759,15:02:24.920,90.180487,15:02:24.920,0.001982
15:02:24.921,7.634659,15:02:24.921,89.910343,15:02:24.921,0.00264
15:02:24.922,7.313863,15:02:24.922,89.809039,15:02:24.922,0.001982
15:02:24.923,7.077487,15:02:24.923,89.842807,15:02:24.923,0.001653
15:02:24.924,6.824227,15:02:24.924,89.809039,15:02:24.924,0.003297
15:02:24.925,6.672271,15:02:24.925,89.690851,15:02:24.925,0.00264
15:02:24.926,6.587851,15:02:24.926,89.640199,15:02:24.926,0.00264
15:02:24.927,6.570967,15:02:24.927,89.859691,15:02:24.927,0.002311
15:02:24.928,6.655387,15:02:24.928,89.910343,15:02:24.928,0.00264
15:02:24.929,6.857995,15:02:24.929,89.724619,15:02:24.929,0.003297
15:02:24.930,7.043719,15:02:24.930,89.707735,15:02:24.930,0.001982
15:02:24.931,7.296979,15:02:24.931,89.842807,15:02:24.931,0.002969
15:02:24.932,7.550239,15:02:24.932,89.842807,15:02:24.932,0.001653
15:02:24.933,7.938571,15:02:24.933,89.623315,15:02:24.933,0.001982
15:02:24.934,8.191831,15:02:24.934,89.522011,15:02:24.934,0.002311
15:02:24.935,8.698351,15:02:24.935,89.572663,15:02:24.935,0.00264
15:02:24.936,9.019147,15:02:24.936,89.555779,15:02:24.936,0.003626
15:02:24.937,9.407479,15:02:24.937,89.285636,15:02:24.937,0.002311
15:02:24.938,9.626971,15:02:24.938,89.201216,15:02:24.938,0.002969
15:02:24.939,9.930883,15:02:24.939,89.150564,15:02:24.939,0.001982
15:02:24.940,10.133491,15:02:24.940,88.897304,15:02:24.940,0.002969
15:02:24.941,10.285446,15:02:24.941,88.458321,15:02:24.941,0.002311
15:02:24.942,10.403634,15:02:24.942,88.390785,15:02:24.942,0.002311
15:02:24.943,10.336098,15:02:24.943,88.644044,15:02:24.943,0.003626
15:02:24.944,10.336098,15:02:24.944,88.694696,15:02:24.944,0.00264
15:02:24.945,10.201026,15:02:24.945,88.357017,15:02:24.945,0.003626
15:02:24.946,10.032187,15:02:24.946,88.323249,15:02:24.946,0.001982
15:02:24.947,9.778927,15:02:24.947,88.677812,15:02:24.947,0.001653
15:02:24.948,9.525667,15:02:24.948,88.728464,15:02:24.948,0.002311
15:02:24.949,9.221755,15:02:24.949,88.357017,15:02:24.949,0.00264
15:02:24.950,9.002263,15:02:24.950,88.424553,15:02:24.950,0.004612
15:02:24.951,8.597047,15:02:24.951,88.762232,15:02:24.951,0.001982
15:02:24.952,8.259367,15:02:24.952,88.96484,15:02:24.952,0.003626
15:02:24.953,7.972339,15:02:24.953,88.441437,15:02:24.953,0.001982
15:02:24.954,7.617775,15:02:24.954,88.390785,15:02:24.954,0.004284
15:02:24.955,7.381399,15:02:24.955,88.644044,15:02:24.955,0.003297
15:02:24.956,7.178791,15:02:24.956,88.677812,15:02:24.956,0.001653
15:02:24.957,7.043719,15:02:24.957,88.272597,15:02:24.957,0.000996
15:02:24.958,6.908647,15:02:24.958,88.171293,15:02:24.958,0.002969
15:02:24.959,6.891763,15:02:24.959,88.373901,15:02:24.959,0.003297
15:02:24.960,6.891763,15:02:24.960,88.475205,15:02:24.960,0.003955
15:02:24.961,6.976183,15:02:24.961,88.238829,15:02:24.961,0.00264
15:02:24.962,7.060603,15:02:24.962,88.154409,15:02:24.962,0.002311
15:02:24.963,7.094371,15:02:24.963,88.221945,15:02:24.963,0.000996
15:02:24.964,7.178791,15:02:24.964,88.306365,15:02:24.964,0.003297
15:02:24.965,7.313863,15:02:24.965,88.137525,15:02:24.965,0.003297
15:02:24.966,7.448935,15:02:24.966,88.086873,15:02:24.966,0.003955
15:02:24.967,7.651543,15:02:24.967,88.221945,15:02:24.967,0.003955
15:02:24.968,7.786615,15:02:24.968,88.458321,15:02:24.968,0.002969
15:02:24.969,8.006107,15:02:24.969,88.340133,15:02:24.969,0.002969
15:02:24.970,8.141179,15:02:24.970,88.390785,15:02:24.970,0.002311
15:02:24.971,8.276251,15:02:24.971,88.508972,15:02:24.971,0.003297
15:02:24.972,8.276251,15:02:24.972,88.677812,15:02:24.972,0.001982
15:02:24.973,8.326903,15:02:24.973,88.525856,15:02:24.973,0.002969
15:02:24.974,8.377555,15:02:24.974,88.559624,15:02:24.974,0.003297
15:02:24.975,8.445091,15:02:24.975,88.660928,15:02:24.975,0.003297
15:02:24.976,8.461975,15:02:24.976,88.812884,15:02:24.976,0.002311
15:02:24.977,8.495743,15:02:24.977,88.644044,15:02:24.977,0.001982
15:02:24.978,8.428207,15:02:24.978,88.559624,15:02:24.978,0.002969
15:02:24.979,8.310019,15:02:24.979,88.576508,15:02:24.979,0.00264
15:02:24.980,8.276251,15:02:24.980,88.728464,15:02:24.980,0.00264
15:02:24.981,8.208715,15:02:24.981,88.458321,15:02:24.981,0.003297
15:02:24.982,8.090527,15:02:24.982,88.323249,15:02:24.982,0.002311
15:02:24.983,8.006107,15:02:24.983,88.272597,15:02:24.983,0.003955
15:02:24.984,7.921687,15:02:24.984,88.390785,15:02:24.984,0.001653
15:02:24.985,7.786615,15:02:24.985,88.205061,15:02:24.985,0.002969
15:02:24.986,7.634659,15:02:24.986,88.205061,15:02:24.986,0.001982
15:02:24.987,7.617775,15:02:24.987,88.171293,15:02:24.987,0.002969
15:02:24.988,7.533355,15:02:24.988,88.272597,15:02:24.988,0.001653
15:02:24.989,7.381399,15:02:24.989,88.086873,15:02:24.989,0.00264
15:02:24.990,7.432051,15:02:24.990,88.205061,15:02:24.990,0.00264
15:02:24.991,7.381399,15:02:24.991,88.424553,15:02:24.991,0.004284
15:02:24.992,7.330747,15:02:24.992,88.559624,15:02:24.992,0.003297
15:02:24.993,7.381399,15:02:24.993,88.424553,15:02:24.993,0.002969
15:02:24.994,7.415167,15:02:24.994,88.458321,15:02:24.994,0.001653
15:02:24.995,7.415167,15:02:24.995,88.525856,15:02:24.995,0.003297
15:02:24.996,7.381399,15:02:24.996,88.677812,15:02:24.996,0.003297
15:02:24.997,7.415167,15:02:24.997,88.593392,15:02:24.997,0.002969
15:02:24.998,7.516471,15:02:24.998,88.373901,15:02:24.998,0.001982
15:02:24.999,7.550239,15:02:24.999,88.424553,15:02:24.999,0.00264
15:02:25.000,7.651543,15:02:25.000,88.62716,15:02:25.000,0.003955
15:02:25.001,7.735963,15:02:25.001,88.390785,15:02:25.001,0.00264
15:02:25.002,7.735963,15:02:25.002,88.255713,15:02:25.002,0.001982
15:02:25.003,7.803499,15:02:25.003,88.272597,15:02:25.003,0.00264
15:02:25.004,7.820383,15:02:25.004,88.340133,15:02:25.004,0.003297
15:02:25.005,7.854151,15:02:25.005,88.137525,15:02:25.005,0.002969
15:02:25.006,7.871035,15:02:25.006,88.053105,15:02:25.006,0.003297
15:02:25.007,7.887919,15:02:25.007,88.069989,15:02:25.007,0.00264
15:02:25.008,7.871035,15:02:25.008,88.205061,15:02:25.008,0.00264
15:02:25.009,7.871035,15:02:25.009,88.036221,15:02:25.009,0.001982
15:02:25.010,7.871035,15:02:25.010,87.934917,15:02:25.010,0.00264
15:02:25.011,7.837267,15:02:25.011,87.934917,15:02:25.011,0.002311
15:02:25.012,7.854151,15:02:25.012,88.137525,15:02:25.012,0.00264
15:02:25.013,7.803499,15:02:25.013,88.154409,15:02:25.013,0.001653
15:02:25.014,7.769731,15:02:25.014,87.968685,15:02:25.014,0.003626
15:02:25.015,7.719079,15:02:25.015,88.069989,15:02:25.015,0.002311
15:02:25.016,7.685311,15:02:25.016,88.306365,15:02:25.016,0.003626
15:02:25.017,7.617775,15:02:25.017,88.188177,15:02:25.017,0.003297
15:02:25.018,7.634659,15:02:25.018,88.086873,15:02:25.018,0.002969
15:02:25.019,7.685311,15:02:25.019,88.137525,15:02:25.019,0.003297
15:02:25.020,7.668427,15:02:25.020,88.289481,15:02:25.020,0.002969
15:02:25.021,7.668427,15:02:25.021,88.154409,15:02:25.021,0.002311
15:02:25.022,7.702195,15:02:25.022,88.120641,15:02:25.022,0.001653
15:02:25.023,7.769731,15:02:25.023,88.053105,15:02:25.023,0.003297
15:02:25.024,7.719079,15:02:25.024,88.154409,15:02:25.024,0.001982
15:02:25.025,7.820383,15:02:25.025,87.934917,15:02:25.025,0.00264
15:02:25.026,7.752847,15:02:25.026,87.749193,15:02:25.026,0.003626
15:02:25.027,7.735963,15:02:25.027,87.647889,15:02:25.027,0.001325
15:02:25.028,7.719079,15:02:25.028,87.850497,15:02:25.028,0.003626
15:02:25.029,7.668427,15:02:25.029,87.563469,15:02:25.029,0.002311
15:02:25.030,7.735963,15:02:25.030,87.495933,15:02:25.030,0.003626
15:02:25.031,7.735963,15:02:25.031,87.495933,15:02:25.031,0.002311
15:02:25.032,7.803499,15:02:25.032,87.546585,15:02:25.032,0.003297
15:02:25.033,7.735963,15:02:25.033,87.529701,15:02:25.033,0.002311
15:02:25.034,7.702195,15:02:25.034,87.31021,15:02:25.034,0.002311
15:02:25.035,7.634659,15:02:25.035,87.327094,15:02:25.035,0.004612
15:02:25.036,7.499587,15:02:25.036,87.428398,15:02:25.036,0.003297
15:02:25.037,7.533355,15:02:25.037,87.445282,15:02:25.037,0.003626
15:02:25.038,7.550239,15:02:25.038,87.259558,15:02:25.038,0.001982
15:02:25.039,7.533355,15:02:25.039,87.343978,15:02:25.039,0.001653
15:02:25.040,7.465819,15:02:25.040,87.428398,15:02:25.040,0.003626
15:02:25.041,7.516471,15:02:25.041,87.360862,15:02:25.041,0.00264
15:02:25.042,7.465819,15:02:25.042,87.073834,15:02:25.042,0.003626
15:02:25.043,7.381399,15:02:25.043,87.073834,15:02:25.043,0.002311
15:02:25.044,7.347631,15:02:25.044,87.242674,15:02:25.044,0.003955
15:02:25.045,7.296979,15:02:25.045,87.175138,15:02:25.045,0.002969
15:02:25.046,7.313863,15:02:25.046,87.023182,15:02:25.046,0.001982
15:02:25.047,7.229443,15:02:25.047,86.938762,15:02:25.047,0.001982
15:02:25.048,7.263211,15:02:25.048,86.97253,15:02:25.048,0.001982
15:02:25.049,7.178791,15:02:25.049,86.938762,15:02:25.049,0.00264
15:02:25.050,7.246327,15:02:25.050,86.786806,15:02:25.050,0.003955
15:02:25.051,7.178791,15:02:25.051,86.769922,15:02:25.051,0.002969
15:02:25.052,7.145023,15:02:25.052,86.786806,15:02:25.052,0.003297
15:02:25.053,7.178791,15:02:25.053,86.786806,15:02:25.053,0.001653
15:02:25.054,7.178791,15:02:25.054,86.63485,15:02:25.054,0.003626
15:02:25.055,7.263211,15:02:25.055,86.449127,15:02:25.055,0.00264
15:02:25.056,7.178791,15:02:25.056,86.601082,15:02:25.056,0.002969
15:02:25.057,7.229443,15:02:25.057,86.71927,15:02:25.057,0.004612
15:02:25.058,7.280095,15:02:25.058,86.364707,15:02:25.058,0.001653
15:02:25.059,7.330747,15:02:25.059,86.314055,15:02:25.059,0.003955
15:02:25.060,7.347631,15:02:25.060,86.398475,15:02:25.060,0.000996
15:02:25.061,7.296979,15:02:25.061,86.499778,15:02:25.061,0.003626
15:02:25.062,7.381399,15:02:25.062,86.246519,15:02:25.062,0.002969
15:02:25.063,7.398283,15:02:25.063,86.195867,15:02:25.063,0.001982
15:02:25.064,7.330747,15:02:25.064,86.314055,15:02:25.064,0.00264
15:02:25.065,7.364515,15:02:25.065,86.364707,15:02:25.065,0.001653
15:02:25.066,7.313863,15:02:25.066,86.043911,15:02:25.066,0.00264
15:02:25.067,7.280095,15:02:25.067,85.976375,15:02:25.067,0.002969
15:02:25.068,7.263211,15:02:25.068,85.925723,15:02:25.068,0.002969
15:02:25.069,7.145023,15:02:25.069,86.043911,15:02:25.069,0.001982
15:02:25.070,7.229443,15:02:25.070,85.655579,15:02:25.070,0.001653
15:02:25.071,7.043719,15:02:25.071,85.689347,15:02:25.071,0.003297
15:02:25.072,7.009951,15:02:25.072,85.807535,15:02:25.072,0.002311
15:02:25.073,7.009951,15:02:25.073,85.824419,15:02:25.073,0.003626
15:02:25.074,6.908647,15:02:25.074,85.621811,15:02:25.074,0.003955
15:02:25.075,6.908647,15:02:25.075,85.554275,15:02:25.075,0.00527
15:02:25.076,6.874879,15:02:25.076,85.638695,15:02:25.076,0.002311
15:02:25.077,6.824227,15:02:25.077,85.790651,15:02:25.077,0.001982
15:02:25.078,6.824227,15:02:25.078,85.571159,15:02:25.078,0.001325
15:02:25.079,6.807343,15:02:25.079,85.588043,15:02:25.079,0.00264
15:02:25.080,6.807343,15:02:25.080,85.621811,15:02:25.080,0.001982
15:02:25.081,6.824227,15:02:25.081,85.790651,15:02:25.081,0.004284
15:02:25.082,6.841111,15:02:25.082,85.520507,15:02:25.082,0.00264
15:02:25.083,6.925531,15:02:25.083,85.503623,15:02:25.083,0.003297
15:02:25.084,6.891763,15:02:25.084,85.537391,15:02:25.084,0.000667
15:02:25.085,6.925531,15:02:25.085,85.638695,15:02:25.085,0.002969
15:02:25.086,6.993067,15:02:25.086,85.368552,15:02:25.086,0.001982
15:02:25.087,6.942415,15:02:25.087,85.301016,15:02:25.087,0.002969
15:02:25.088,7.009951,15:02:25.088,85.385436,15:02:25.088,0.002311
15:02:25.089,7.009951,15:02:25.089,85.419203,15:02:25.089,0.003297
15:02:25.090,7.094371,15:02:25.090,84.997104,15:02:25.090,0.00264
15:02:25.091,7.094371,15:02:25.091,84.878916,15:02:25.091,0.002969
15:02:25.092,7.094371,15:02:25.092,85.013988,15:02:25.092,0.000667
15:02:25.093,7.128139,15:02:25.093,85.165944,15:02:25.093,0.001982
15:02:25.094,7.145023,15:02:25.094,84.828264,15:02:25.094,0.00264
15:02:25.095,7.094371,15:02:25.095,84.676308,15:02:25.095,0.003626
15:02:25.096,7.111255,15:02:25.096,84.8958,15:02:25.096,0.003955
15:02:25.097,7.077487,15:02:25.097,85.165944,15:02:25.097,0.003297
15:02:25.098,7.161907,15:02:25.098,84.72696,15:02:25.098,0.002311
15:02:25.099,7.229443,15:02:25.099,84.693192,15:02:25.099,0.002969
15:02:25.100,7.060603,15:02:25.100,84.878916,15:02:25.100,0.002969
15:02:25.101,7.026835,15:02:25.101,85.047756,15:02:25.101,0.003297
15:02:25.102,7.060603,15:02:25.102,84.659424,15:02:25.102,0.003955
15:02:25.103,7.043719,15:02:25.103,84.72696,15:02:25.103,0.002969
15:02:25.104,6.976183,15:02:25.104,84.828264,15:02:25.104,0.003626
15:02:25.105,6.908647,15:02:25.105,84.98022,15:02:25.105,0.002311
15:02:25.106,6.841111,15:02:25.106,84.541236,15:02:25.106,0.004941
15:02:25.107,6.756691,15:02:25.107,84.507468,15:02:25.107,0.002969
15:02:25.108,6.706039,15:02:25.108,84.55812,15:02:25.108,0.003297
15:02:25.109,6.655387,15:02:25.109,84.828264,15:02:25.109,0.001653
15:02:25.110,6.689155,15:02:25.110,84.456816,15:02:25.110,0.002969
15:02:25.111,6.604735,15:02:25.111,84.4737,15:02:25.111,0.00264
15:02:25.112,6.5372,15:02:25.112,84.4737,15:02:25.112,0.003955
15:02:25.113,6.503432,15:02:25.113,84.777612,15:02:25.113,0.002311
15:02:25.114,6.520316,15:02:25.114,84.743844,15:02:25.114,0.001653
15:02:25.115,6.5372,15:02:25.115,84.710076,15:02:25.115,0.001325
15:02:25.116,6.604735,15:02:25.116,84.693192,15:02:25.116,0.002969
15:02:25.117,6.604735,15:02:25.117,84.828264,15:02:25.117,0.002311
15:02:25.118,6.570967,15:02:25.118,84.693192,15:02:25.118,0.002311
15:02:25.119,6.689155,15:02:25.119,84.676308,15:02:25.119,0.003955
15:02:25.120,6.706039,15:02:25.120,84.72696,15:02:25.120,0.00264
15:02:25.121,6.824227,15:02:25.121,84.963336,15:02:25.121,0.003297
15:02:25.122,6.790459,15:02:25.122,84.81138,15:02:25.122,0.002311
15:02:25.123,6.807343,15:02:25.123,84.676308,15:02:25.123,0.002969
15:02:25.124,6.874879,15:02:25.124,84.64254,15:02:25.124,0.002311
15:02:25.125,6.807343,15:02:25.125,84.845148,15:02:25.125,0.003297
15:02:25.126,6.841111,15:02:25.126,84.693192,15:02:25.126,0.002311
15:02:25.127,6.857995,15:02:25.127,84.55812,15:02:25.127,0.002969
15:02:25.128,6.824227,15:02:25.128,84.4737,15:02:25.128,0.00264
15:02:25.129,6.773575,15:02:25.129,84.710076,15:02:25.129,0.001982
15:02:25.130,6.824227,15:02:25.130,84.55812,15:02:25.130,0.00264
15:02:25.131,6.773575,15:02:25.131,84.423048,15:02:25.131,0.00264
15:02:25.132,6.756691,15:02:25.132,84.38928,15:02:25.132,0.001982
15:02:25.133,6.655387,15:02:25.133,84.541236,15:02:25.133,0.003955
15:02:25.134,6.638503,15:02:25.134,84.372396,15:02:25.134,0.001982
15:02:25.135,6.604735,15:02:25.135,84.287977,15:02:25.135,0.002969
15:02:25.136,6.5372,15:02:25.136,84.271093,15:02:25.136,0.002969
15:02:25.137,6.469664,15:02:25.137,84.456816,15:02:25.137,0.003626
15:02:25.138,6.469664,15:02:25.138,84.271093,15:02:25.138,0.00264
15:02:25.139,6.503432,15:02:25.139,84.254209,15:02:25.139,0.002311
15:02:25.140,6.45278,15:02:25.140,84.287977,15:02:25.140,0.001325
15:02:25.141,6.469664,15:02:25.141,84.406164,15:02:25.141,0.001982
15:02:25.142,6.419012,15:02:25.142,84.271093,15:02:25.142,0.003955
15:02:25.143,6.419012,15:02:25.143,84.119137,15:02:25.143,0.004941
15:02:25.144,6.419012,15:02:25.144,84.102253,15:02:25.144,0.001653
15:02:25.145,6.351476,15:02:25.145,84.355512,15:02:25.145,0.003955
15:02:25.146,6.36836,15:02:25.146,84.203557,15:02:25.146,0.001325
15:02:25.147,6.36836,15:02:25.147,84.068485,15:02:25.147,0.003297
15:02:25.148,6.351476,15:02:25.148,84.017833,15:02:25.148,0.003297
15:02:25.149,6.351476,15:02:25.149,84.237325,15:02:25.149,0.001982
15:02:25.150,6.317708,15:02:25.150,84.237325,15:02:25.150,0.003297
15:02:25.151,6.28394,15:02:25.151,84.034717,15:02:25.151,0.001982
15:02:25.152,6.300824,15:02:25.152,83.967181,15:02:25.152,0.004284
15:02:25.153,6.334592,15:02:25.153,84.220441,15:02:25.153,0.002311
15:02:25.154,6.36836,15:02:25.154,84.102253,15:02:25.154,0.006914
15:02:25.155,6.36836,15:02:25.155,83.882761,15:02:25.155,0.002311
15:02:25.156,6.351476,15:02:25.156,83.899645,15:02:25.156,0.002311
15:02:25.157,6.351476,15:02:25.157,84.034717,15:02:25.157,0.001982
15:02:25.158,6.334592,15:02:25.158,84.051601,15:02:25.158,0.001653
15:02:25.159,6.419012,15:02:25.159,83.916529,15:02:25.159,0.00264
15:02:25.160,6.45278,15:02:25.160,83.832109,15:02:25.160,0.003297
15:02:25.161,6.402128,15:02:25.161,84.152905,15:02:25.161,0.002969
15:02:25.162,6.402128,15:02:25.162,84.017833,15:02:25.162,0.002969
15:02:25.163,6.385244,15:02:25.163,83.815225,15:02:25.163,0.001653
15:02:25.164,6.402128,15:02:25.164,83.747689,15:02:25.164,0.003297
15:02:25.165,6.351476,15:02:25.165,83.984065,15:02:25.165,0.002311
15:02:25.166,6.334592,15:02:25.166,83.832109,15:02:25.166,0.003297
15:02:25.167,6.317708,15:02:25.167,83.595733,15:02:25.167,0.001653
15:02:25.168,6.267056,15:02:25.168,83.595733,15:02:25.168,0.005599
15:02:25.169,6.216404,15:02:25.169,83.713921,15:02:25.169,0.00264
15:02:25.170,6.19952,15:02:25.170,83.815225,15:02:25.170,0.002311
15:02:25.171,6.216404,15:02:25.171,83.511313,15:02:25.171,0.001982
15:02:25.172,6.233288,15:02:25.172,83.359357,15:02:25.172,0.001982
15:02:25.173,6.165752,15:02:25.173,83.646385,15:02:25.173,0.00264
15:02:25.174,6.148868,15:02:25.174,83.578849,15:02:25.174,0.003955
15:02:25.175,6.165752,15:02:25.175,83.342473,15:02:25.175,0.003626
15:02:25.176,6.131984,15:02:25.176,83.410009,15:02:25.176,0.002969
15:02:25.177,6.216404,15:02:25.177,83.528197,15:02:25.177,0.000996
15:02:25.178,6.165752,15:02:25.178,83.595733,15:02:25.178,0.003297
15:02:25.179,6.19952,15:02:25.179,83.342473,15:02:25.179,0.002969
15:02:25.180,6.233288,15:02:25.180,83.342473,15:02:25.180,0.00264
15:02:25.181,6.19952,15:02:25.181,83.426893,15:02:25.181,0.004284
15:02:25.182,6.148868,15:02:25.182,83.494429,15:02:25.182,0.001325
15:02:25.183,6.216404,15:02:25.183,83.274938,15:02:25.183,0.002311
15:02:25.184,6.233288,15:02:25.184,83.308705,15:02:25.184,0.002311
15:02:25.185,6.148868,15:02:25.185,83.376241,15:02:25.185,0.003297
15:02:25.186,6.165752,15:02:25.186,83.308705,15:02:25.186,0.003626
15:02:25.187,6.131984,15:02:25.187,83.122982,15:02:25.187,0.003297
15:02:25.188,6.182636,15:02:25.188,82.937258,15:02:25.188,0.003626
15:02:25.189,6.19952,15:02:25.189,82.98791,15:02:25.189,0.00264
15:02:25.190,6.182636,15:02:25.190,83.07233,15:02:25.190,0.002969
15:02:25.191,6.165752,15:02:25.191,82.802186,15:02:25.191,0.002311
15:02:25.192,6.148868,15:02:25.192,82.785302,15:02:25.192,0.002311
15:02:25.193,6.148868,15:02:25.193,82.886606,15:02:25.193,0.002311
15:02:25.194,6.165752,15:02:25.194,82.937258,15:02:25.194,0.001325
15:02:25.195,6.148868,15:02:25.195,82.73465,15:02:25.195,0.003626
15:02:25.196,6.131984,15:02:25.196,82.73465,15:02:25.196,0.003297
15:02:25.197,5.996912,15:02:25.197,82.937258,15:02:25.197,0.003297
15:02:25.198,6.013796,15:02:25.198,82.90349,15:02:25.198,0.002311
15:02:25.199,6.098216,15:02:25.199,82.633346,15:02:25.199,0.003955
15:02:25.200,6.047564,15:02:25.200,82.73465,15:02:25.200,0.002311
15:02:25.201,6.081332,15:02:25.201,82.869722,15:02:25.201,0.002311
15:02:25.202,5.996912,15:02:25.202,82.852838,15:02:25.202,0.001325
15:02:25.203,6.013796,15:02:25.203,82.616462,15:02:25.203,0.003297
15:02:25.204,6.03068,15:02:25.204,82.548926,15:02:25.204,0.002969
15:02:25.205,5.996912,15:02:25.205,82.633346,15:02:25.205,0.004941
15:02:25.206,5.912492,15:02:25.206,82.582694,15:02:25.206,0.003297
15:02:25.207,5.929376,15:02:25.207,82.498274,15:02:25.207,0.003626
15:02:25.208,5.912492,15:02:25.208,82.31255,15:02:25.208,0.001653
15:02:25.209,5.86184,15:02:25.209,82.329434,15:02:25.209,0.00264
15:02:25.210,5.794304,15:02:25.210,82.48139,15:02:25.210,0.003297
15:02:25.211,5.86184,15:02:25.211,82.329434,15:02:25.211,0.00264
15:02:25.212,5.811188,15:02:25.212,82.211246,15:02:25.212,0.002969
15:02:25.213,5.77742,15:02:25.213,82.39697,15:02:25.213,0.001653
15:02:25.214,5.794304,15:02:25.214,82.413854,15:02:25.214,0.003297
15:02:25.215,5.811188,15:02:25.215,82.194362,15:02:25.215,0.003297
15:02:25.216,5.726768,15:02:25.216,82.295666,15:02:25.216,0.003626
15:02:25.217,5.760536,15:02:25.217,82.177479,15:02:25.217,0.002969
15:02:25.218,5.726768,15:02:25.218,82.363202,15:02:25.218,0.003297
15:02:25.219,5.794304,15:02:25.219,82.109943,15:02:25.219,0.003626
15:02:25.220,5.794304,15:02:25.220,82.025523,15:02:25.220,0.002969
15:02:25.221,5.828072,15:02:25.221,82.059291,15:02:25.221,0.003297
15:02:25.222,5.828072,15:02:25.222,82.160595,15:02:25.222,0.002311
15:02:25.223,5.895608,15:02:25.223,82.042407,15:02:25.223,0.00264
15:02:25.224,5.811188,15:02:25.224,81.924219,15:02:25.224,0.002311
15:02:25.225,5.77742,15:02:25.225,81.974871,15:02:25.225,0.002311
15:02:25.226,5.726768,15:02:25.226,82.008639,15:02:25.226,0.002969
15:02:25.227,5.794304,15:02:25.227,81.839799,15:02:25.227,0.002969
15:02:25.228,5.811188,15:02:25.228,81.789147,15:02:25.228,0.003297
15:02:25.229,5.77742,15:02:25.229,81.755379,15:02:25.229,0.002311
15:02:25.230,5.659232,15:02:25.230,81.856683,15:02:25.230,0.004612
15:02:25.231,5.726768,15:02:25.231,81.822915,15:02:25.231,0.003297
15:02:25.232,5.726768,15:02:25.232,81.924219,15:02:25.232,0.002311
15:02:25.233,5.811188,15:02:25.233,81.873567,15:02:25.233,0.002311
15:02:25.234,5.709884,15:02:25.234,82.025523,15:02:25.234,0.002311
15:02:25.235,5.726768,15:02:25.235,81.704727,15:02:25.235,0.00264
15:02:25.236,5.642348,15:02:25.236,81.873567,15:02:25.236,0.003626
15:02:25.237,5.693,15:02:25.237,81.772263,15:02:25.237,0.00264
15:02:25.238,5.693,15:02:25.238,81.856683,15:02:25.238,0.003297
15:02:25.239,5.676116,15:02:25.239,81.704727,15:02:25.239,0.00264
15:02:25.240,5.726768,15:02:25.240,81.637191,15:02:25.240,0.002969
15:02:25.241,5.743652,15:02:25.241,81.704727,15:02:25.241,0.002969
15:02:25.242,5.726768,15:02:25.242,81.789147,15:02:25.242,0.003297
15:02:25.243,5.726768,15:02:25.243,81.670959,15:02:25.243,0.003297
15:02:25.244,5.676116,15:02:25.244,81.519003,15:02:25.244,0.002311
15:02:25.245,5.625464,15:02:25.245,81.451467,15:02:25.245,0.002969
15:02:25.246,5.625464,15:02:25.246,81.620307,15:02:25.246,0.001982
15:02:25.247,5.60858,15:02:25.247,81.502119,15:02:25.247,0.003626
15:02:25.248,5.625464,15:02:25.248,81.434583,15:02:25.248,0.002969
15:02:25.249,5.591696,15:02:25.249,81.451467,15:02:25.249,0.003626
15:02:25.250,5.541044,15:02:25.250,81.670959,15:02:25.250,0.002969
15:02:25.251,5.591696,15:02:25.251,81.586539,15:02:25.251,0.00264
15:02:25.252,5.490392,15:02:25.252,81.333279,15:02:25.252,0.003297
15:02:25.253,5.541044,15:02:25.253,81.316395,15:02:25.253,0.002311
15:02:25.254,5.541044,15:02:25.254,81.586539,15:02:25.254,0.00264
15:02:25.255,5.52416,15:02:25.255,81.350163,15:02:25.255,0.002311
15:02:25.256,5.557928,15:02:25.256,81.282627,15:02:25.256,0.001325
15:02:25.257,5.507276,15:02:25.257,81.231975,15:02:25.257,0.003626
15:02:25.258,5.557928,15:02:25.258,81.299511,15:02:25.258,0.001653
15:02:25.259,5.541044,15:02:25.259,81.231975,15:02:25.259,0.002969
15:02:25.260,5.52416,15:02:25.260,81.096903,15:02:25.260,0.001982
15:02:25.261,5.574812,15:02:25.261,81.012484,15:02:25.261,0.00527
15:02:25.262,5.591696,15:02:25.262,81.248859,15:02:25.262,0.003297
15:02:25.263,5.52416,15:02:25.263,81.130671,15:02:25.263,0.003297
15:02:25.264,5.52416,15:02:25.264,81.063136,15:02:25.264,0.003297
15:02:25.265,5.456624,15:02:25.265,81.029368,15:02:25.265,0.003297
15:02:25.266,5.473508,15:02:25.266,81.198207,15:02:25.266,0.003955
15:02:25.267,5.405972,15:02:25.267,81.063136,15:02:25.267,0.002969
15:02:25.268,5.422856,15:02:25.268,81.113787,15:02:25.268,0.00264
15:02:25.269,5.43974,15:02:25.269,80.894296,15:02:25.269,0.002311
15:02:25.270,5.389088,15:02:25.270,81.096903,15:02:25.270,0.001325
15:02:25.271,5.35532,15:02:25.271,81.046252,15:02:25.271,0.002969
15:02:25.272,5.338436,15:02:25.272,80.877412,15:02:25.272,0.002311
15:02:25.273,5.338436,15:02:25.273,80.725456,15:02:25.273,0.003626
15:02:25.274,5.2709,15:02:25.274,80.978716,15:02:25.274,0.002311
15:02:25.275,5.321552,15:02:25.275,80.944948,15:02:25.275,0.00264
15:02:25.276,5.254016,15:02:25.276,80.860528,15:02:25.276,0.00264
15:02:25.277,5.287784,15:02:25.277,80.691688,15:02:25.277,0.001982
15:02:25.278,5.254016,15:02:25.278,80.91118,15:02:25.278,0.002311
15:02:25.279,5.287784,15:02:25.279,80.894296,15:02:25.279,0.00264
15:02:25.280,5.2709,15:02:25.280,80.708572,15:02:25.280,0.002969
15:02:25.281,5.287784,15:02:25.281,80.590384,15:02:25.281,0.004284
15:02:25.282,5.304668,15:02:25.282,80.877412,15:02:25.282,0.003297
15:02:25.283,5.389088,15:02:25.283,80.776108,15:02:25.283,0.003297
15:02:25.284,5.321552,15:02:25.284,80.624152,15:02:25.284,0.001325
15:02:25.285,5.338436,15:02:25.285,80.590384,15:02:25.285,0.002311
15:02:25.286,5.304668,15:02:25.286,80.65792,15:02:25.286,0.003297
15:02:25.287,5.2709,15:02:25.287,80.725456,15:02:25.287,0.001982
15:02:25.288,5.304668,15:02:25.288,80.539732,15:02:25.288,0.002969
15:02:25.289,5.321552,15:02:25.289,80.387776,15:02:25.289,0.003297
15:02:25.290,5.2709,15:02:25.290,80.539732,15:02:25.290,0.00264
15:02:25.291,5.254016,15:02:25.291,80.522848,15:02:25.291,0.002311
15:02:25.292,5.169596,15:02:25.292,80.438428,15:02:25.292,0.001982
15:02:25.293,5.2709,15:02:25.293,80.40466,15:02:25.293,0.002969
15:02:25.294,5.254016,15:02:25.294,80.539732,15:02:25.294,0.004284
15:02:25.295,5.237132,15:02:25.295,80.556616,15:02:25.295,0.001653
15:02:25.296,5.220248,15:02:25.296,80.32024,15:02:25.296,0.00264
15:02:25.297,5.203364,15:02:25.297,80.354008,15:02:25.297,0.002969
15:02:25.298,5.220248,15:02:25.298,80.522848,15:02:25.298,0.002969
15:02:25.299,5.254016,15:02:25.299,80.387776,15:02:25.299,0.002969
15:02:25.300,5.2709,15:02:25.300,80.218936,15:02:25.300,0.00264
15:02:25.301,5.237132,15:02:25.301,80.134516,15:02:25.301,0.002311
15:02:25.302,5.220248,15:02:25.302,80.269588,15:02:25.302,0.001325
15:02:25.303,5.203364,15:02:25.303,80.387776,15:02:25.303,0.003297
15:02:25.304,5.18648,15:02:25.304,80.202052,15:02:25.304,0.002311
15:02:25.305,5.169596,15:02:25.305,80.218936,15:02:25.305,0.001653
15:02:25.306,5.152712,15:02:25.306,80.185168,15:02:25.306,0.002311
15:02:25.307,5.068292,15:02:25.307,80.286472,15:02:25.307,0.001653
15:02:25.308,5.085176,15:02:25.308,79.999444,15:02:25.308,0.00264
15:02:25.309,5.085176,15:02:25.309,80.06698,15:02:25.309,0.003955
15:02:25.310,4.966988,15:02:25.310,80.134516,15:02:25.310,0.001653
15:02:25.311,5.10206,15:02:25.311,80.168284,15:02:25.311,0.002311
15:02:25.312,4.983872,15:02:25.312,79.999444,15:02:25.312,0.001982
15:02:25.313,5.085176,15:02:25.313,79.915025,15:02:25.313,0.001982
15:02:25.314,5.034524,15:02:25.314,79.999444,15:02:25.314,0.001982
15:02:25.315,4.966988,15:02:25.315,80.185168,15:02:25.315,0.001982
15:02:25.316,4.93322,15:02:25.316,80.134516,15:02:25.316,0.002311
15:02:25.317,5.01764,15:02:25.317,79.847489,15:02:25.317,0.002969
15:02:25.318,5.01764,15:02:25.318,79.898141,15:02:25.318,0.001653
15:02:25.319,5.034524,15:02:25.319,79.999444,15:02:25.319,0.00264
15:02:25.320,5.01764,15:02:25.320,79.830605,15:02:25.320,0.004284
15:02:25.321,5.000756,15:02:25.321,79.796837,15:02:25.321,0.002311
15:02:25.322,5.085176,15:02:25.322,79.898141,15:02:25.322,0.002969
15:02:25.323,5.085176,15:02:25.323,79.898141,15:02:25.323,0.002969
15:02:25.324,5.10206,15:02:25.324,79.712417,15:02:25.324,0.001653
15:02:25.325,5.10206,15:02:25.325,79.712417,15:02:25.325,0.004941
15:02:25.326,5.135828,15:02:25.326,79.729301,15:02:25.326,0.003297
15:02:25.327,5.000756,15:02:25.327,79.763069,15:02:25.327,0.00264
15:02:25.328,4.983872,15:02:25.328,79.476041,15:02:25.328,0.001653
15:02:25.329,5.01764,15:02:25.329,79.560461,15:02:25.329,0.003297
15:02:25.330,4.983872,15:02:25.330,79.476041,15:02:25.330,0.00264
15:02:25.331,5.000756,15:02:25.331,79.627997,15:02:25.331,0.00264
15:02:25.332,4.882568,15:02:25.332,79.509809,15:02:25.332,0.00264
15:02:25.333,4.966988,15:02:25.333,79.340969,15:02:25.333,0.001653
15:02:25.334,4.916336,15:02:25.334,79.459157,15:02:25.334,0.002311
15:02:25.335,4.966988,15:02:25.335,79.560461,15:02:25.335,0.001325
15:02:25.336,4.882568,15:02:25.336,79.408505,15:02:25.336,0.002311
15:02:25.337,4.882568,15:02:25.337,79.357853,15:02:25.337,0.003297
15:02:25.338,4.916336,15:02:25.338,79.408505,15:02:25.338,0.002969
15:02:25.339,4.882568,15:02:25.339,79.611113,15:02:25.339,0.003626
15:02:25.340,4.865684,15:02:25.340,79.391621,15:02:25.340,0.002311
15:02:25.341,4.93322,15:02:25.341,79.273433,15:02:25.341,0.002311
15:02:25.342,4.865684,15:02:25.342,79.290317,15:02:25.342,0.002969
15:02:25.343,4.865684,15:02:25.343,79.391621,15:02:25.343,0.002969
15:02:25.344,4.916336,15:02:25.344,79.138361,15:02:25.344,0.002311
15:02:25.345,4.8488,15:02:25.345,79.053941,15:02:25.345,0.003955
15:02:25.346,4.815032,15:02:25.346,79.037057,15:02:25.346,0.002311
15:02:25.347,4.781264,15:02:25.347,79.273433,15:02:25.347,0.004941
15:02:25.348,4.798148,15:02:25.348,79.087709,15:02:25.348,0.002311
15:02:25.349,4.781264,15:02:25.349,79.020173,15:02:25.349,0.001653
15:02:25.350,4.747496,15:02:25.350,78.986405,15:02:25.350,0.003297
15:02:25.351,4.730612,15:02:25.351,79.172129,15:02:25.351,0.002311
15:02:25.352,4.730612,15:02:25.352,78.986405,15:02:25.352,0.001982
15:02:25.353,4.798148,15:02:25.353,78.901985,15:02:25.353,0.003955
15:02:25.354,4.713728,15:02:25.354,78.935753,15:02:25.354,0.001325
15:02:25.355,4.730612,15:02:25.355,79.070825,15:02:25.355,0.003297
15:02:25.356,4.713728,15:02:25.356,78.901985,15:02:25.356,0.001982
15:02:25.357,4.76438,15:02:25.357,78.868217,15:02:25.357,0.002969
15:02:25.358,4.730612,15:02:25.358,78.834449,15:02:25.358,0.001982
15:02:25.359,4.713728,15:02:25.359,79.003289,15:02:25.359,0.001982
15:02:25.360,4.730612,15:02:25.360,78.952637,15:02:25.360,0.002311
15:02:25.361,4.76438,15:02:25.361,78.75003,15:02:25.361,0.002969
15:02:25.362,4.831916,15:02:25.362,78.766914,15:02:25.362,0.002969
15:02:25.363,4.747496,15:02:25.363,78.901985,15:02:25.363,0.00264
15:02:25.364,4.76438,15:02:25.364,78.800682,15:02:25.364,0.003297
15:02:25.365,4.815032,15:02:25.365,78.614958,15:02:25.365,0.001653
15:02:25.366,4.747496,15:02:25.366,78.598074,15:02:25.366,0.002969
15:02:25.367,4.67996,15:02:25.367,78.783798,15:02:25.367,0.001982
15:02:25.368,4.696844,15:02:25.368,78.66561,15:02:25.368,0.001982
15:02:25.369,4.696844,15:02:25.369,78.614958,15:02:25.369,0.002311
15:02:25.370,4.663076,15:02:25.370,78.513654,15:02:25.370,0.003297
15:02:25.371,4.578656,15:02:25.371,78.682494,15:02:25.371,0.002311
15:02:25.372,4.629308,15:02:25.372,78.598074,15:02:25.372,0.00264
15:02:25.373,4.629308,15:02:25.373,78.463002,15:02:25.373,0.001982
15:02:25.374,4.59554,15:02:25.374,78.530538,15:02:25.374,0.00264
15:02:25.375,4.494236,15:02:25.375,78.598074,15:02:25.375,0.00264
15:02:25.376,4.528004,15:02:25.376,78.463002,15:02:25.376,0.00264
15:02:25.377,4.528004,15:02:25.377,78.361698,15:02:25.377,0.00264
15:02:25.378,4.561772,15:02:25.378,78.32793,15:02:25.378,0.002311
15:02:25.379,4.629308,15:02:25.379,78.49677,15:02:25.379,0.003297
15:02:25.380,4.544888,15:02:25.380,78.446118,15:02:25.380,0.001982
15:02:25.381,4.528004,15:02:25.381,78.429234,15:02:25.381,0.002969
15:02:25.382,4.544888,15:02:25.382,78.277278,15:02:25.382,0.004941
15:02:25.383,4.51112,15:02:25.383,78.49677,15:02:25.383,0.002969
15:02:25.384,4.544888,15:02:25.384,78.395466,15:02:25.384,0.002311
15:02:25.385,4.578656,15:02:25.385,78.277278,15:02:25.385,0.001982
15:02:25.386,4.528004,15:02:25.386,78.209742,15:02:25.386,0.001982
15:02:25.387,4.460468,15:02:25.387,78.344814,15:02:25.387,0.004612
15:02:25.388,4.477352,15:02:25.388,78.361698,15:02:25.388,0.002311
15:02:25.389,4.51112,15:02:25.389,78.125322,15:02:25.389,0.002969
15:02:25.390,4.494236,15:02:25.390,78.142206,15:02:25.390,0.00264
15:02:25.391,4.477352,15:02:25.391,78.311046,15:02:25.391,0.001982
15:02:25.392,4.443584,15:02:25.392,78.226626,15:02:25.392,0.001982
15:02:25.393,4.477352,15:02:25.393,78.007134,15:02:25.393,0.003626
15:02:25.394,4.460468,15:02:25.394,78.057786,15:02:25.394,0.003626
15:02:25.395,4.443584,15:02:25.395,78.108438,15:02:25.395,0.002311
15:02:25.396,4.494236,15:02:25.396,78.15909,15:02:25.396,0.002311
15:02:25.397,4.51112,15:02:25.397,77.99025,15:02:25.397,0.001982
15:02:25.398,4.528004,15:02:25.398,77.99025,15:02:25.398,0.003297
15:02:25.399,4.528004,15:02:25.399,78.007134,15:02:25.399,0.002969
15:02:25.400,4.51112,15:02:25.400,78.024018,15:02:25.400,0.003626
15:02:25.401,4.477352,15:02:25.401,77.855178,15:02:25.401,0.003297
15:02:25.402,4.561772,15:02:25.402,77.82141,15:02:25.402,0.004612
15:02:25.403,4.51112,15:02:25.403,78.057786,15:02:25.403,0.004284
15:02:25.404,4.494236,15:02:25.404,78.007134,15:02:25.404,0.001982
15:02:25.405,4.528004,15:02:25.405,77.855178,15:02:25.405,0.00264
15:02:25.406,4.494236,15:02:25.406,77.720106,15:02:25.406,0.002311
15:02:25.407,4.460468,15:02:25.407,77.838294,15:02:25.407,0.004941
15:02:25.408,4.443584,15:02:25.408,77.838294,15:02:25.408,0.001982
15:02:25.409,4.443584,15:02:25.409,77.703222,15:02:25.409,0.00264
15:02:25.410,4.409816,15:02:25.410,77.568151,15:02:25.410,0.001982
15:02:25.411,4.359164,15:02:25.411,77.787642,15:02:25.411,0.004941
15:02:25.412,4.34228,15:02:25.412,77.73699,15:02:25.412,0.00264
15:02:25.413,4.359164,15:02:25.413,77.551267,15:02:25.413,0.003297
15:02:25.414,4.359164,15:02:25.414,77.551267,15:02:25.414,0.00264
15:02:25.415,4.325396,15:02:25.415,77.703222,15:02:25.415,0.003297
15:02:25.416,4.25786,15:02:25.416,77.686338,15:02:25.416,0.002969
15:02:25.417,4.240976,15:02:25.417,77.568151,15:02:25.417,0.002311
15:02:25.418,4.308512,15:02:25.418,77.433079,15:02:25.418,0.002311
15:02:25.419,4.291628,15:02:25.419,77.568151,15:02:25.419,0.002969
15:02:25.420,4.25786,15:02:25.420,77.585035,15:02:25.420,0.00264
15:02:25.421,4.325396,15:02:25.421,77.382427,15:02:25.421,0.003626
15:02:25.422,4.274744,15:02:25.422,77.433079,15:02:25.422,0.002311
15:02:25.423,4.291628,15:02:25.423,77.500615,15:02:25.423,0.003297
15:02:25.424,4.291628,15:02:25.424,77.517499,15:02:25.424,0.003297
15:02:25.425,4.325396,15:02:25.425,77.382427,15:02:25.425,0.000009
15:02:25.426,4.274744,15:02:25.426,77.365543,15:02:25.426,0.002311
15:02:25.427,4.224092,15:02:25.427,77.314891,15:02:25.427,0.002969
15:02:25.428,4.274744,15:02:25.428,77.382427,15:02:25.428,0.003626
15:02:25.429,4.240976,15:02:25.429,77.247355,15:02:25.429,0.002969
15:02:25.430,4.25786,15:02:25.430,77.129167,15:02:25.430,0.001982
15:02:25.431,4.240976,15:02:25.431,77.247355,15:02:25.431,0.003955
15:02:25.432,4.224092,15:02:25.432,77.365543,15:02:25.432,0.001653
15:02:25.433,4.190324,15:02:25.433,77.095399,15:02:25.433,0.003297
15:02:25.434,4.139672,15:02:25.434,77.129167,15:02:25.434,0.003626
15:02:25.435,4.156556,15:02:25.435,77.213587,15:02:25.435,0.001982
15:02:25.436,4.156556,15:02:25.436,77.281123,15:02:25.436,0.001653
15:02:25.437,4.17344,15:02:25.437,77.027863,15:02:25.437,0.001982
15:02:25.438,4.139672,15:02:25.438,77.027863,15:02:25.438,0.001982
15:02:25.439,4.156556,15:02:25.439,77.112283,15:02:25.439,0.002969
15:02:25.440,4.17344,15:02:25.440,77.247355,15:02:25.440,0.003297
15:02:25.441,4.17344,15:02:25.441,76.977211,15:02:25.441,0.00264
15:02:25.442,4.274744,15:02:25.442,76.943443,15:02:25.442,0.00264
15:02:25.443,4.17344,15:02:25.443,76.994095,15:02:25.443,0.001325
15:02:25.444,4.105904,15:02:25.444,77.044747,15:02:25.444,0.003297
15:02:25.445,4.17344,15:02:25.445,76.825255,15:02:25.445,0.003297
15:02:25.446,4.156556,15:02:25.446,76.859023,15:02:25.446,0.00264
15:02:25.447,4.122788,15:02:25.447,76.926559,15:02:25.447,0.003626
15:02:25.448,4.17344,15:02:25.448,76.977211,15:02:25.448,0.002311
15:02:25.449,4.122788,15:02:25.449,76.808371,15:02:25.449,0.001982
15:02:25.450,4.021484,15:02:25.450,76.757719,15:02:25.450,0.002969
15:02:25.451,4.038368,15:02:25.451,76.791487,15:02:25.451,0.001325
15:02:25.452,4.0046,15:02:25.452,76.994095,15:02:25.452,0.003626
15:02:25.453,4.105904,15:02:25.453,76.757719,15:02:25.453,0.00264
15:02:25.454,4.055252,15:02:25.454,76.723951,15:02:25.454,0.001653
15:02:25.455,3.92018,15:02:25.455,76.740835,15:02:25.455,0.001982
15:02:25.456,4.021484,15:02:25.456,76.740835,15:02:25.456,0.002969
15:02:25.457,4.038368,15:02:25.457,76.723951,15:02:25.457,0.00264
15:02:25.458,4.038368,15:02:25.458,76.757719,15:02:25.458,0.001653
15:02:25.459,4.055252,15:02:25.459,76.673299,15:02:25.459,0.002969
15:02:25.460,4.021484,15:02:25.460,76.740835,15:02:25.460,0.002969
15:02:25.461,4.139672,15:02:25.461,76.656415,15:02:25.461,0.001982
15:02:25.462,4.139672,15:02:25.462,76.470692,15:02:25.462,0.002969
15:02:25.463,4.105904,15:02:25.463,76.470692,15:02:25.463,0.002969
15:02:25.464,4.105904,15:02:25.464,76.656415,15:02:25.464,0.003297
15:02:25.465,4.038368,15:02:25.465,76.470692,15:02:25.465,0.003626
15:02:25.466,4.072136,15:02:25.466,76.436924,15:02:25.466,0.001325
15:02:25.467,3.987716,15:02:25.467,76.352504,15:02:25.467,0.001982
15:02:25.468,4.0046,15:02:25.468,76.707067,15:02:25.468,0.00264
15:02:25.469,3.987716,15:02:25.469,76.487575,15:02:25.469,0.00264
15:02:25.470,4.0046,15:02:25.470,76.352504,15:02:25.470,0.002311
15:02:25.471,4.021484,15:02:25.471,76.268084,15:02:25.471,0.001982
15:02:25.472,3.953948,15:02:25.472,76.33562,15:02:25.472,0.00264
15:02:25.473,3.970832,15:02:25.473,76.268084,15:02:25.473,0.001982
15:02:25.474,3.987716,15:02:25.474,76.2512,15:02:25.474,0.002969
15:02:25.475,3.92018,15:02:25.475,76.133012,15:02:25.475,0.003626
15:02:25.476,3.970832,15:02:25.476,76.352504,15:02:25.476,0.003297
15:02:25.477,3.937064,15:02:25.477,76.234316,15:02:25.477,0.00264
15:02:25.478,3.903296,15:02:25.478,76.099244,15:02:25.478,0.001982
15:02:25.479,3.937064,15:02:25.479,76.065476,15:02:25.479,0.003297
15:02:25.480,3.953948,15:02:25.480,76.318736,15:02:25.480,0.003626
15:02:25.481,4.0046,15:02:25.481,76.16678,15:02:25.481,0.003297
15:02:25.482,3.953948,15:02:25.482,76.065476,15:02:25.482,0.00264
15:02:25.483,3.937064,15:02:25.483,76.065476,15:02:25.483,0.00264
15:02:25.484,3.937064,15:02:25.484,76.16678,15:02:25.484,0.001982
15:02:25.485,3.886412,15:02:25.485,76.065476,15:02:25.485,0.003955
15:02:25.486,3.886412,15:02:25.486,75.947288,15:02:25.486,0.003297
15:02:25.487,3.903296,15:02:25.487,75.91352,15:02:25.487,0.00264
15:02:25.488,3.83576,15:02:25.488,76.099244,15:02:25.488,0.00264
15:02:25.489,3.785108,15:02:25.489,75.845984,15:02:25.489,0.00264
15:02:25.490,3.785108,15:02:25.490,75.778448,15:02:25.490,0.001982
15:02:25.491,3.818876,15:02:25.491,75.795332,15:02:25.491,0.003297
15:02:25.492,3.734456,15:02:25.492,75.981056,15:02:25.492,0.001653
15:02:25.493,3.785108,15:02:25.493,75.896636,15:02:25.493,0.002969
15:02:25.494,3.785108,15:02:25.494,75.74468,15:02:25.494,0.002311
15:02:25.495,3.785108,15:02:25.495,75.8291,15:02:25.495,0.002311
15:02:25.496,3.801992,15:02:25.496,75.947288,15:02:25.496,0.001653
15:02:25.497,3.818876,15:02:25.497,75.896636,15:02:25.497,0.003626
15:02:25.498,3.75134,15:02:25.498,75.778448,15:02:25.498,0.003297
15:02:25.499,3.801992,15:02:25.499,75.778448,15:02:25.499,0.003955
15:02:25.500,3.75134,15:02:25.500,75.879752,15:02:25.500,0.002311
15:02:25.501,3.818876,15:02:25.501,75.862868,15:02:25.501,0.002311
15:02:25.502,3.83576,15:02:25.502,75.710912,15:02:25.502,0.002311
15:02:25.503,3.869528,15:02:25.503,75.74468,15:02:25.503,0.002311
15:02:25.504,3.83576,15:02:25.504,75.727796,15:02:25.504,0.00264
15:02:25.505,3.818876,15:02:25.505,75.710912,15:02:25.505,0.002311
15:02:25.506,3.734456,15:02:25.506,75.49142,15:02:25.506,0.001653
15:02:25.507,3.700688,15:02:25.507,75.440768,15:02:25.507,0.00264
15:02:25.508,3.717572,15:02:25.508,75.592724,15:02:25.508,0.003297
15:02:25.509,3.700688,15:02:25.509,75.57584,15:02:25.509,0.002969
15:02:25.510,3.768224,15:02:25.510,75.440768,15:02:25.510,0.002969
15:02:25.511,3.768224,15:02:25.511,75.423884,15:02:25.511,0.00264
15:02:25.512,3.683804,15:02:25.512,75.592724,15:02:25.512,0.003626
15:02:25.513,3.785108,15:02:25.513,75.542072,15:02:25.513,0.00264
15:02:25.514,3.717572,15:02:25.514,75.457652,15:02:25.514,0.001982
15:02:25.515,3.734456,15:02:25.515,75.356348,15:02:25.515,0.002969
15:02:25.516,3.650036,15:02:25.516,75.457652,15:02:25.516,0.001982
15:02:25.517,3.66692,15:02:25.517,75.457652,15:02:25.517,0.002969
15:02:25.518,3.633152,15:02:25.518,75.288812,15:02:25.518,0.002311
15:02:25.519,3.633152,15:02:25.519,75.271929,15:02:25.519,0.001653
15:02:25.520,3.683804,15:02:25.520,75.508304,15:02:25.520,0.001982
15:02:25.521,3.683804,15:02:25.521,75.508304,15:02:25.521,0.00264
15:02:25.522,3.768224,15:02:25.522,75.271929,15:02:25.522,0.002311
15:02:25.523,3.734456,15:02:25.523,75.238161,15:02:25.523,0.003297
15:02:25.524,3.650036,15:02:25.524,75.288812,15:02:25.524,0.003626
15:02:25.525,3.616268,15:02:25.525,75.305696,15:02:25.525,0.003626
15:02:25.526,3.700688,15:02:25.526,75.052437,15:02:25.526,0.003297
15:02:25.527,3.650036,15:02:25.527,75.069321,15:02:25.527,0.002311
15:02:25.528,3.633152,15:02:25.528,75.170625,15:02:25.528,0.001982
15:02:25.529,3.548732,15:02:25.529,75.086205,15:02:25.529,0.003626
15:02:25.530,3.633152,15:02:25.530,74.816061,15:02:25.530,0.002311
15:02:25.531,3.650036,15:02:25.531,74.630337,15:02:25.531,0.003297
15:02:25.532,3.5825,15:02:25.532,74.951133,15:02:25.532,0.002969
15:02:25.533,3.531848,15:02:25.533,74.984901,15:02:25.533,0.003297
15:02:25.534,3.650036,15:02:25.534,74.697873,15:02:25.534,0.003297
15:02:25.535,3.531848,15:02:25.535,74.680989,15:02:25.535,0.00264
15:02:25.536,3.548732,15:02:25.536,74.917365,15:02:25.536,0.002969
15:02:25.537,3.599384,15:02:25.537,74.984901,15:02:25.537,0.004941
15:02:25.538,3.5825,15:02:25.538,74.579685,15:02:25.538,0.002311
15:02:25.539,3.599384,15:02:25.539,74.613453,15:02:25.539,0.00264
15:02:25.540,3.599384,15:02:25.540,74.883597,15:02:25.540,0.002969
15:02:25.541,3.5825,15:02:25.541,74.934249,15:02:25.541,0.004612
15:02:25.542,3.633152,15:02:25.542,74.545917,15:02:25.542,0.002311
15:02:25.543,3.66692,15:02:25.543,74.562801,15:02:25.543,0.003297
15:02:25.544,3.633152,15:02:25.544,74.799177,15:02:25.544,0.003626
15:02:25.545,3.548732,15:02:25.545,74.849829,15:02:25.545,0.002311
15:02:25.546,3.650036,15:02:25.546,74.461497,15:02:25.546,0.003297
15:02:25.547,3.548732,15:02:25.547,74.410845,15:02:25.547,0.00264
15:02:25.548,3.565616,15:02:25.548,74.647221,15:02:25.548,0.001982
15:02:25.549,3.514964,15:02:25.549,74.714757,15:02:25.549,0.00264
15:02:25.550,3.633152,15:02:25.550,74.393961,15:02:25.550,0.001982
15:02:25.551,3.531848,15:02:25.551,74.427729,15:02:25.551,0.003626
15:02:25.552,3.430544,15:02:25.552,74.596569,15:02:25.552,0.001982
15:02:25.553,3.481196,15:02:25.553,74.748525,15:02:25.553,0.002311
15:02:25.554,3.447428,15:02:25.554,74.545917,15:02:25.554,0.001653
15:02:25.555,3.447428,15:02:25.555,74.461497,15:02:25.555,0.002311
15:02:25.556,3.481196,15:02:25.556,74.545917,15:02:25.556,0.002969
15:02:25.557,3.430544,15:02:25.557,74.630337,15:02:25.557,0.004612
15:02:25.558,3.481196,15:02:25.558,74.478381,15:02:25.558,0.002969
15:02:25.559,3.49808,15:02:25.559,74.461497,15:02:25.559,0.002969
15:02:25.560,3.49808,15:02:25.560,74.427729,15:02:25.560,0.001653
15:02:25.561,3.464312,15:02:25.561,74.613453,15:02:25.561,0.002311
15:02:25.562,3.481196,15:02:25.562,74.427729,15:02:25.562,0.002311
15:02:25.563,3.464312,15:02:25.563,74.478381,15:02:25.563,0.002311
15:02:25.564,3.49808,15:02:25.564,74.444613,15:02:25.564,0.002311
15:02:25.565,3.464312,15:02:25.565,74.495265,15:02:25.565,0.004612
15:02:25.566,3.41366,15:02:25.566,74.343309,15:02:25.566,0.003626
15:02:25.567,3.430544,15:02:25.567,74.258889,15:02:25.567,0.00264
15:02:25.568,3.430544,15:02:25.568,74.343309,15:02:25.568,0.002311
15:02:25.569,3.430544,15:02:25.569,74.326425,15:02:25.569,0.002311
15:02:25.570,3.363008,15:02:25.570,74.258889,15:02:25.570,0.001653
15:02:25.571,3.396776,15:02:25.571,74.123817,15:02:25.571,0.002969
15:02:25.572,3.430544,15:02:25.572,74.208237,15:02:25.572,0.001653
15:02:25.573,3.312356,15:02:25.573,74.242005,15:02:25.573,0.000996
15:02:25.574,3.346124,15:02:25.574,74.174469,15:02:25.574,0.00264
15:02:25.575,3.295472,15:02:25.575,74.090049,15:02:25.575,0.002311
15:02:25.576,3.363008,15:02:25.576,74.022514,15:02:25.576,0.003297
15:02:25.577,3.363008,15:02:25.577,74.326425,15:02:25.577,0.00264
15:02:25.578,3.346124,15:02:25.578,74.106933,15:02:25.578,0.003626
15:02:25.579,3.430544,15:02:25.579,74.106933,15:02:25.579,0.001653
15:02:25.580,3.396776,15:02:25.580,74.123817,15:02:25.580,0.00264
15:02:25.581,3.312356,15:02:25.581,74.208237,15:02:25.581,0.001982
15:02:25.582,3.379892,15:02:25.582,74.106933,15:02:25.582,0.003626
15:02:25.583,3.396776,15:02:25.583,74.073165,15:02:25.583,0.420872
15:02:25.584,3.363008,15:02:25.584,73.971862,15:02:25.584,5.975914
15:02:25.585,3.32924,15:02:25.585,74.157585,15:02:25.585,8.35311
15:02:25.586,3.346124,15:02:25.586,73.92121,15:02:25.586,8.518823
15:02:25.587,3.346124,15:02:25.587,73.92121,15:02:25.587,8.540194
15:02:25.588,3.430544,15:02:25.588,73.853674,15:02:25.588,8.57143
15:02:25.589,3.295472,15:02:25.589,73.988746,15:02:25.589,8.611543
15:02:25.590,3.295472,15:02:25.590,73.786138,15:02:25.590,8.703277
15:02:25.591,3.177284,15:02:25.591,73.684834,15:02:25.591,8.71873
15:02:25.592,3.092864,15:02:25.592,73.684834,15:02:25.592,8.734512
15:02:25.593,3.008444,15:02:25.593,73.853674,15:02:25.593,8.728923
15:02:25.594,3.211052,15:02:25.594,73.735486,15:02:25.594,8.695057
15:02:25.595,3.49808,15:02:25.595,73.58353,15:02:25.595,8.650669
15:02:25.596,4.224092,15:02:25.596,73.617298,15:02:25.596,8.677631
15:02:25.597,5.304668,15:02:25.597,73.853674,15:02:25.597,8.755226
15:02:25.598,7.280095,15:02:25.598,73.75237,15:02:25.598,8.76772
15:02:25.599,10.791966,15:02:25.599,73.718602,15:02:25.599,8.771995
15:02:25.600,16.971508,15:02:25.600,73.803022,15:02:25.600,8.740102
15:02:25.601,24.771914,15:02:25.601,73.954978,15:02:25.601,8.698016
15:02:25.602,33.29833,15:02:25.602,73.870558,15:02:25.602,8.693084
15:02:25.603,42.297498,15:02:25.603,73.819906,15:02:25.603,8.763446
15:02:25.604,51.786301,15:02:25.604,73.684834,15:02:25.604,8.77594
15:02:25.605,61.680319,15:02:25.605,73.819906,15:02:25.605,8.786133
15:02:25.606,71.219772,15:02:25.606,73.651066,15:02:25.606,8.778571
15:02:25.607,80.354008,15:02:25.607,73.684834,15:02:25.607,8.708209
15:02:25.608,89.657083,15:02:25.608,73.75237,15:02:25.608,8.702619
15:02:25.609,99.449793,15:02:25.609,73.83679,15:02:25.609,8.766734
15:02:25.610,109.006125,15:02:25.610,73.66795,15:02:25.610,8.790407
15:02:25.611,117.954633,15:02:25.611,73.33027,15:02:25.611,8.809477
15:02:25.612,124.488732,15:02:25.612,73.24585,15:02:25.612,8.734512
15:02:25.613,125.974521,15:02:25.613,73.24585,15:02:25.613,8.716428
15:02:25.614,122.901638,15:02:25.614,73.279618,15:02:25.614,8.766076
15:02:25.615,118.765064,15:02:25.615,73.482226,15:02:25.615,8.77068
15:02:25.616,111.555606,15:02:25.616,73.532878,15:02:25.616,8.782845
15:02:25.617,101.340799,15:02:25.617,73.938094,15:02:25.617,8.787777
15:02:25.618,95.279449,15:02:25.618,74.039398,15:02:25.618,8.722676
15:02:25.619,90.163603,15:02:25.619,73.971862,15:02:25.619,8.688152
15:02:25.620,80.117632,15:02:25.620,73.819906,15:02:25.620,8.723662
15:02:25.621,70.763904,15:02:25.621,74.073165,15:02:25.621,8.772324
15:02:25.622,63.976541,15:02:25.622,74.106933,15:02:25.622,8.782516
15:02:25.623,58.134681,15:02:25.623,74.039398,15:02:25.623,8.739444
15:02:25.624,54.926723,15:02:25.624,73.988746,15:02:25.624,8.707222
15:02:25.625,54.859187,15:02:25.625,74.106933,15:02:25.625,8.758514
15:02:25.626,59.097068,15:02:25.626,74.073165,15:02:25.626,8.780543
15:02:25.627,67.403991,15:02:25.627,73.971862,15:02:25.627,8.785475
15:02:25.628,77.449963,15:02:25.628,74.140701,15:02:25.628,8.791065
15:02:25.629,87.732309,15:02:25.629,74.495265,15:02:25.629,8.741088
15:02:25.630,97.727627,15:02:25.630,74.613453,15:02:25.630,8.716757
15:02:25.631,105.190346,15:02:25.631,74.799177,15:02:25.631,8.728923
15:02:25.632,108.837286,15:02:25.632,74.934249,15:02:25.632,8.791394
15:02:25.633,109.343805,15:02:25.633,75.103089,15:02:25.633,8.787777
15:02:25.634,107.570987,15:02:25.634,75.288812,15:02:25.634,8.772324
15:02:25.635,103.72144,15:02:25.635,75.423884,15:02:25.635,8.725306
15:02:25.636,99.804356,15:02:25.636,75.508304,15:02:25.636,8.691769
15:02:25.637,97.862699,15:02:25.637,75.8291,15:02:25.637,8.690454
15:02:25.638,99.010809,15:02:25.638,75.879752,15:02:25.638,8.737143
15:02:25.639,101.340799,15:02:25.639,75.964172,15:02:25.639,8.738458
15:02:25.640,103.755208,15:02:25.640,76.048592,15:02:25.640,8.749637
15:02:25.641,106.321573,15:02:25.641,76.284968,15:02:25.641,8.750294
15:02:25.642,111.302346,15:02:25.642,76.33562,15:02:25.642,8.689467
15:02:25.643,111.082855,15:02:25.643,76.42004,15:02:25.643,8.66678
15:02:25.644,110.762059,15:02:25.644,76.571995,15:02:25.644,8.684535
15:02:25.645,109.461993,15:02:25.645,77.061631,15:02:25.645,8.771995
15:02:25.646,107.773595,15:02:25.646,77.416195,15:02:25.646,8.770351
15:02:25.647,106.085197,15:02:25.647,77.449963,15:02:25.647,8.749308
15:02:25.648,106.372225,15:02:25.648,77.652571,15:02:25.648,8.732539
15:02:25.649,109.006125,15:02:25.649,78.15909,15:02:25.649,8.676315
15:02:25.650,112.197197,15:02:25.650,78.631842,15:02:25.650,8.64771
15:02:25.651,115.354501,15:02:25.651,78.901985,15:02:25.651,8.634559
15:02:25.652,119.524843,15:02:25.652,79.391621,15:02:25.652,8.704921
15:02:25.653,123.188666,15:02:25.653,80.370892,15:02:25.653,8.708537
15:02:25.654,125.873218,15:02:25.654,81.485235,15:02:25.654,8.706565
15:02:25.655,125.890102,15:02:25.655,82.65023,15:02:25.655,8.701633
15:02:25.656,125.400466,15:02:25.656,84.55812,15:02:25.656,8.697358
15:02:25.657,124.18482,15:02:25.657,87.462166,15:02:25.657,8.690454
15:02:25.658,122.563959,15:02:25.658,89.707735,15:02:25.658,8.622722
15:02:25.659,119.153396,15:02:25.659,90.771426,15:02:25.659,8.607597
15:02:25.660,116.924711,15:02:25.660,91.767581,15:02:25.660,8.639162
15:02:25.661,115.354501,15:02:25.661,91.733813,15:02:25.661,8.720703
15:02:25.662,115.86102,15:02:25.662,91.277946,15:02:25.662,8.728265
15:02:25.663,118.326081,15:02:25.663,90.889614,15:02:25.663,8.725964
15:02:25.664,122.260047,15:02:25.664,90.78831,15:02:25.664,8.728594
15:02:25.665,126.413505,15:02:25.665,91.024686,15:02:25.665,8.728923
15:02:25.666,128.692841,15:02:25.666,91.514321,15:02:25.666,8.658232
15:02:25.667,129.520156,15:02:25.667,90.805194,15:02:25.667,8.638833
15:02:25.668,128.878565,15:02:25.668,90.53505,15:02:25.668,8.63949
15:02:25.669,126.970676,15:02:25.669,91.142874,15:02:25.669,8.723333
15:02:25.670,123.340622,15:02:25.670,91.37925,15:02:25.670,8.736156
15:02:25.671,118.781948,15:02:25.671,90.822078,15:02:25.671,8.744705
15:02:25.672,114.172623,15:02:25.672,90.416863,15:02:25.672,8.741088
15:02:25.673,110.154236,15:02:25.673,90.95715,15:02:25.673,8.750294
15:02:25.674,106.69302,15:02:25.674,91.767581,15:02:25.674,8.689796
15:02:25.675,103.788976,15:02:25.675,92.105261,15:02:25.675,8.650012
15:02:25.676,101.999274,15:02:25.676,92.324753,15:02:25.676,8.666452
15:02:25.677,102.421373,15:02:25.677,93.1183,15:02:25.677,8.732211
15:02:25.678,102.775937,15:02:25.678,94.418366,15:02:25.678,8.745034
15:02:25.679,104.548755,15:02:25.679,95.144378,15:02:25.679,2.445942
15:02:25.680,109.107429,15:02:25.680,95.397637,15:02:25.680,1.9705
15:02:25.681,114.763562,15:02:25.681,95.921041,15:02:25.681,1.564762
15:02:25.682,118.866368,15:02:25.682,97.930235,15:02:25.682,1.218866
15:02:25.683,121.97302,15:02:25.683,99.162765,15:02:25.683,0.959444
15:02:25.684,124.26924,15:02:25.684,99.703053,15:02:25.684,0.73882
15:02:25.685,124.708223,15:02:25.685,99.517329,15:02:25.685,0.545486
15:02:25.686,123.222434,15:02:25.686,98.993925,15:02:25.686,0.353139
15:02:25.687,119.119628,15:02:25.687,97.491251,15:02:25.687,0.178876
15:02:25.688,115.371385,15:02:25.688,96.731472,15:02:25.688,0.02171
15:02:25.689,112.163429,15:02:25.689,96.309372,15:02:25.689,-0.00558
15:02:25.690,108.550258,15:02:25.690,96.326256,15:02:25.690,0.006256
15:02:25.691,103.046081,15:02:25.691,95.228798,15:02:25.691,0.001653
15:02:25.692,98.200378,15:02:25.692,94.739162,15:02:25.692,0.001982
15:02:25.693,94.705394,15:02:25.693,94.60409,15:02:25.693,0.002969
15:02:25.694,93.692355,15:02:25.694,95.262566,15:02:25.694,0.002969
15:02:25.695,92.307869,15:02:25.695,96.022345,15:02:25.695,0.001653
15:02:25.696,91.142874,15:02:25.696,97.761395,15:02:25.696,0.002969
15:02:25.697,89.825923,15:02:25.697,100.091384,15:02:25.697,0.001982
15:02:25.698,87.681657,15:02:25.698,100.716091,15:02:25.698,0.002969
15:02:25.699,85.925723,15:02:25.699,100.732975,15:02:25.699,0.002311
15:02:25.700,83.899645,15:02:25.700,101.931738,15:02:25.700,0.003626
15:02:25.701,80.74234,15:02:25.701,102.742169,15:02:25.701,0.002969
15:02:25.702,77.314891,15:02:25.702,103.046081,15:02:25.702,0.003626
15:02:25.703,73.195198,15:02:25.703,101.72913,15:02:25.703,0.002969
15:02:25.704,70.679484,15:02:25.704,101.155075,15:02:25.704,0.001982
15:02:25.705,68.636522,15:02:25.705,101.712246,15:02:25.705,0.002311
15:02:25.706,66.728631,15:02:25.706,102.134346,15:02:25.706,0.002969
15:02:25.707,64.516829,15:02:25.707,101.171959,15:02:25.707,0.002969
15:02:25.708,63.436254,15:02:25.708,100.732975,15:02:25.708,0.004612
15:02:25.709,63.571325,15:02:25.709,101.475871,15:02:25.709,0.002311
15:02:25.710,63.959657,15:02:25.710,102.944777,15:02:25.710,0.004284
15:02:25.711,63.976541,15:02:25.711,103.113617,15:02:25.711,0.002969
15:02:25.712,63.25053,15:02:25.712,103.72144,15:02:25.712,0.003297
15:02:25.713,62.49075,15:02:25.713,104.683827,15:02:25.713,0.003626
15:02:25.714,62.085534,15:02:25.714,105.747517,15:02:25.714,0.004284
15:02:25.715,60.853003,15:02:25.715,105.815053,15:02:25.715,0.001653
15:02:25.716,59.215256,15:02:25.716,105.308534,15:02:25.716,0.001653
15:02:25.717,57.49309,15:02:25.717,104.818899,15:02:25.717,0.001982
15:02:25.718,55.264403,15:02:25.718,104.312379,15:02:25.718,0.00264
15:02:25.719,53.542236,15:02:25.719,103.316224,15:02:25.719,0.003626
15:02:25.720,52.090213,15:02:25.720,102.083694,15:02:25.720,0.003626
15:02:25.721,50.503118,15:02:25.721,101.357683,15:02:25.721,0.001653
15:02:25.722,48.544575,15:02:25.722,101.56029,15:02:25.722,0.003626
15:02:25.723,46.754872,15:02:25.723,101.627826,15:02:25.723,0.003297
15:02:25.724,45.150893,15:02:25.724,101.81355,15:02:25.724,0.00264
15:02:25.725,44.002781,15:02:25.725,101.931738,15:02:25.725,0.00264
15:02:25.726,43.428726,15:02:25.726,102.201882,15:02:25.726,0.002969
15:02:25.727,42.618294,15:02:25.727,102.421373,15:02:25.727,0.001325
15:02:25.728,41.993586,15:02:25.728,102.742169,15:02:25.728,0.00264
15:02:25.729,42.09489,15:02:25.729,103.333108,15:02:25.729,0.003297
15:02:25.730,42.483222,15:02:25.730,104.177307,15:02:25.730,0.003297
15:02:25.731,42.77025,15:02:25.731,104.599407,15:02:25.731,0.003955
15:02:25.732,42.787134,15:02:25.732,104.531871,15:02:25.732,0.00264
15:02:25.733,42.702714,15:02:25.733,104.227959,15:02:25.733,0.003297
15:02:25.734,42.51699,15:02:25.734,103.9747,15:02:25.734,0.00264
15:02:25.735,42.415686,15:02:25.735,103.366876,15:02:25.735,0.002311
15:02:25.736,42.314382,15:02:25.736,102.674633,15:02:25.736,0.00264
15:02:25.737,42.078006,15:02:25.737,102.201882,15:02:25.737,0.003626
15:02:25.738,41.689674,15:02:25.738,102.06681,15:02:25.738,0.001982
15:02:25.739,40.980547,15:02:25.739,101.89797,15:02:25.739,0.00264
15:02:25.740,40.203883,15:02:25.740,101.577174,15:02:25.740,0.001982
15:02:25.741,39.579175,15:02:25.741,101.442103,15:02:25.741,0.003297
15:02:25.742,39.022004,15:02:25.742,101.475871,15:02:25.742,0.002311
15:02:25.743,38.4986,15:02:25.743,101.087539,15:02:25.743,0.003297
15:02:25.744,38.24534,15:02:25.744,100.648555,15:02:25.744,0.001653
15:02:25.745,38.41418,15:02:25.745,100.479716,15:02:25.745,0.003297
15:02:25.746,38.75186,15:02:25.746,100.716091,15:02:25.746,0.001982
15:02:25.747,38.650556,15:02:25.747,100.783627,15:02:25.747,0.003297
15:02:25.748,37.114113,15:02:25.748,100.631672,15:02:25.748,0.00264
15:02:25.749,32.521667,15:02:25.749,100.614788,15:02:25.749,0.002969
15:02:25.750,26.679805,15:02:25.750,100.749859,15:02:25.750,0.002311
15:02:25.751,21.547071,15:02:25.751,100.699207,15:02:25.751,0.004284
15:02:25.752,16.397453,15:02:25.752,100.429064,15:02:25.752,0.00264
15:02:25.753,10.80885,15:02:25.753,100.310876,15:02:25.753,0.001982
15:02:25.754,5.473508,15:02:25.754,100.614788,15:02:25.754,0.000996
15:02:25.755,0.678453,15:02:25.755,100.732975,15:02:25.755,0.00264
15:02:25.756,-2.242478,15:02:25.756,100.614788,15:02:25.756,0.000996
15:02:25.757,-3.13733,15:02:25.757,100.513484,15:02:25.757,0.001982
15:02:25.758,-3.289286,15:02:25.758,100.479716,15:02:25.758,0.003297
15:02:25.759,-3.356822,15:02:25.759,100.24334,15:02:25.759,0.002969
15:02:25.760,-3.356822,15:02:25.760,99.618633,15:02:25.760,0.002311
15:02:25.761,-3.356822,15:02:25.761,98.909505,15:02:25.761,0.003626
15:02:25.762,-3.339938,15:02:25.762,98.58871,15:02:25.762,0.00264
15:02:25.763,-3.289286,15:02:25.763,98.183494,15:02:25.763,0.004284
15:02:25.764,-3.103562,15:02:25.764,97.676975,15:02:25.764,0.004941
15:02:25.765,-2.54639,15:02:25.765,97.389947,15:02:25.765,0.003297
15:02:25.766,-0.891759,15:02:25.766,97.170455,15:02:25.766,0.003297
15:02:25.767,1.927869,15:02:25.767,97.001616,15:02:25.767,0.00264
15:02:25.768,5.2709,15:02:25.768,96.714588,15:02:25.768,0.001653
15:02:25.769,8.765887,15:02:25.769,96.663936,15:02:25.769,0.002969
15:02:25.770,12.362178,15:02:25.770,96.562632,15:02:25.770,0.001982
15:02:25.771,15.890933,15:02:25.771,96.579516,15:02:25.771,0.001982
15:02:25.772,19.21708,15:02:25.772,96.410676,15:02:25.772,0.001325
15:02:25.773,22.138011,15:02:25.773,96.292488,15:02:25.773,0.001982
15:02:25.774,24.58619,15:02:25.774,96.34314,15:02:25.774,0.002969
15:02:25.775,26.477197,15:02:25.775,96.376908,15:02:25.775,0.002311
15:02:25.776,27.608425,15:02:25.776,95.887273,15:02:25.776,0.001653
15:02:25.777,28.250016,15:02:25.777,95.583361,15:02:25.777,0.001982
15:02:25.778,28.233132,15:02:25.778,95.482057,15:02:25.778,0.003297
15:02:25.779,27.574657,15:02:25.779,95.431405,15:02:25.779,0.002969
15:02:25.780,26.443429,15:02:25.780,95.144378,15:02:25.780,0.002311
15:02:25.781,24.92387,15:02:25.781,95.009306,15:02:25.781,0.001982
15:02:25.782,23.184818,15:02:25.782,95.059958,15:02:25.782,0.002311
15:02:25.783,21.209391,15:02:25.783,95.11061,15:02:25.783,0.003955
15:02:25.784,18.980704,15:02:25.784,94.77293,15:02:25.784,0.003297
15:02:25.785,16.600061,15:02:25.785,94.60409,15:02:25.785,0.004612
15:02:25.786,14.168765,15:02:25.786,94.536554,15:02:25.786,0.002311
15:02:25.787,11.855658,15:02:25.787,94.418366,15:02:25.787,0.003955
15:02:25.788,9.778927,15:02:25.788,93.996267,15:02:25.788,0.001653
15:02:25.789,7.617775,15:02:25.789,93.878079,15:02:25.789,0.002969
15:02:25.790,5.659232,15:02:25.790,93.658587,15:02:25.790,0.002311
15:02:25.791,4.055252,15:02:25.791,93.607935,15:02:25.791,0.00264
15:02:25.792,2.721416,15:02:25.792,93.320908,15:02:25.792,0.002969
15:02:25.793,1.826565,15:02:25.793,93.219604,15:02:25.793,0.001653
15:02:25.794,1.320045,15:02:25.794,93.152068,15:02:25.794,0.002969
15:02:25.795,1.083669,15:02:25.795,93.20272,15:02:25.795,0.001982
15:02:25.796,1.607073,15:02:25.796,93.050764,15:02:25.796,0.003297
15:02:25.797,2.299317,15:02:25.797,93.03388,15:02:25.797,0.00264
15:02:25.798,3.363008,15:02:25.798,93.101416,15:02:25.798,0.00264
15:02:25.799,4.815032,15:02:25.799,93.455979,15:02:25.799,0.004284
15:02:25.800,6.419012,15:02:25.800,93.270256,15:02:25.800,0.00264
15:02:25.801,8.225599,15:02:25.801,93.28714,15:02:25.801,0.00264
15:02:25.802,10.133491,15:02:25.802,93.135184,15:02:25.802,0.002311
15:02:25.803,12.041382,15:02:25.803,93.337792,15:02:25.803,0.003297
15:02:25.804,14.067461,15:02:25.804,93.050764,15:02:25.804,0.003297
15:02:25.805,15.992237,15:02:25.805,92.814388,15:02:25.805,0.001982
15:02:25.806,17.917012,15:02:25.806,92.645548,15:02:25.806,0.003626
15:02:25.807,19.791135,15:02:25.807,92.662432,15:02:25.807,0.001982
15:02:25.808,21.209391,15:02:25.808,92.409173,15:02:25.808,0.001325
15:02:25.809,21.986055,15:02:25.809,92.122145,15:02:25.809,0.003297
15:02:25.810,22.306851,15:02:25.810,92.037725,15:02:25.810,0.003297
15:02:25.811,23.117282,15:02:25.811,92.139029,15:02:25.811,0.001982
15:02:25.812,23.387426,15:02:25.812,91.885769,15:02:25.812,0.001325
15:02:25.813,22.323735,15:02:25.813,91.733813,15:02:25.813,0.002969
15:02:25.814,21.496419,15:02:25.814,91.767581,15:02:25.814,0.001982
15:02:25.815,20.635335,15:02:25.815,92.037725,15:02:25.815,0.002311
15:02:25.816,19.47034,15:02:25.816,91.987073,15:02:25.816,0.003626
15:02:25.817,18.609256,15:02:25.817,91.970189,15:02:25.817,0.003955
15:02:25.818,17.815708,15:02:25.818,92.037725,15:02:25.818,0.002969
15:02:25.819,16.549409,15:02:25.819,92.578012,15:02:25.819,0.003297
15:02:25.820,15.283109,15:02:25.820,92.544244,15:02:25.820,0.001982
15:02:25.821,13.999925,15:02:25.821,92.561128,15:02:25.821,0.00527
15:02:25.822,12.41283,15:02:25.822,92.6962,15:02:25.822,0.00264
15:02:25.823,10.521822,15:02:25.823,93.152068,15:02:25.823,0.002311
15:02:25.824,8.613931,15:02:25.824,93.168952,15:02:25.824,0.00264
15:02:25.825,7.837267,15:02:25.825,93.084532,15:02:25.825,0.001653
15:02:25.826,7.719079,15:02:25.826,93.20272,15:02:25.826,0.001982
15:02:25.827,7.482703,15:02:25.827,93.236488,15:02:25.827,0.003955
15:02:25.828,7.229443,15:02:25.828,93.20272,15:02:25.828,0.003626
15:02:25.829,7.229443,15:02:25.829,92.932576,15:02:25.829,0.00264
15:02:25.830,7.533355,15:02:25.830,92.848156,15:02:25.830,0.001325
15:02:25.831,7.955455,15:02:25.831,92.915692,15:02:25.831,0.00264
15:02:25.832,8.546395,15:02:25.832,92.594896,15:02:25.832,0.00264
15:02:25.833,9.475015,15:02:25.833,92.341637,15:02:25.833,0.004284
15:02:25.834,10.47117,15:02:25.834,92.240333,15:02:25.834,0.002311
15:02:25.835,11.686818,15:02:25.835,92.409173,15:02:25.835,0.00264
15:02:25.836,13.105074,15:02:25.836,92.392289,15:02:25.836,0.002969
15:02:25.837,14.438909,15:02:25.837,92.257217,15:02:25.837,0.002311
15:02:25.838,15.181805,15:02:25.838,92.155913,15:02:25.838,0.002311
15:02:25.839,16.009121,15:02:25.839,92.645548,15:02:25.839,0.00264
15:02:25.840,16.93774,15:02:25.840,92.679316,15:02:25.840,0.00264
15:02:25.841,17.646868,15:02:25.841,92.763736,15:02:25.841,0.003626
15:02:25.842,18.018316,15:02:25.842,92.915692,15:02:25.842,0.002969
15:02:25.843,18.389764,15:02:25.843,93.607935,15:02:25.843,0.003626
15:02:25.844,18.693676,15:02:25.844,93.540399,15:02:25.844,0.001982
15:02:25.845,18.913168,15:02:25.845,93.455979,15:02:25.845,0.003626
15:02:25.846,18.761212,15:02:25.846,93.557283,15:02:25.846,0.002311
15:02:25.847,18.491068,15:02:25.847,93.996267,15:02:25.847,0.002969
15:02:25.848,17.798824,15:02:25.848,93.743007,15:02:25.848,0.003297
15:02:25.849,17.005276,15:02:25.849,93.354676,15:02:25.849,0.001325
15:02:25.850,16.110425,15:02:25.850,93.152068,15:02:25.850,0.003297
15:02:25.851,15.468833,15:02:25.851,93.489747,15:02:25.851,0.000996
15:02:25.852,14.607749,15:02:25.852,93.067648,15:02:25.852,0.00264
15:02:25.853,13.780433,15:02:25.853,92.493592,15:02:25.853,0.002311
15:02:25.854,12.902466,15:02:25.854,92.392289,15:02:25.854,0.002969
15:02:25.855,11.940078,15:02:25.855,92.78062,15:02:25.855,0.003297
15:02:25.856,10.859502,15:02:25.856,92.628664,15:02:25.856,0.00264
15:02:25.857,9.947767,15:02:25.857,92.375405,15:02:25.857,0.002969
15:02:25.858,9.204871,15:02:25.858,92.510476,15:02:25.858,0.001325
15:02:25.859,8.647699,15:02:25.859,93.050764,15:02:25.859,0.00264
15:02:25.860,8.360671,15:02:25.860,93.185836,15:02:25.860,0.002311
15:02:25.861,8.377555,15:02:25.861,93.270256,15:02:25.861,0.001653
15:02:25.862,8.495743,15:02:25.862,93.439095,15:02:25.862,0.004284
15:02:25.863,8.647699,15:02:25.863,94.080687,15:02:25.863,0.002311
15:02:25.864,8.816539,15:02:25.864,94.35083,15:02:25.864,0.003297
15:02:25.865,9.221755,15:02:25.865,94.266411,15:02:25.865,0.001653
15:02:25.866,9.762043,15:02:25.866,94.367714,15:02:25.866,0.004284
15:02:25.867,10.30233,15:02:25.867,94.570322,15:02:25.867,0.002311
15:02:25.868,11.095878,15:02:25.868,94.587206,15:02:25.868,0.003297
15:02:25.869,11.889426,15:02:25.869,94.333947,15:02:25.869,0.001982
15:02:25.870,12.66609,15:02:25.870,94.181991,15:02:25.870,0.001653
15:02:25.871,13.392102,15:02:25.871,94.215759,15:02:25.871,0.003626
15:02:25.872,14.084345,15:02:25.872,94.063803,15:02:25.872,0.003955
15:02:25.873,14.489561,15:02:25.873,93.743007,15:02:25.873,0.002311
15:02:25.874,14.979197,15:02:25.874,93.557283,15:02:25.874,0.003297
15:02:25.875,15.333761,15:02:25.875,93.591051,15:02:25.875,0.002311
15:02:25.876,15.570137,15:02:25.876,93.489747,15:02:25.876,0.00264
15:02:25.877,15.840281,15:02:25.877,93.1183,15:02:25.877,0.002311
15:02:25.878,16.059773,15:02:25.878,93.067648,15:02:25.878,0.002969
15:02:25.879,16.110425,15:02:25.879,93.135184,15:02:25.879,0.003626
15:02:25.880,16.059773,15:02:25.880,93.185836,15:02:25.880,0.001982
15:02:25.881,15.823397,15:02:25.881,93.016996,15:02:25.881,0.002969
15:02:25.882,15.536369,15:02:25.882,93.000112,15:02:25.882,0.001325
15:02:25.883,15.080501,15:02:25.883,93.20272,15:02:25.883,0.003626
15:02:25.884,14.540213,15:02:25.884,93.28714,15:02:25.884,0.00264
15:02:25.885,13.966157,15:02:25.885,93.152068,15:02:25.885,0.002311
15:02:25.886,13.408986,15:02:25.886,93.135184,15:02:25.886,0.003626
15:02:25.887,12.716742,15:02:25.887,93.354676,15:02:25.887,0.001982
15:02:25.888,12.108918,15:02:25.888,93.455979,15:02:25.888,0.003297
15:02:25.889,11.619282,15:02:25.889,93.270256,15:02:25.889,0.003297
15:02:25.890,11.06211,15:02:25.890,93.084532,15:02:25.890,0.002969
15:02:25.891,10.572474,15:02:25.891,93.236488,15:02:25.891,0.002311
15:02:25.892,10.21791,15:02:25.892,93.28714,15:02:25.892,0.001653
15:02:25.893,10.032187,15:02:25.893,93.000112,15:02:25.893,0.003955
15:02:25.894,9.863347,15:02:25.894,92.848156,15:02:25.894,0.001653
15:02:25.895,9.863347,15:02:25.895,92.713084,15:02:25.895,0.00264
15:02:25.896,9.981535,15:02:25.896,92.797504,15:02:25.896,0.003297
15:02:25.897,10.116607,15:02:25.897,92.409173,15:02:25.897,0.003626
15:02:25.898,10.403634,15:02:25.898,92.257217,15:02:25.898,0.003626
15:02:25.899,10.673778,15:02:25.899,92.122145,15:02:25.899,0.002311
15:02:25.900,11.011458,15:02:25.900,92.223449,15:02:25.900,0.001982
15:02:25.901,11.382906,15:02:25.901,91.919537,15:02:25.901,0.002969
15:02:25.902,11.720586,15:02:25.902,91.919537,15:02:25.902,0.003297
15:02:25.903,12.108918,15:02:25.903,91.970189,15:02:25.903,0.004612
15:02:25.904,12.379062,15:02:25.904,92.037725,15:02:25.904,0.00264
15:02:25.905,12.716742,15:02:25.905,91.784465,15:02:25.905,0.001982
15:02:25.906,13.08819,15:02:25.906,91.835117,15:02:25.906,0.002311
15:02:25.907,13.442754,15:02:25.907,91.936421,15:02:25.907,0.003626
15:02:25.908,13.763549,15:02:25.908,92.054609,15:02:25.908,0.001982
15:02:25.909,14.033693,15:02:25.909,91.852001,15:02:25.909,0.003297
15:02:25.910,14.219417,15:02:25.910,91.818233,15:02:25.910,0.004284
15:02:25.911,14.354489,15:02:25.911,91.750697,15:02:25.911,0.001653
15:02:25.912,14.438909,15:02:25.912,91.885769,15:02:25.912,0.003297
15:02:25.913,14.405141,15:02:25.913,91.531205,15:02:25.913,0.003626
15:02:25.914,14.337605,15:02:25.914,91.446786,15:02:25.914,0.004284
15:02:25.915,14.253185,15:02:25.915,91.227294,15:02:25.915,0.002969
15:02:25.916,14.101229,15:02:25.916,91.277946,15:02:25.916,0.002311
15:02:25.917,13.847969,15:02:25.917,90.923382,15:02:25.917,0.003297
15:02:25.918,13.577825,15:02:25.918,90.687006,15:02:25.918,0.003297
15:02:25.919,13.324566,15:02:25.919,90.670122,15:02:25.919,0.002969
15:02:25.920,13.037538,15:02:25.920,90.53505,15:02:25.920,0.002311
15:02:25.921,12.682974,15:02:25.921,90.366211,15:02:25.921,0.003297
15:02:25.922,12.395946,15:02:25.922,90.146719,15:02:25.922,0.00264
15:02:25.923,12.142686,15:02:25.923,90.146719,15:02:25.923,0.001653
15:02:25.924,11.940078,15:02:25.924,90.231139,15:02:25.924,0.004284
15:02:25.925,11.686818,15:02:25.925,90.062299,15:02:25.925,0.00264
15:02:25.926,11.585514,15:02:25.926,90.045415,15:02:25.926,0.003297
15:02:25.927,11.517978,15:02:25.927,90.096067,15:02:25.927,0.001982
15:02:25.928,11.467326,15:02:25.928,90.416863,15:02:25.928,0.00527
15:02:25.929,11.450442,15:02:25.929,90.349327,15:02:25.929,0.002969
15:02:25.930,11.467326,15:02:25.930,90.163603,15:02:25.930,0.00264
15:02:25.931,11.56863,15:02:25.931,90.146719,15:02:25.931,0.001982
15:02:25.932,11.73747,15:02:25.932,90.366211,15:02:25.932,0.00264
15:02:25.933,11.805006,15:02:25.933,90.197371,15:02:25.933,0.002311
15:02:25.934,11.956962,15:02:25.934,90.045415,15:02:25.934,0.003955
15:02:25.935,12.125802,15:02:25.935,89.944111,15:02:25.935,0.002969
15:02:25.936,12.277758,15:02:25.936,90.096067,15:02:25.936,0.00264
15:02:25.937,12.480366,15:02:25.937,89.825923,15:02:25.937,0.002311
15:02:25.938,12.716742,15:02:25.938,89.589547,15:02:25.938,0.003955
15:02:25.939,12.970002,15:02:25.939,89.505128,15:02:25.939,0.001653
15:02:25.940,13.155726,15:02:25.940,89.623315,15:02:25.940,0.002969
15:02:25.941,13.324566,15:02:25.941,89.403824,15:02:25.941,0.002311
15:02:25.942,13.375218,15:02:25.942,89.201216,15:02:25.942,0.003297
15:02:25.943,13.493406,15:02:25.943,89.234984,15:02:25.943,0.003626
15:02:25.944,13.560941,15:02:25.944,89.30252,15:02:25.944,0.00264
15:02:25.945,13.527174,15:02:25.945,89.184332,15:02:25.945,0.001653
15:02:25.946,13.493406,15:02:25.946,89.04926,15:02:25.946,0.00264
15:02:25.947,13.375218,15:02:25.947,89.04926,15:02:25.947,0.003626
15:02:25.948,13.307682,15:02:25.948,89.268752,15:02:25.948,0.003297
15:02:25.949,13.155726,15:02:25.949,89.201216,15:02:25.949,0.002311
15:02:25.950,13.121958,15:02:25.950,89.116796,15:02:25.950,0.002311
15:02:25.951,12.91935,15:02:25.951,89.116796,15:02:25.951,0.001325
15:02:25.952,12.716742,15:02:25.952,89.285636,15:02:25.952,0.002969
15:02:25.953,12.514134,15:02:25.953,89.2181,15:02:25.953,0.001653
15:02:25.954,12.345294,15:02:25.954,89.083028,15:02:25.954,0.003626
15:02:25.955,12.092034,15:02:25.955,89.167448,15:02:25.955,0.00264
15:02:25.956,11.956962,15:02:25.956,89.201216,15:02:25.956,0.001325
15:02:25.957,11.805006,15:02:25.957,89.083028,15:02:25.957,0.002969
15:02:25.958,11.73747,15:02:25.958,88.981724,15:02:25.958,0.003297
15:02:25.959,11.669934,15:02:25.959,88.914188,15:02:25.959,0.00264
15:02:25.960,11.56863,15:02:25.960,89.04926,15:02:25.960,0.001982
15:02:25.961,11.619282,15:02:25.961,88.829768,15:02:25.961,0.002969
15:02:25.962,11.551746,15:02:25.962,88.779116,15:02:25.962,0.004284
15:02:25.963,11.48421,15:02:25.963,88.745348,15:02:25.963,0.002311
15:02:25.964,11.517978,15:02:25.964,88.914188,15:02:25.964,0.00264
15:02:25.965,11.467326,15:02:25.965,88.796,15:02:25.965,0.001653
15:02:25.966,11.48421,15:02:25.966,88.610276,15:02:25.966,0.001982
15:02:25.967,11.534862,15:02:25.967,88.677812,15:02:25.967,0.002969
15:02:25.968,11.551746,15:02:25.968,88.863536,15:02:25.968,0.00264
15:02:25.969,11.602398,15:02:25.969,88.796,15:02:25.969,0.003297
15:02:25.970,11.73747,15:02:25.970,88.779116,15:02:25.970,0.001653
15:02:25.971,11.720586,15:02:25.971,88.779116,15:02:25.971,0.003955
15:02:25.972,11.82189,15:02:25.972,88.998608,15:02:25.972,0.001325
15:02:25.973,11.872542,15:02:25.973,89.116796,15:02:25.973,0.004284
15:02:25.974,11.889426,15:02:25.974,88.914188,15:02:25.974,0.001653
15:02:25.975,11.940078,15:02:25.975,89.015492,15:02:25.975,0.00264
15:02:25.976,11.956962,15:02:25.976,89.2181,15:02:25.976,0.003955
15:02:25.977,12.041382,15:02:25.977,89.184332,15:02:25.977,0.00264
15:02:25.978,12.092034,15:02:25.978,89.099912,15:02:25.978,0.003626
15:02:25.979,12.142686,15:02:25.979,89.04926,15:02:25.979,0.002311
15:02:25.980,12.108918,15:02:25.980,89.066144,15:02:25.980,0.002311
15:02:25.981,12.142686,15:02:25.981,89.015492,15:02:25.981,0.003297
15:02:25.982,12.142686,15:02:25.982,88.88042,15:02:25.982,0.003297
15:02:25.983,12.142686,15:02:25.983,88.762232,15:02:25.983,0.003626
15:02:25.984,12.142686,15:02:25.984,88.88042,15:02:25.984,0.001325
15:02:25.985,12.024498,15:02:25.985,88.829768,15:02:25.985,0.004284
15:02:25.986,12.041382,15:02:25.986,88.644044,15:02:25.986,0.001982
15:02:25.987,11.973846,15:02:25.987,88.593392,15:02:25.987,0.003955
15:02:25.988,12.041382,15:02:25.988,88.62716,15:02:25.988,0.00264
15:02:25.989,12.024498,15:02:25.989,88.677812,15:02:25.989,0.00264
15:02:25.990,11.956962,15:02:25.990,88.525856,15:02:25.990,0.001653
15:02:25.991,11.855658,15:02:25.991,88.54274,15:02:25.991,0.001982
15:02:25.992,11.838774,15:02:25.992,88.779116,15:02:25.992,0.002311
15:02:25.993,11.82189,15:02:25.993,88.863536,15:02:25.993,0.00264
15:02:25.994,11.82189,15:02:25.994,88.644044,15:02:25.994,0.002311
15:02:25.995,11.73747,15:02:25.995,88.677812,15:02:25.995,0.002311
15:02:25.996,11.73747,15:02:25.996,88.897304,15:02:25.996,0.002311
15:02:25.997,11.686818,15:02:25.997,88.914188,15:02:25.997,0.003626
15:02:25.998,11.636166,15:02:25.998,88.475205,15:02:25.998,0.002311
15:02:25.999,11.669934,15:02:25.999,88.407669,15:02:25.999,0.003626
15:02:26.000,11.619282,15:02:26.000,88.677812,15:02:26.000,0.002969
15:02:26.001,11.534862,15:02:26.001,88.796,15:02:26.001,0.001653
15:02:26.002,11.551746,15:02:26.002,88.272597,15:02:26.002,0.00264
15:02:26.003,11.602398,15:02:26.003,88.289481,15:02:26.003,0.002969
15:02:26.004,11.585514,15:02:26.004,88.508972,15:02:26.004,0.002311
15:02:26.005,11.619282,15:02:26.005,88.644044,15:02:26.005,0.001982
15:02:26.006,11.56863,15:02:26.006,88.120641,15:02:26.006,0.002969
15:02:26.007,11.636166,15:02:26.007,88.053105,15:02:26.007,0.004941
15:02:26.008,11.602398,15:02:26.008,88.323249,15:02:26.008,0.00264
15:02:26.009,11.619282,15:02:26.009,88.407669,15:02:26.009,0.002311
15:02:26.010,11.551746,15:02:26.010,87.968685,15:02:26.010,0.001325
15:02:26.011,11.619282,15:02:26.011,88.002453,15:02:26.011,0.002311
15:02:26.012,11.669934,15:02:26.012,88.272597,15:02:26.012,0.002969
15:02:26.013,11.73747,15:02:26.013,88.525856,15:02:26.013,0.002969
15:02:26.014,11.771238,15:02:26.014,88.289481,15:02:26.014,0.004284
15:02:26.015,11.771238,15:02:26.015,88.289481,15:02:26.015,0.001982
15:02:26.016,11.771238,15:02:26.016,88.441437,15:02:26.016,0.002969
15:02:26.017,11.788122,15:02:26.017,88.610276,15:02:26.017,0.001653
15:02:26.018,11.838774,15:02:26.018,88.441437,15:02:26.018,0.003626
15:02:26.019,11.855658,15:02:26.019,88.508972,15:02:26.019,0.002311
15:02:26.020,11.855658,15:02:26.020,88.593392,15:02:26.020,0.003297
15:02:26.021,11.923194,15:02:26.021,88.593392,15:02:26.021,0.003626
15:02:26.022,11.956962,15:02:26.022,88.458321,15:02:26.022,0.003297
15:02:26.023,11.940078,15:02:26.023,88.407669,15:02:26.023,0.002311
15:02:26.024,11.90631,15:02:26.024,88.340133,15:02:26.024,0.002311
15:02:26.025,11.82189,15:02:26.025,88.340133,15:02:26.025,0.00264
15:02:26.026,11.788122,15:02:26.026,88.188177,15:02:26.026,0.002969
15:02:26.027,11.771238,15:02:26.027,87.951801,15:02:26.027,0.002969
15:02:26.028,11.703702,15:02:26.028,87.918033,15:02:26.028,0.003297
15:02:26.029,11.636166,15:02:26.029,88.019337,15:02:26.029,0.001653
15:02:26.030,11.619282,15:02:26.030,87.884265,15:02:26.030,0.003955
15:02:26.031,11.619282,15:02:26.031,87.749193,15:02:26.031,0.003297
15:02:26.032,11.56863,15:02:26.032,87.698541,15:02:26.032,0.004941
15:02:26.033,11.585514,15:02:26.033,87.918033,15:02:26.033,0.001982
15:02:26.034,11.534862,15:02:26.034,87.647889,15:02:26.034,0.00264
15:02:26.035,11.39979,15:02:26.035,87.614121,15:02:26.035,0.001653
15:02:26.036,11.332254,15:02:26.036,87.580353,15:02:26.036,0.002311
15:02:26.037,11.332254,15:02:26.037,87.782961,15:02:26.037,0.00264
15:02:26.038,11.31537,15:02:26.038,87.597237,15:02:26.038,0.003626
15:02:26.039,11.366022,15:02:26.039,87.597237,15:02:26.039,0.00264
15:02:26.040,11.349138,15:02:26.040,87.614121,15:02:26.040,0.003297
15:02:26.041,11.366022,15:02:26.041,87.732309,15:02:26.041,0.001653
15:02:26.042,11.332254,15:02:26.042,87.512817,15:02:26.042,0.001982
15:02:26.043,11.332254,15:02:26.043,87.411514,15:02:26.043,0.002311
15:02:26.044,11.23095,15:02:26.044,87.445282,15:02:26.044,0.003955
15:02:26.045,11.247834,15:02:26.045,87.681657,15:02:26.045,0.002311
15:02:26.046,11.163414,15:02:26.046,87.39463,15:02:26.046,0.00264
15:02:26.047,11.23095,15:02:26.047,87.259558,15:02:26.047,0.003626
15:02:26.048,11.214066,15:02:26.048,87.276442,15:02:26.048,0.002969
15:02:26.049,11.31537,15:02:26.049,87.39463,15:02:26.049,0.00264
15:02:26.050,11.332254,15:02:26.050,87.327094,15:02:26.050,0.001653
15:02:26.051,11.281602,15:02:26.051,87.107602,15:02:26.051,0.003297
15:02:26.052,11.349138,15:02:26.052,87.124486,15:02:26.052,0.004941
15:02:26.053,11.366022,15:02:26.053,87.192022,15:02:26.053,0.002311
15:02:26.054,11.264718,15:02:26.054,87.006298,15:02:26.054,0.00264
15:02:26.055,11.23095,15:02:26.055,86.88811,15:02:26.055,0.001325
15:02:26.056,11.281602,15:02:26.056,86.837458,15:02:26.056,0.001653
15:02:26.057,11.349138,15:02:26.057,87.006298,15:02:26.057,0.001982
15:02:26.058,11.332254,15:02:26.058,86.80369,15:02:26.058,0.001653
15:02:26.059,11.39979,15:02:26.059,86.820574,15:02:26.059,0.003626
15:02:26.060,11.382906,15:02:26.060,86.601082,15:02:26.060,0.002311
15:02:26.061,11.366022,15:02:26.061,86.769922,15:02:26.061,0.004284
15:02:26.062,11.264718,15:02:26.062,86.668618,15:02:26.062,0.001653
15:02:26.063,11.31537,15:02:26.063,86.567314,15:02:26.063,0.003955
15:02:26.064,11.264718,15:02:26.064,86.364707,15:02:26.064,0.002969
15:02:26.065,11.23095,15:02:26.065,86.63485,15:02:26.065,0.00264
15:02:26.066,11.264718,15:02:26.066,86.398475,15:02:26.066,0.001325
15:02:26.067,11.23095,15:02:26.067,86.246519,15:02:26.067,0.002311
15:02:26.068,11.163414,15:02:26.068,86.195867,15:02:26.068,0.002969
15:02:26.069,11.129646,15:02:26.069,86.314055,15:02:26.069,0.003297
15:02:26.070,11.095878,15:02:26.070,86.145215,15:02:26.070,0.00264
15:02:26.071,11.095878,15:02:26.071,86.043911,15:02:26.071,0.002311
15:02:26.072,11.06211,15:02:26.072,86.043911,15:02:26.072,0.001982
15:02:26.073,11.011458,15:02:26.073,86.229635,15:02:26.073,0.003297
15:02:26.074,11.06211,15:02:26.074,86.027027,15:02:26.074,0.003297
15:02:26.075,10.97769,15:02:26.075,85.942607,15:02:26.075,0.00264
15:02:26.076,10.960806,15:02:26.076,85.925723,15:02:26.076,0.002311
15:02:26.077,10.994574,15:02:26.077,86.027027,15:02:26.077,0.002969
15:02:26.078,10.89327,15:02:26.078,86.010143,15:02:26.078,0.00264
15:02:26.079,10.994574,15:02:26.079,85.908839,15:02:26.079,0.001982
15:02:26.080,10.960806,15:02:26.080,85.858187,15:02:26.080,0.001653
15:02:26.081,10.994574,15:02:26.081,86.060795,15:02:26.081,0.00264
15:02:26.082,11.011458,15:02:26.082,86.111447,15:02:26.082,0.003297
15:02:26.083,10.943922,15:02:26.083,85.993259,15:02:26.083,0.004284
15:02:26.084,10.994574,15:02:26.084,85.942607,15:02:26.084,0.00264
15:02:26.085,10.97769,15:02:26.085,86.060795,15:02:26.085,0.00264
15:02:26.086,10.960806,15:02:26.086,85.959491,15:02:26.086,0.000667
15:02:26.087,10.960806,15:02:26.087,85.807535,15:02:26.087,0.003955
15:02:26.088,10.97769,15:02:26.088,85.756883,15:02:26.088,0.002969
15:02:26.089,10.927038,15:02:26.089,85.891955,15:02:26.089,0.003297
15:02:26.090,10.97769,15:02:26.090,85.908839,15:02:26.090,0.00264
15:02:26.091,10.960806,15:02:26.091,85.689347,15:02:26.091,0.002311
15:02:26.092,10.960806,15:02:26.092,85.520507,15:02:26.092,0.002969
15:02:26.093,10.960806,15:02:26.093,85.672463,15:02:26.093,0.000996
15:02:26.094,10.910154,15:02:26.094,85.588043,15:02:26.094,0.00264
15:02:26.095,11.011458,15:02:26.095,85.537391,15:02:26.095,0.001982
15:02:26.096,10.960806,15:02:26.096,85.469855,15:02:26.096,0.003955
15:02:26.097,10.994574,15:02:26.097,85.520507,15:02:26.097,0.004612
15:02:26.098,10.960806,15:02:26.098,85.554275,15:02:26.098,0.001982
15:02:26.099,11.045226,15:02:26.099,85.334784,15:02:26.099,0.003955
15:02:26.100,10.994574,15:02:26.100,85.334784,15:02:26.100,0.002311
15:02:26.101,10.97769,15:02:26.101,85.436087,15:02:26.101,0.002311
15:02:26.102,10.927038,15:02:26.102,85.469855,15:02:26.102,0.002969
15:02:26.103,10.910154,15:02:26.103,85.267248,15:02:26.103,0.001653
15:02:26.104,10.876386,15:02:26.104,85.267248,15:02:26.104,0.004941
15:02:26.105,10.80885,15:02:26.105,85.452971,15:02:26.105,0.00264
15:02:26.106,10.758198,15:02:26.106,85.385436,15:02:26.106,0.003626
15:02:26.107,10.825734,15:02:26.107,85.216596,15:02:26.107,0.000996
15:02:26.108,10.72443,15:02:26.108,85.115292,15:02:26.108,0.004612
15:02:26.109,10.707546,15:02:26.109,85.334784,15:02:26.109,0.003297
15:02:26.110,10.623126,15:02:26.110,85.301016,15:02:26.110,0.002969
15:02:26.111,10.72443,15:02:26.111,85.06464,15:02:26.111,0.001982
15:02:26.112,10.656894,15:02:26.112,85.030872,15:02:26.112,0.001982
15:02:26.113,10.521822,15:02:26.113,85.23348,15:02:26.113,0.002969
15:02:26.114,10.64001,15:02:26.114,85.267248,15:02:26.114,0.004612
15:02:26.115,10.690662,15:02:26.115,85.047756,15:02:26.115,0.002969
15:02:26.116,10.623126,15:02:26.116,85.182828,15:02:26.116,0.002969
15:02:26.117,10.690662,15:02:26.117,85.081524,15:02:26.117,0.001325
15:02:26.118,10.72443,15:02:26.118,85.23348,15:02:26.118,0.003297
15:02:26.119,10.673778,15:02:26.119,85.047756,15:02:26.119,0.00264
15:02:26.120,10.707546,15:02:26.120,85.030872,15:02:26.120,0.003297
15:02:26.121,10.72443,15:02:26.121,85.14906,15:02:26.121,0.001982
15:02:26.122,10.741314,15:02:26.122,85.199712,15:02:26.122,0.00264
15:02:26.123,10.791966,15:02:26.123,84.929568,15:02:26.123,0.00264
15:02:26.124,10.775082,15:02:26.124,84.98022,15:02:26.124,0.002311
15:02:26.125,10.758198,15:02:26.125,85.06464,15:02:26.125,0.001653
15:02:26.126,10.690662,15:02:26.126,85.216596,15:02:26.126,0.002311
15:02:26.127,10.690662,15:02:26.127,84.997104,15:02:26.127,0.00264
15:02:26.128,10.673778,15:02:26.128,84.862032,15:02:26.128,0.003626
15:02:26.129,10.72443,15:02:26.129,84.98022,15:02:26.129,0.00264
15:02:26.130,10.656894,15:02:26.130,84.98022,15:02:26.130,0.003297
15:02:26.131,10.606242,15:02:26.131,84.794496,15:02:26.131,0.002311
15:02:26.132,10.64001,15:02:26.132,84.743844,15:02:26.132,0.003297
15:02:26.133,10.589358,15:02:26.133,84.72696,15:02:26.133,0.00264
15:02:26.134,10.572474,15:02:26.134,84.845148,15:02:26.134,0.002969
15:02:26.135,10.521822,15:02:26.135,84.55812,15:02:26.135,0.002969
15:02:26.136,10.488054,15:02:26.136,84.575004,15:02:26.136,0.001982
15:02:26.137,10.420518,15:02:26.137,84.55812,15:02:26.137,0.002969
15:02:26.138,10.521822,15:02:26.138,84.608772,15:02:26.138,0.001325
15:02:26.139,10.454286,15:02:26.139,84.439932,15:02:26.139,0.003626
15:02:26.140,10.47117,15:02:26.140,84.406164,15:02:26.140,0.001653
15:02:26.141,10.437402,15:02:26.141,84.439932,15:02:26.141,0.003626
15:02:26.142,10.369866,15:02:26.142,84.591888,15:02:26.142,0.003955
15:02:26.143,10.38675,15:02:26.143,84.4737,15:02:26.143,0.003626
15:02:26.144,10.437402,15:02:26.144,84.4737,15:02:26.144,0.003297
15:02:26.145,10.369866,15:02:26.145,84.490584,15:02:26.145,0.001653
15:02:26.146,10.352982,15:02:26.146,84.591888,15:02:26.146,0.00264
15:02:26.147,10.319214,15:02:26.147,84.490584,15:02:26.147,0.002311
15:02:26.148,10.352982,15:02:26.148,84.439932,15:02:26.148,0.00264
15:02:26.149,10.268562,15:02:26.149,84.439932,15:02:26.149,0.004284
15:02:26.150,10.268562,15:02:26.150,84.524352,15:02:26.150,0.001653
15:02:26.151,10.285446,15:02:26.151,84.102253,15:02:26.151,0.003626
15:02:26.152,10.319214,15:02:26.152,84.034717,15:02:26.152,0.002969
15:02:26.153,10.21791,15:02:26.153,84.034717,15:02:26.153,0.003955
15:02:26.154,10.184142,15:02:26.154,84.321745,15:02:26.154,0.001653
15:02:26.155,10.251678,15:02:26.155,84.000949,15:02:26.155,0.003297
15:02:26.156,10.352982,15:02:26.156,83.984065,15:02:26.156,0.002969
15:02:26.157,10.285446,15:02:26.157,83.950297,15:02:26.157,0.00264
15:02:26.158,10.268562,15:02:26.158,84.271093,15:02:26.158,0.003297
15:02:26.159,10.336098,15:02:26.159,83.967181,15:02:26.159,0.003297
15:02:26.160,10.369866,15:02:26.160,83.899645,15:02:26.160,0.002311
15:02:26.161,10.369866,15:02:26.161,83.832109,15:02:26.161,0.001982
15:02:26.162,10.352982,15:02:26.162,84.254209,15:02:26.162,0.00264
15:02:26.163,10.420518,15:02:26.163,83.950297,15:02:26.163,0.00264
15:02:26.164,10.369866,15:02:26.164,83.764573,15:02:26.164,0.002311
15:02:26.165,10.369866,15:02:26.165,83.865877,15:02:26.165,0.003955
15:02:26.166,10.352982,15:02:26.166,84.119137,15:02:26.166,0.002311
15:02:26.167,10.319214,15:02:26.167,83.815225,15:02:26.167,0.003626
15:02:26.168,10.336098,15:02:26.168,83.595733,15:02:26.168,0.00264
15:02:26.169,10.285446,15:02:26.169,83.528197,15:02:26.169,0.002311
15:02:26.170,10.285446,15:02:26.170,83.848993,15:02:26.170,0.001982
15:02:26.171,10.285446,15:02:26.171,83.578849,15:02:26.171,0.002311
15:02:26.172,10.285446,15:02:26.172,83.511313,15:02:26.172,0.003626
15:02:26.173,10.268562,15:02:26.173,83.494429,15:02:26.173,0.003297
15:02:26.174,10.184142,15:02:26.174,83.848993,15:02:26.174,0.003955
15:02:26.175,10.201026,15:02:26.175,83.680153,15:02:26.175,0.003626
15:02:26.176,10.201026,15:02:26.176,83.595733,15:02:26.176,0.002969
15:02:26.177,10.150375,15:02:26.177,83.663269,15:02:26.177,0.003955
15:02:26.178,10.167258,15:02:26.178,83.933413,15:02:26.178,0.001982
15:02:26.179,10.268562,15:02:26.179,83.848993,15:02:26.179,0.003297
15:02:26.180,10.234794,15:02:26.180,83.629501,15:02:26.180,0.002969
15:02:26.181,10.184142,15:02:26.181,83.663269,15:02:26.181,0.001653
15:02:26.182,10.184142,15:02:26.182,83.764573,15:02:26.182,0.002969
15:02:26.183,10.21791,15:02:26.183,83.730805,15:02:26.183,0.001653
15:02:26.184,10.150375,15:02:26.184,83.595733,15:02:26.184,0.003955
15:02:26.185,10.116607,15:02:26.185,83.460661,15:02:26.185,0.001653
15:02:26.186,10.116607,15:02:26.186,83.578849,15:02:26.186,0.002311
15:02:26.187,10.032187,15:02:26.187,83.494429,15:02:26.187,0.002969
15:02:26.188,10.049071,15:02:26.188,83.274938,15:02:26.188,0.002969
15:02:26.189,10.049071,15:02:26.189,83.24117,15:02:26.189,0.003297
15:02:26.190,9.998419,15:02:26.190,83.376241,15:02:26.190,0.001653
15:02:26.191,9.998419,15:02:26.191,83.274938,15:02:26.191,0.00264
15:02:26.192,9.947767,15:02:26.192,83.207402,15:02:26.192,0.002969
15:02:26.193,9.947767,15:02:26.193,83.224286,15:02:26.193,0.00264
15:02:26.194,9.913999,15:02:26.194,83.258054,15:02:26.194,0.003626
15:02:26.195,9.947767,15:02:26.195,83.224286,15:02:26.195,0.001325
15:02:26.196,9.930883,15:02:26.196,83.055446,15:02:26.196,0.003626
15:02:26.197,9.897115,15:02:26.197,83.004794,15:02:26.197,0.001982
15:02:26.198,9.998419,15:02:26.198,83.207402,15:02:26.198,0.004612
15:02:26.199,9.964651,15:02:26.199,83.122982,15:02:26.199,0.003626
15:02:26.200,9.981535,15:02:26.200,83.055446,15:02:26.200,0.00264
15:02:26.201,9.913999,15:02:26.201,83.055446,15:02:26.201,0.002311
15:02:26.202,9.981535,15:02:26.202,83.089214,15:02:26.202,0.001982
15:02:26.203,9.981535,15:02:26.203,83.07233,15:02:26.203,0.003626
15:02:26.204,9.897115,15:02:26.204,82.90349,15:02:26.204,0.004284
15:02:26.205,9.795811,15:02:26.205,82.802186,15:02:26.205,0.003626
15:02:26.206,9.913999,15:02:26.206,83.021678,15:02:26.206,0.002311
15:02:26.207,9.829579,15:02:26.207,83.004794,15:02:26.207,0.001653
15:02:26.208,9.863347,15:02:26.208,82.700882,15:02:26.208,0.003955
15:02:26.209,9.812695,15:02:26.209,82.633346,15:02:26.209,0.002311
15:02:26.210,9.778927,15:02:26.210,82.785302,15:02:26.210,0.002969
15:02:26.211,9.728275,15:02:26.211,82.65023,15:02:26.211,0.001653
15:02:26.212,9.728275,15:02:26.212,82.48139,15:02:26.212,0.004284
15:02:26.213,9.694507,15:02:26.213,82.464506,15:02:26.213,0.00264
15:02:26.214,9.728275,15:02:26.214,82.633346,15:02:26.214,0.000996
15:02:26.215,9.711391,15:02:26.215,82.667114,15:02:26.215,0.000996
15:02:26.216,9.711391,15:02:26.216,82.515158,15:02:26.216,0.002969
15:02:26.217,9.762043,15:02:26.217,82.48139,15:02:26.217,0.003297
15:02:26.218,9.745159,15:02:26.218,82.582694,15:02:26.218,0.002969
15:02:26.219,9.745159,15:02:26.219,82.616462,15:02:26.219,0.002311
15:02:26.220,9.795811,15:02:26.220,82.380086,15:02:26.220,0.00264
15:02:26.221,9.745159,15:02:26.221,82.363202,15:02:26.221,0.001982
15:02:26.222,9.795811,15:02:26.222,82.532042,15:02:26.222,0.003297
15:02:26.223,9.812695,15:02:26.223,82.515158,15:02:26.223,0.002311
15:02:26.224,9.745159,15:02:26.224,82.346318,15:02:26.224,0.002311
15:02:26.225,9.711391,15:02:26.225,82.31255,15:02:26.225,0.00264
15:02:26.226,9.728275,15:02:26.226,82.245014,15:02:26.226,0.00264
15:02:26.227,9.626971,15:02:26.227,82.31255,15:02:26.227,0.003297
15:02:26.228,9.643855,15:02:26.228,82.109943,15:02:26.228,0.002311
15:02:26.229,9.677623,15:02:26.229,82.059291,15:02:26.229,0.002311
15:02:26.230,9.610087,15:02:26.230,82.211246,15:02:26.230,0.001982
15:02:26.231,9.643855,15:02:26.231,82.278782,15:02:26.231,0.002969
15:02:26.232,9.711391,15:02:26.232,82.109943,15:02:26.232,0.003626
15:02:26.233,9.711391,15:02:26.233,81.974871,15:02:26.233,0.002969
15:02:26.234,9.576319,15:02:26.234,82.177479,15:02:26.234,0.003626
15:02:26.235,9.643855,15:02:26.235,82.278782,15:02:26.235,0.001982
15:02:26.236,9.626971,15:02:26.236,82.109943,15:02:26.236,0.002311
15:02:26.237,9.643855,15:02:26.237,82.076175,15:02:26.237,0.00264
15:02:26.238,9.626971,15:02:26.238,82.177479,15:02:26.238,0.002311
15:02:26.239,9.626971,15:02:26.239,82.363202,15:02:26.239,0.003955
15:02:26.240,9.643855,15:02:26.240,81.974871,15:02:26.240,0.001982
15:02:26.241,9.593203,15:02:26.241,81.991755,15:02:26.241,0.003297
15:02:26.242,9.643855,15:02:26.242,82.008639,15:02:26.242,0.001653
15:02:26.243,9.626971,15:02:26.243,82.109943,15:02:26.243,0.003297
15:02:26.244,9.610087,15:02:26.244,81.890451,15:02:26.244,0.002969
15:02:26.245,9.525667,15:02:26.245,81.806031,15:02:26.245,0.003626
15:02:26.246,9.508783,15:02:26.246,81.839799,15:02:26.246,0.003297
15:02:26.247,9.508783,15:02:26.247,81.991755,15:02:26.247,0.002311
15:02:26.248,9.475015,15:02:26.248,81.704727,15:02:26.248,0.002969
15:02:26.249,9.491899,15:02:26.249,81.586539,15:02:26.249,0.00264
15:02:26.250,9.475015,15:02:26.250,81.738495,15:02:26.250,0.002311
15:02:26.251,9.441247,15:02:26.251,81.789147,15:02:26.251,0.001653
15:02:26.252,9.441247,15:02:26.252,81.569655,15:02:26.252,0.00264
15:02:26.253,9.458131,15:02:26.253,81.552771,15:02:26.253,0.004284
15:02:26.254,9.407479,15:02:26.254,81.620307,15:02:26.254,0.00264
15:02:26.255,9.373711,15:02:26.255,81.704727,15:02:26.255,0.003626
15:02:26.256,9.373711,15:02:26.256,81.586539,15:02:26.256,0.002311
15:02:26.257,9.390595,15:02:26.257,81.552771,15:02:26.257,0.004941
15:02:26.258,9.491899,15:02:26.258,81.586539,15:02:26.258,0.002969
15:02:26.259,9.373711,15:02:26.259,81.704727,15:02:26.259,0.001982
15:02:26.260,9.508783,15:02:26.260,81.468351,15:02:26.260,0.001653
15:02:26.261,9.424363,15:02:26.261,81.519003,15:02:26.261,0.002969
15:02:26.262,9.441247,15:02:26.262,81.586539,15:02:26.262,0.004284
15:02:26.263,9.407479,15:02:26.263,81.620307,15:02:26.263,0.003297
15:02:26.264,9.424363,15:02:26.264,81.367047,15:02:26.264,0.00264
15:02:26.265,9.373711,15:02:26.265,81.350163,15:02:26.265,0.00264
15:02:26.266,9.373711,15:02:26.266,81.248859,15:02:26.266,0.001982
15:02:26.267,9.356827,15:02:26.267,81.451467,15:02:26.267,0.002969
15:02:26.268,9.255523,15:02:26.268,81.282627,15:02:26.268,0.002311
15:02:26.269,9.323059,15:02:26.269,81.282627,15:02:26.269,0.003297
15:02:26.270,9.272407,15:02:26.270,81.231975,15:02:26.270,0.00264
15:02:26.271,9.238639,15:02:26.271,81.400815,15:02:26.271,0.001653
15:02:26.272,9.187987,15:02:26.272,81.265743,15:02:26.272,0.003297
15:02:26.273,9.272407,15:02:26.273,81.164439,15:02:26.273,0.00264
15:02:26.274,9.187987,15:02:26.274,81.181323,15:02:26.274,0.001325
15:02:26.275,9.137335,15:02:26.275,81.316395,15:02:26.275,0.001982
15:02:26.276,9.154219,15:02:26.276,81.265743,15:02:26.276,0.00264
15:02:26.277,9.221755,15:02:26.277,81.147555,15:02:26.277,0.004612
15:02:26.278,9.204871,15:02:26.278,81.130671,15:02:26.278,0.001982
15:02:26.279,9.204871,15:02:26.279,81.265743,15:02:26.279,0.003297
15:02:26.280,9.238639,15:02:26.280,81.063136,15:02:26.280,0.001653
15:02:26.281,9.221755,15:02:26.281,81.08002,15:02:26.281,0.00264
15:02:26.282,9.238639,15:02:26.282,81.046252,15:02:26.282,0.002969
15:02:26.283,9.120451,15:02:26.283,81.130671,15:02:26.283,0.003297
15:02:26.284,9.187987,15:02:26.284,80.877412,15:02:26.284,0.003297
15:02:26.285,9.187987,15:02:26.285,80.809876,15:02:26.285,0.001653
15:02:26.286,9.171103,15:02:26.286,80.776108,15:02:26.286,0.001982
15:02:26.287,9.154219,15:02:26.287,81.012484,15:02:26.287,0.00264
15:02:26.288,9.154219,15:02:26.288,80.894296,15:02:26.288,0.002311
15:02:26.289,9.171103,15:02:26.289,80.708572,15:02:26.289,0.00264
15:02:26.290,9.086683,15:02:26.290,80.759224,15:02:26.290,0.002311
15:02:26.291,9.103567,15:02:26.291,80.877412,15:02:26.291,0.002311
15:02:26.292,9.069799,15:02:26.292,80.759224,15:02:26.292,0.001982
15:02:26.293,9.103567,15:02:26.293,80.674804,15:02:26.293,0.00264
15:02:26.294,9.086683,15:02:26.294,80.65792,15:02:26.294,0.003297
15:02:26.295,9.086683,15:02:26.295,80.860528,15:02:26.295,0.002311
15:02:26.296,9.036031,15:02:26.296,80.74234,15:02:26.296,0.002311
15:02:26.297,9.052915,15:02:26.297,80.691688,15:02:26.297,0.001653
15:02:26.298,9.069799,15:02:26.298,80.641036,15:02:26.298,0.003297
15:02:26.299,9.103567,15:02:26.299,80.776108,15:02:26.299,0.003297
15:02:26.300,9.137335,15:02:26.300,80.472196,15:02:26.300,0.003626
15:02:26.301,9.120451,15:02:26.301,80.168284,15:02:26.301,0.003297
15:02:26.302,9.086683,15:02:26.302,80.100748,15:02:26.302,0.002311
15:02:26.303,9.069799,15:02:26.303,80.522848,15:02:26.303,0.002969
15:02:26.304,9.086683,15:02:26.304,80.286472,15:02:26.304,0.001653
15:02:26.305,9.019147,15:02:26.305,80.218936,15:02:26.305,0.001982
15:02:26.306,8.985379,15:02:26.306,80.083864,15:02:26.306,0.003626
15:02:26.307,8.951611,15:02:26.307,80.354008,15:02:26.307,0.003955
15:02:26.308,9.002263,15:02:26.308,80.202052,15:02:26.308,0.00264
15:02:26.309,8.900959,15:02:26.309,80.06698,15:02:26.309,0.002969
15:02:26.310,8.917843,15:02:26.310,80.083864,15:02:26.310,0.00264
15:02:26.311,8.867191,15:02:26.311,80.354008,15:02:26.311,0.002311
15:02:26.312,8.934727,15:02:26.312,80.252704,15:02:26.312,0.003297
15:02:26.313,8.850307,15:02:26.313,80.016328,15:02:26.313,0.003626
15:02:26.314,8.782771,15:02:26.314,79.881257,15:02:26.314,0.001982
15:02:26.315,8.850307,15:02:26.315,80.218936,15:02:26.315,0.002311
15:02:26.316,8.833423,15:02:26.316,80.185168,15:02:26.316,0.003626
15:02:26.317,8.850307,15:02:26.317,79.881257,15:02:26.317,0.001653
15:02:26.318,8.833423,15:02:26.318,79.881257,15:02:26.318,0.001325
15:02:26.319,8.867191,15:02:26.319,80.23582,15:02:26.319,0.002311
15:02:26.320,8.917843,15:02:26.320,80.050096,15:02:26.320,0.00264
15:02:26.321,8.867191,15:02:26.321,79.712417,15:02:26.321,0.00264
15:02:26.322,8.934727,15:02:26.322,79.661765,15:02:26.322,0.001653
15:02:26.323,8.900959,15:02:26.323,80.033212,15:02:26.323,0.001982
15:02:26.324,8.951611,15:02:26.324,80.033212,15:02:26.324,0.004612
15:02:26.325,8.884075,15:02:26.325,79.915025,15:02:26.325,0.00264
15:02:26.326,8.867191,15:02:26.326,79.931909,15:02:26.326,0.001982
15:02:26.327,8.884075,15:02:26.327,80.033212,15:02:26.327,0.002969
15:02:26.328,8.799655,15:02:26.328,79.948793,15:02:26.328,0.003297
15:02:26.329,8.782771,15:02:26.329,79.864373,15:02:26.329,0.00264
15:02:26.330,8.799655,15:02:26.330,79.763069,15:02:26.330,0.00264
15:02:26.331,8.782771,15:02:26.331,79.948793,15:02:26.331,0.004284
15:02:26.332,8.765887,15:02:26.332,79.847489,15:02:26.332,0.002969
15:02:26.333,8.732119,15:02:26.333,79.712417,15:02:26.333,0.00264
15:02:26.334,8.732119,15:02:26.334,79.661765,15:02:26.334,0.00264
15:02:26.335,8.681467,15:02:26.335,79.813721,15:02:26.335,0.002311
15:02:26.336,8.749003,15:02:26.336,79.813721,15:02:26.336,0.002969
15:02:26.337,8.749003,15:02:26.337,79.627997,15:02:26.337,0.003626
15:02:26.338,8.765887,15:02:26.338,79.627997,15:02:26.338,0.00264
15:02:26.339,8.749003,15:02:26.339,79.746185,15:02:26.339,0.003955
15:02:26.340,8.698351,15:02:26.340,79.813721,15:02:26.340,0.002311
15:02:26.341,8.782771,15:02:26.341,79.509809,15:02:26.341,0.003955
15:02:26.342,8.765887,15:02:26.342,79.509809,15:02:26.342,0.00264
15:02:26.343,8.715235,15:02:26.343,79.644881,15:02:26.343,0.003955
15:02:26.344,8.664583,15:02:26.344,79.594229,15:02:26.344,0.002311
15:02:26.345,8.630815,15:02:26.345,79.509809,15:02:26.345,0.00264
15:02:26.346,8.630815,15:02:26.346,79.324085,15:02:26.346,0.004284
15:02:26.347,8.563279,15:02:26.347,79.425389,15:02:26.347,0.002969
15:02:26.348,8.546395,15:02:26.348,79.627997,15:02:26.348,0.00264
15:02:26.349,8.563279,15:02:26.349,79.239665,15:02:26.349,0.00264
15:02:26.350,8.580163,15:02:26.350,79.307201,15:02:26.350,0.002311
15:02:26.351,8.613931,15:02:26.351,79.324085,15:02:26.351,0.00264
15:02:26.352,8.529511,15:02:26.352,79.459157,15:02:26.352,0.002311
15:02:26.353,8.495743,15:02:26.353,79.290317,15:02:26.353,0.003626
15:02:26.354,8.512627,15:02:26.354,79.121477,15:02:26.354,0.002969
15:02:26.355,8.512627,15:02:26.355,79.340969,15:02:26.355,0.00264
15:02:26.356,8.495743,15:02:26.356,79.340969,15:02:26.356,0.002969
15:02:26.357,8.495743,15:02:26.357,79.172129,15:02:26.357,0.003297
15:02:26.358,8.529511,15:02:26.358,79.070825,15:02:26.358,0.00264
15:02:26.359,8.512627,15:02:26.359,79.239665,15:02:26.359,0.001982
15:02:26.360,8.546395,15:02:26.360,79.273433,15:02:26.360,0.001982
15:02:26.361,8.597047,15:02:26.361,79.037057,15:02:26.361,0.001982
15:02:26.362,8.597047,15:02:26.362,79.003289,15:02:26.362,0.002969
15:02:26.363,8.546395,15:02:26.363,79.070825,15:02:26.363,0.002311
15:02:26.364,8.495743,15:02:26.364,79.070825,15:02:26.364,0.001653
15:02:26.365,8.529511,15:02:26.365,78.918869,15:02:26.365,0.00264
15:02:26.366,8.512627,15:02:26.366,78.901985,15:02:26.366,0.00264
15:02:26.367,8.411323,15:02:26.367,78.986405,15:02:26.367,0.001325
15:02:26.368,8.411323,15:02:26.368,78.935753,15:02:26.368,0.00264
15:02:26.369,8.394439,15:02:26.369,78.817566,15:02:26.369,0.002311
15:02:26.370,8.394439,15:02:26.370,78.868217,15:02:26.370,0.003297
15:02:26.371,8.377555,15:02:26.371,78.868217,15:02:26.371,0.002311
15:02:26.372,8.360671,15:02:26.372,78.918869,15:02:26.372,0.003626
15:02:26.373,8.360671,15:02:26.373,78.733146,15:02:26.373,0.001325
15:02:26.374,8.310019,15:02:26.374,78.800682,15:02:26.374,0.003297
15:02:26.375,8.293135,15:02:26.375,78.733146,15:02:26.375,0.00264
15:02:26.376,8.259367,15:02:26.376,78.918869,15:02:26.376,0.002969
15:02:26.377,8.394439,15:02:26.377,78.766914,15:02:26.377,0.001653
15:02:26.378,8.343787,15:02:26.378,78.733146,15:02:26.378,0.002311
15:02:26.379,8.343787,15:02:26.379,78.682494,15:02:26.379,0.00264
15:02:26.380,8.326903,15:02:26.380,78.885101,15:02:26.380,0.002311
15:02:26.381,8.360671,15:02:26.381,78.733146,15:02:26.381,0.00264
15:02:26.382,8.326903,15:02:26.382,78.513654,15:02:26.382,0.003626
15:02:26.383,8.326903,15:02:26.383,78.66561,15:02:26.383,0.002969
15:02:26.384,8.326903,15:02:26.384,78.75003,15:02:26.384,0.001982
15:02:26.385,8.242483,15:02:26.385,78.58119,15:02:26.385,0.003297
15:02:26.386,8.276251,15:02:26.386,78.463002,15:02:26.386,0.003297
15:02:26.387,8.225599,15:02:26.387,78.547422,15:02:26.387,0.002311
15:02:26.388,8.141179,15:02:26.388,78.699378,15:02:26.388,0.001325
15:02:26.389,8.242483,15:02:26.389,78.66561,15:02:26.389,0.001653
15:02:26.390,8.191831,15:02:26.390,78.463002,15:02:26.390,0.002311
15:02:26.391,8.174947,15:02:26.391,78.530538,15:02:26.391,0.002311
15:02:26.392,8.208715,15:02:26.392,78.547422,15:02:26.392,0.00264
15:02:26.393,8.242483,15:02:26.393,78.479886,15:02:26.393,0.003297
15:02:26.394,8.225599,15:02:26.394,78.41235,15:02:26.394,0.004612
15:02:26.395,8.225599,15:02:26.395,78.32793,15:02:26.395,0.002969
15:02:26.396,8.208715,15:02:26.396,78.58119,15:02:26.396,0.001325
15:02:26.397,8.225599,15:02:26.397,78.32793,15:02:26.397,0.002969
15:02:26.398,8.225599,15:02:26.398,78.209742,15:02:26.398,0.00264
15:02:26.399,8.293135,15:02:26.399,78.277278,15:02:26.399,0.003955
15:02:26.400,8.259367,15:02:26.400,78.41235,15:02:26.400,0.002969
15:02:26.401,8.276251,15:02:26.401,78.311046,15:02:26.401,0.002311
15:02:26.402,8.225599,15:02:26.402,78.209742,15:02:26.402,0.001982
15:02:26.403,8.259367,15:02:26.403,78.108438,15:02:26.403,0.003297
15:02:26.404,8.191831,15:02:26.404,78.294162,15:02:26.404,0.002969
15:02:26.405,8.158063,15:02:26.405,78.226626,15:02:26.405,0.00264
15:02:26.406,8.124295,15:02:26.406,78.108438,15:02:26.406,0.001653
15:02:26.407,8.225599,15:02:26.407,78.125322,15:02:26.407,0.001982
15:02:26.408,8.124295,15:02:26.408,78.175974,15:02:26.408,0.00264
15:02:26.409,8.090527,15:02:26.409,78.142206,15:02:26.409,0.001982
15:02:26.410,8.158063,15:02:26.410,78.007134,15:02:26.410,0.001982
15:02:26.411,7.989223,15:02:26.411,77.922714,15:02:26.411,0.002969
15:02:26.412,8.006107,15:02:26.412,78.125322,15:02:26.412,0.001653
15:02:26.413,8.006107,15:02:26.413,77.855178,15:02:26.413,0.00264
15:02:26.414,7.955455,15:02:26.414,77.90583,15:02:26.414,0.003626
15:02:26.415,8.022991,15:02:26.415,77.82141,15:02:26.415,0.003626
15:02:26.416,7.921687,15:02:26.416,78.007134,15:02:26.416,0.002969
15:02:26.417,7.955455,15:02:26.417,77.973366,15:02:26.417,0.004284
15:02:26.418,7.972339,15:02:26.418,77.855178,15:02:26.418,0.003626
15:02:26.419,7.955455,15:02:26.419,77.82141,15:02:26.419,0.001653
15:02:26.420,8.006107,15:02:26.420,77.956482,15:02:26.420,0.002311
15:02:26.421,7.955455,15:02:26.421,77.872062,15:02:26.421,0.002969
15:02:26.422,7.904803,15:02:26.422,77.686338,15:02:26.422,0.002969
15:02:26.423,7.972339,15:02:26.423,77.635687,15:02:26.423,0.001982
15:02:26.424,7.938571,15:02:26.424,77.787642,15:02:26.424,0.004284
15:02:26.425,7.921687,15:02:26.425,77.686338,15:02:26.425,0.001653
15:02:26.426,7.887919,15:02:26.426,77.585035,15:02:26.426,0.003297
15:02:26.427,7.871035,15:02:26.427,77.534383,15:02:26.427,0.00264
15:02:26.428,7.854151,15:02:26.428,77.652571,15:02:26.428,0.002969
15:02:26.429,7.854151,15:02:26.429,77.551267,15:02:26.429,0.002969
15:02:26.430,7.887919,15:02:26.430,77.466847,15:02:26.430,0.001653
15:02:26.431,7.887919,15:02:26.431,77.483731,15:02:26.431,0.00264
15:02:26.432,7.871035,15:02:26.432,77.652571,15:02:26.432,0.003297
15:02:26.433,7.837267,15:02:26.433,77.669454,15:02:26.433,0.00264
15:02:26.434,7.786615,15:02:26.434,77.449963,15:02:26.434,0.003626
15:02:26.435,7.803499,15:02:26.435,77.534383,15:02:26.435,0.001982
15:02:26.436,7.854151,15:02:26.436,77.635687,15:02:26.436,0.003626
15:02:26.437,7.854151,15:02:26.437,77.568151,15:02:26.437,0.003297
15:02:26.438,7.887919,15:02:26.438,77.399311,15:02:26.438,0.00264
15:02:26.439,7.871035,15:02:26.439,77.331775,15:02:26.439,0.003297
15:02:26.440,7.820383,15:02:26.440,77.449963,15:02:26.440,0.00264
15:02:26.441,7.887919,15:02:26.441,77.483731,15:02:26.441,0.001982
15:02:26.442,7.854151,15:02:26.442,77.298007,15:02:26.442,0.002311
15:02:26.443,7.837267,15:02:26.443,77.179819,15:02:26.443,0.001653
15:02:26.444,7.854151,15:02:26.444,77.331775,15:02:26.444,0.002311
15:02:26.445,7.769731,15:02:26.445,77.264239,15:02:26.445,0.000996
15:02:26.446,7.735963,15:02:26.446,77.044747,15:02:26.446,0.004612
15:02:26.447,7.786615,15:02:26.447,77.095399,15:02:26.447,0.001982
15:02:26.448,7.786615,15:02:26.448,77.179819,15:02:26.448,0.003297
15:02:26.449,7.702195,15:02:26.449,77.196703,15:02:26.449,0.00264
15:02:26.450,7.668427,15:02:26.450,77.010979,15:02:26.450,0.003626
15:02:26.451,7.719079,15:02:26.451,76.994095,15:02:26.451,0.002969
15:02:26.452,7.651543,15:02:26.452,77.247355,15:02:26.452,0.002969
15:02:26.453,7.634659,15:02:26.453,77.247355,15:02:26.453,0.003297
15:02:26.454,7.685311,15:02:26.454,77.061631,15:02:26.454,0.00264
15:02:26.455,7.634659,15:02:26.455,77.010979,15:02:26.455,0.001982
15:02:26.456,7.634659,15:02:26.456,77.095399,15:02:26.456,0.002969
15:02:26.457,7.634659,15:02:26.457,77.196703,15:02:26.457,0.00264
15:02:26.458,7.752847,15:02:26.458,76.994095,15:02:26.458,0.001325
15:02:26.459,7.702195,15:02:26.459,76.926559,15:02:26.459,0.00264
15:02:26.460,7.685311,15:02:26.460,76.977211,15:02:26.460,0.003297
15:02:26.461,7.651543,15:02:26.461,77.044747,15:02:26.461,0.00264
15:02:26.462,7.752847,15:02:26.462,76.875907,15:02:26.462,0.002311
15:02:26.463,7.685311,15:02:26.463,76.740835,15:02:26.463,0.002969
15:02:26.464,7.617775,15:02:26.464,76.791487,15:02:26.464,0.00264
15:02:26.465,7.617775,15:02:26.465,76.859023,15:02:26.465,0.00264
15:02:26.466,7.617775,15:02:26.466,76.707067,15:02:26.466,0.003955
15:02:26.467,7.584007,15:02:26.467,76.656415,15:02:26.467,0.003626
15:02:26.468,7.617775,15:02:26.468,76.757719,15:02:26.468,0.00264
15:02:26.469,7.600891,15:02:26.469,76.859023,15:02:26.469,0.002311
15:02:26.470,7.533355,15:02:26.470,76.774603,15:02:26.470,0.001653
15:02:26.471,7.533355,15:02:26.471,76.673299,15:02:26.471,0.002969
15:02:26.472,7.499587,15:02:26.472,76.757719,15:02:26.472,0.002969
15:02:26.473,7.499587,15:02:26.473,76.757719,15:02:26.473,0.00264
15:02:26.474,7.584007,15:02:26.474,76.656415,15:02:26.474,0.005599
15:02:26.475,7.533355,15:02:26.475,76.656415,15:02:26.475,0.001982
15:02:26.476,7.567123,15:02:26.476,76.639531,15:02:26.476,0.002969
15:02:26.477,7.448935,15:02:26.477,76.639531,15:02:26.477,0.004612
15:02:26.478,7.499587,15:02:26.478,76.470692,15:02:26.478,0.001325
15:02:26.479,7.567123,15:02:26.479,76.369388,15:02:26.479,0.00264
15:02:26.480,7.516471,15:02:26.480,76.504459,15:02:26.480,0.002311
15:02:26.481,7.499587,15:02:26.481,76.538227,15:02:26.481,0.001982
15:02:26.482,7.465819,15:02:26.482,76.33562,15:02:26.482,0.002311
15:02:26.483,7.465819,15:02:26.483,76.183664,15:02:26.483,0.002311
15:02:26.484,7.465819,15:02:26.484,76.234316,15:02:26.484,0.004284
15:02:26.485,7.432051,15:02:26.485,76.42004,15:02:26.485,0.000996
15:02:26.486,7.448935,15:02:26.486,76.217432,15:02:26.486,0.003626
15:02:26.487,7.432051,15:02:26.487,76.200548,15:02:26.487,0.002311
15:02:26.488,7.381399,15:02:26.488,76.234316,15:02:26.488,0.001325
15:02:26.489,7.330747,15:02:26.489,76.352504,15:02:26.489,0.002969
15:02:26.490,7.364515,15:02:26.490,76.217432,15:02:26.490,0.003297
15:02:26.491,7.296979,15:02:26.491,76.200548,15:02:26.491,0.003297
15:02:26.492,7.246327,15:02:26.492,76.217432,15:02:26.492,0.003297
15:02:26.493,7.280095,15:02:26.493,76.403156,15:02:26.493,0.001982
15:02:26.494,7.263211,15:02:26.494,76.16678,15:02:26.494,0.00264
15:02:26.495,7.313863,15:02:26.495,76.133012,15:02:26.495,0.00264
15:02:26.496,7.296979,15:02:26.496,76.133012,15:02:26.496,0.001653
15:02:26.497,7.280095,15:02:26.497,76.183664,15:02:26.497,0.001982
15:02:26.498,7.296979,15:02:26.498,76.099244,15:02:26.498,0.00264
15:02:26.499,7.347631,15:02:26.499,76.08236,15:02:26.499,0.002969
15:02:26.500,7.381399,15:02:26.500,76.08236,15:02:26.500,0.002969
15:02:26.501,7.280095,15:02:26.501,76.149896,15:02:26.501,0.002969
15:02:26.502,7.347631,15:02:26.502,75.981056,15:02:26.502,0.003626
15:02:26.503,7.330747,15:02:26.503,75.930404,15:02:26.503,0.002969
15:02:26.504,7.313863,15:02:26.504,75.845984,15:02:26.504,0.002969
15:02:26.505,7.296979,15:02:26.505,75.99794,15:02:26.505,0.00264
15:02:26.506,7.246327,15:02:26.506,75.896636,15:02:26.506,0.001982
15:02:26.507,7.263211,15:02:26.507,75.795332,15:02:26.507,0.002311
15:02:26.508,7.280095,15:02:26.508,75.862868,15:02:26.508,0.001653
15:02:26.509,7.229443,15:02:26.509,75.981056,15:02:26.509,0.002311
15:02:26.510,7.246327,15:02:26.510,75.74468,15:02:26.510,0.002969
15:02:26.511,7.195675,15:02:26.511,75.778448,15:02:26.511,0.004612
15:02:26.512,7.246327,15:02:26.512,75.694028,15:02:26.512,0.004284
15:02:26.513,7.161907,15:02:26.513,75.812216,15:02:26.513,0.002969
15:02:26.514,7.145023,15:02:26.514,75.727796,15:02:26.514,0.00264
15:02:26.515,7.195675,15:02:26.515,75.710912,15:02:26.515,0.001653
15:02:26.516,7.263211,15:02:26.516,75.592724,15:02:26.516,0.002311
15:02:26.517,7.145023,15:02:26.517,75.778448,15:02:26.517,0.00264
15:02:26.518,7.195675,15:02:26.518,75.643376,15:02:26.518,0.00264
15:02:26.519,7.195675,15:02:26.519,75.592724,15:02:26.519,0.003955
15:02:26.520,7.145023,15:02:26.520,75.508304,15:02:26.520,0.001982
15:02:26.521,7.229443,15:02:26.521,75.74468,15:02:26.521,0.001982
15:02:26.522,7.195675,15:02:26.522,75.626492,15:02:26.522,0.001982
15:02:26.523,7.212559,15:02:26.523,75.457652,15:02:26.523,0.002969
15:02:26.524,7.145023,15:02:26.524,75.356348,15:02:26.524,0.00264
15:02:26.525,7.077487,15:02:26.525,75.558956,15:02:26.525,0.00264
15:02:26.526,7.111255,15:02:26.526,75.457652,15:02:26.526,0.002969
15:02:26.527,7.077487,15:02:26.527,75.356348,15:02:26.527,0.001982
15:02:26.528,7.043719,15:02:26.528,75.32258,15:02:26.528,0.002311
15:02:26.529,7.094371,15:02:26.529,75.49142,15:02:26.529,0.002311
15:02:26.530,7.077487,15:02:26.530,75.390116,15:02:26.530,0.00264
15:02:26.531,7.009951,15:02:26.531,75.204393,15:02:26.531,0.001653
15:02:26.532,6.993067,15:02:26.532,75.221277,15:02:26.532,0.001325
15:02:26.533,7.009951,15:02:26.533,75.32258,15:02:26.533,0.002969
15:02:26.534,6.993067,15:02:26.534,75.339464,15:02:26.534,0.001653
15:02:26.535,7.009951,15:02:26.535,75.170625,15:02:26.535,0.00264
15:02:26.536,7.026835,15:02:26.536,75.255045,15:02:26.536,0.00264
15:02:26.537,7.043719,15:02:26.537,75.390116,15:02:26.537,0.001982
15:02:26.538,6.993067,15:02:26.538,75.305696,15:02:26.538,0.002969
15:02:26.539,7.026835,15:02:26.539,75.255045,15:02:26.539,0.003297
15:02:26.540,7.094371,15:02:26.540,75.238161,15:02:26.540,0.004284
15:02:26.541,6.993067,15:02:26.541,75.390116,15:02:26.541,0.004284
15:02:26.542,7.043719,15:02:26.542,75.288812,15:02:26.542,0.004941
15:02:26.543,6.959299,15:02:26.543,75.136857,15:02:26.543,0.00264
15:02:26.544,6.993067,15:02:26.544,75.018669,15:02:26.544,0.002311
15:02:26.545,6.942415,15:02:26.545,75.288812,15:02:26.545,0.001982
15:02:26.546,6.976183,15:02:26.546,75.221277,15:02:26.546,0.002311
15:02:26.547,6.942415,15:02:26.547,74.968017,15:02:26.547,0.002969
15:02:26.548,6.942415,15:02:26.548,74.984901,15:02:26.548,0.004612
15:02:26.549,6.925531,15:02:26.549,75.136857,15:02:26.549,0.003626
15:02:26.550,6.908647,15:02:26.550,75.018669,15:02:26.550,0.002311
15:02:26.551,6.925531,15:02:26.551,74.816061,15:02:26.551,0.003626
15:02:26.552,6.874879,15:02:26.552,74.917365,15:02:26.552,0.002969
15:02:26.553,6.925531,15:02:26.553,74.984901,15:02:26.553,0.003626
15:02:26.554,6.857995,15:02:26.554,74.934249,15:02:26.554,0.001982
15:02:26.555,6.857995,15:02:26.555,74.900481,15:02:26.555,0.002311
15:02:26.556,6.874879,15:02:26.556,74.883597,15:02:26.556,0.000667
15:02:26.557,6.874879,15:02:26.557,75.001785,15:02:26.557,0.004284
15:02:26.558,6.874879,15:02:26.558,74.951133,15:02:26.558,0.002311
15:02:26.559,6.891763,15:02:26.559,74.849829,15:02:26.559,0.002311
15:02:26.560,6.942415,15:02:26.560,74.832945,15:02:26.560,0.001982
15:02:26.561,6.841111,15:02:26.561,74.900481,15:02:26.561,0.002311
15:02:26.562,6.857995,15:02:26.562,74.866713,15:02:26.562,0.002969
15:02:26.563,6.824227,15:02:26.563,74.647221,15:02:26.563,0.001653
15:02:26.564,6.824227,15:02:26.564,74.647221,15:02:26.564,0.00264
15:02:26.565,6.756691,15:02:26.565,74.714757,15:02:26.565,0.002311
15:02:26.566,6.841111,15:02:26.566,74.731641,15:02:26.566,0.001653
15:02:26.567,6.756691,15:02:26.567,74.512149,15:02:26.567,0.001653
15:02:26.568,6.824227,15:02:26.568,74.444613,15:02:26.568,0.003297
15:02:26.569,6.739807,15:02:26.569,74.613453,15:02:26.569,0.001982
15:02:26.570,6.739807,15:02:26.570,74.647221,15:02:26.570,0.00264
15:02:26.571,6.689155,15:02:26.571,74.495265,15:02:26.571,0.002969
15:02:26.572,6.672271,15:02:26.572,74.410845,15:02:26.572,0.002311
15:02:26.573,6.706039,15:02:26.573,74.562801,15:02:26.573,0.002969
15:02:26.574,6.655387,15:02:26.574,74.613453,15:02:26.574,0.001653
15:02:26.575,6.689155,15:02:26.575,74.410845,15:02:26.575,0.00264
15:02:26.576,6.706039,15:02:26.576,74.343309,15:02:26.576,0.002311
15:02:26.577,6.638503,15:02:26.577,74.529033,15:02:26.577,0.001653
15:02:26.578,6.706039,15:02:26.578,74.613453,15:02:26.578,0.00264
15:02:26.579,6.672271,15:02:26.579,74.377077,15:02:26.579,0.002969
15:02:26.580,6.706039,15:02:26.580,74.377077,15:02:26.580,0.002311
15:02:26.581,6.706039,15:02:26.581,74.495265,15:02:26.581,0.002311
15:02:26.582,6.689155,15:02:26.582,74.512149,15:02:26.582,0.149942
15:02:26.583,6.722923,15:02:26.583,74.309541,15:02:26.583,4.88628
15:02:26.584,6.722923,15:02:26.584,74.242005,15:02:26.584,8.132817
15:02:26.585,6.587851,15:02:26.585,74.275773,15:02:26.585,8.512247
15:02:26.586,6.638503,15:02:26.586,74.393961,15:02:26.586,8.573731
15:02:26.587,6.739807,15:02:26.587,74.225121,15:02:26.587,8.664479
15:02:26.588,6.672271,15:02:26.588,74.140701,15:02:26.588,8.675987
15:02:26.589,6.469664,15:02:26.589,74.191353,15:02:26.589,8.69966
15:02:26.590,6.435896,15:02:26.590,74.140701,15:02:26.590,8.715442
15:02:26.591,6.385244,15:02:26.591,74.00563,15:02:26.591,8.741088
15:02:26.592,6.402128,15:02:26.592,73.988746,15:02:26.592,8.708209
15:02:26.593,6.520316,15:02:26.593,74.039398,15:02:26.593,8.674343
15:02:26.594,6.807343,15:02:26.594,74.056282,15:02:26.594,8.675
15:02:26.595,7.381399,15:02:26.595,73.938094,15:02:26.595,8.746349
15:02:26.596,8.360671,15:02:26.596,73.870558,15:02:26.596,8.774625
15:02:26.597,10.133491,15:02:26.597,73.988746,15:02:26.597,8.77331
15:02:26.598,13.206378,15:02:26.598,74.090049,15:02:26.598,8.715442
15:02:26.599,19.031356,15:02:26.599,74.039398,15:02:26.599,8.697358
15:02:26.600,26.595385,15:02:26.600,73.954978,15:02:26.600,8.754897
15:02:26.601,34.497094,15:02:26.601,74.073165,15:02:26.601,8.781201
15:02:26.602,42.820902,15:02:26.602,74.208237,15:02:26.602,8.789421
15:02:26.603,51.803185,15:02:26.603,74.022514,15:02:26.603,8.794024
15:02:26.604,60.650395,15:02:26.604,73.938094,15:02:26.604,8.727936
15:02:26.605,69.615793,15:02:26.605,74.090049,15:02:26.605,8.720703
15:02:26.606,78.564306,15:02:26.606,74.191353,15:02:26.606,8.77594
15:02:26.607,87.040066,15:02:26.607,74.022514,15:02:26.607,8.791394
15:02:26.608,95.431405,15:02:26.608,73.938094,15:02:26.608,8.782516
15:02:26.609,103.755208,15:02:26.609,73.819906,15:02:26.609,8.75424
15:02:26.610,112.416689,15:02:26.610,73.769254,15:02:26.610,8.710181
15:02:26.611,119.98071,15:02:26.611,73.515994,15:02:26.611,8.688481
15:02:26.612,124.167936,15:02:26.612,73.482226,15:02:26.612,8.750952
15:02:26.613,124.590036,15:02:26.613,73.66795,15:02:26.613,8.762789
15:02:26.614,124.201704,15:02:26.614,73.870558,15:02:26.614,8.768378
15:02:26.615,120.875561,15:02:26.615,73.566646,15:02:26.615,8.759501
15:02:26.616,111.57249,15:02:26.616,73.66795,15:02:26.616,8.692098
15:02:26.617,101.89797,15:02:26.617,73.803022,15:02:26.617,8.673685
15:02:26.618,96.275604,15:02:26.618,74.022514,15:02:26.618,8.763775
15:02:26.619,85.925723,15:02:26.619,73.938094,15:02:26.619,8.778571
15:02:26.620,73.110778,15:02:26.620,73.938094,15:02:26.620,8.774954
15:02:26.621,63.942773,15:02:26.621,73.971862,15:02:26.621,8.762131
15:02:26.622,58.387941,15:02:26.622,74.377077,15:02:26.622,8.698674
15:02:26.623,56.56447,15:02:26.623,74.073165,15:02:26.623,8.674014
15:02:26.624,59.0633,15:02:26.624,73.92121,15:02:26.624,8.721689
15:02:26.625,63.031038,15:02:26.625,74.090049,15:02:26.625,8.74865
15:02:26.626,69.210577,15:02:26.626,74.360193,15:02:26.626,8.745691
15:02:26.627,75.812216,15:02:26.627,74.123817,15:02:26.627,8.74339
15:02:26.628,82.076175,15:02:26.628,74.106933,15:02:26.628,8.730567
15:02:26.629,87.782961,15:02:26.629,74.242005,15:02:26.629,8.659218
15:02:26.630,92.763736,15:02:26.630,74.765409,15:02:26.630,8.658561
15:02:26.631,94.637858,15:02:26.631,74.816061,15:02:26.631,8.745034
15:02:26.632,94.975538,15:02:26.632,74.984901,15:02:26.632,8.761802
15:02:26.633,95.566477,15:02:26.633,75.187509,15:02:26.633,8.761473
15:02:26.634,96.832776,15:02:26.634,75.643376,15:02:26.634,8.75687
15:02:26.635,98.031538,15:02:26.635,75.542072,15:02:26.635,8.710839
15:02:26.636,101.138191,15:02:26.636,75.57584,15:02:26.636,8.685851
15:02:26.637,104.987738,15:02:26.637,75.778448,15:02:26.637,8.675658
15:02:26.638,108.246346,15:02:26.638,76.234316,15:02:26.638,8.750623
15:02:26.639,109.765904,15:02:26.639,76.200548,15:02:26.639,8.761145
15:02:26.640,110.677639,15:02:26.640,76.318736,15:02:26.640,8.768378
15:02:26.641,110.626987,15:02:26.641,76.369388,15:02:26.641,8.768378
15:02:26.642,110.745175,15:02:26.642,76.977211,15:02:26.642,8.769364
15:02:26.643,108.938589,15:02:26.643,77.010979,15:02:26.643,8.679603
15:02:26.644,105.511142,15:02:26.644,77.179819,15:02:26.644,8.661191
15:02:26.645,103.113617,15:02:26.645,77.618803,15:02:26.645,8.727607
15:02:26.646,101.577174,15:02:26.646,77.956482,15:02:26.646,8.74043
15:02:26.647,100.091384,15:02:26.647,78.040902,15:02:26.647,8.753582
15:02:26.648,101.104423,15:02:26.648,78.277278,15:02:26.648,8.762789
15:02:26.649,105.392954,15:02:26.649,78.547422,15:02:26.649,8.685851
15:02:26.650,110.103584,15:02:26.650,79.239665,15:02:26.650,8.684864
15:02:26.651,114.45965,15:02:26.651,79.678649,15:02:26.651,8.663492
15:02:26.652,119.356003,15:02:26.652,80.269588,15:02:26.652,8.746678
15:02:26.653,122.850986,15:02:26.653,81.400815,15:02:26.653,8.733855
15:02:26.654,125.58619,15:02:26.654,82.920374,15:02:26.654,8.743718
15:02:26.655,126.666764,15:02:26.655,84.575004,15:02:26.655,8.742074
15:02:26.656,126.194013,15:02:26.656,86.280287,15:02:26.656,8.737471
15:02:26.657,124.674455,15:02:26.657,87.259558,15:02:26.657,8.662835
15:02:26.658,123.357505,15:02:26.658,87.647889,15:02:26.658,8.64771
15:02:26.659,120.588534,15:02:26.659,87.850497,15:02:26.659,8.673685
15:02:26.660,116.907827,15:02:26.660,87.749193,15:02:26.660,8.733526
15:02:26.661,114.679142,15:02:26.661,87.39463,15:02:26.661,8.74865
15:02:26.662,114.88175,15:02:26.662,87.22579,15:02:26.662,8.742403
15:02:26.663,117.228622,15:02:26.663,87.276442,15:02:26.663,8.692755
15:02:26.664,121.247009,15:02:26.664,88.205061,15:02:26.664,8.666123
15:02:26.665,125.805682,15:02:26.665,88.441437,15:02:26.665,8.715442
15:02:26.666,130.837106,15:02:26.666,88.88042,15:02:26.666,8.74865
15:02:26.667,134.078828,15:02:26.667,89.13368,15:02:26.667,8.753582
15:02:26.668,134.585348,15:02:26.668,90.096067,15:02:26.668,8.753911
15:02:26.669,133.200862,15:02:26.669,91.109106,15:02:26.669,8.758514
15:02:26.670,130.718918,15:02:26.670,91.632509,15:02:26.670,8.705907
15:02:26.671,126.666764,15:02:26.671,91.109106,15:02:26.671,8.68059
15:02:26.672,122.344467,15:02:26.672,91.29483,15:02:26.672,8.685851
15:02:26.673,117.144202,15:02:26.673,92.94946,15:02:26.673,8.752267
15:02:26.674,113.48038,15:02:26.674,94.215759,15:02:26.674,8.758514
15:02:26.675,108.85417,15:02:26.675,93.675471,15:02:26.675,8.762789
15:02:26.676,105.899473,15:02:26.676,92.172797,15:02:26.676,8.747335
15:02:26.677,104.582523,15:02:26.677,91.919537,15:02:26.677,8.699331
15:02:26.678,106.828092,15:02:26.678,93.185836,15:02:26.678,2.127994
15:02:26.679,113.125816,15:02:26.679,95.532709,15:02:26.679,1.605862
15:02:26.680,118.123473,15:02:26.680,96.731472,15:02:26.680,1.264569
15:02:26.681,122.563959,15:02:26.681,97.069152,15:02:26.681,0.978514
15:02:26.682,126.835604,15:02:26.682,98.099074,15:02:26.682,0.682595
15:02:26.683,129.45262,15:02:26.683,98.892622,15:02:26.683,0.379114
15:02:26.684,129.064289,15:02:26.684,98.740666,15:02:26.684,0.076948
15:02:26.685,127.342123,15:02:26.685,98.234146,15:02:26.685,-0.09337
15:02:26.686,125.113439,15:02:26.686,97.964003,15:02:26.686,-0.158472
15:02:26.687,120.943097,15:02:26.687,98.065306,15:02:26.687,-0.20286
15:02:26.688,115.810368,15:02:26.688,97.254875,15:02:26.688,-0.228177
15:02:26.689,109.816556,15:02:26.689,96.647052,15:02:26.689,-0.239027
15:02:26.690,107.419031,15:02:26.690,96.241836,15:02:26.690,-0.234424
15:02:26.691,106.709904,15:02:26.691,95.921041,15:02:26.691,-0.211737
15:02:26.692,104.616291,15:02:26.692,94.891118,15:02:26.692,-0.179844
15:02:26.693,103.21492,15:02:26.693,94.165107,15:02:26.693,-0.134469
15:02:26.694,100.834279,15:02:26.694,94.215759,15:02:26.694,-0.085807
15:02:26.695,96.34314,15:02:26.695,96.022345,15:02:26.695,-0.032871
15:02:26.696,91.852001,15:02:26.696,98.554942,15:02:26.696,0.006585
15:02:26.697,85.807535,15:02:26.697,100.15892,15:02:26.697,0.003297
15:02:26.698,81.08002,15:02:26.698,100.986235,15:02:26.698,0.001653
15:02:26.699,76.014824,15:02:26.699,101.796666,15:02:26.699,0.002969
15:02:26.700,70.780788,15:02:26.700,103.079849,15:02:26.700,0.00264
15:02:26.701,67.437759,15:02:26.701,105.308534,15:02:26.701,0.002969
15:02:26.702,65.935084,15:02:26.702,107.368379,15:02:26.702,0.001325
15:02:26.703,65.310376,15:02:26.703,107.419031,15:02:26.703,0.003626
15:02:26.704,64.094729,15:02:26.704,106.220269,15:02:26.704,0.001653
15:02:26.705,64.364873,15:02:26.705,105.426722,15:02:26.705,0.002311
15:02:26.706,64.770089,15:02:26.706,105.308534,15:02:26.706,0.002969
15:02:26.707,65.529868,15:02:26.707,104.666943,15:02:26.707,0.00264
15:02:26.708,66.458487,15:02:26.708,103.46818,15:02:26.708,0.002311
15:02:26.709,66.863703,15:02:26.709,102.674633,15:02:26.709,0.002311
15:02:26.710,66.711747,15:02:26.710,101.830434,15:02:26.710,0.00264
15:02:26.711,65.800012,15:02:26.711,101.070655,15:02:26.711,0.002969
15:02:26.712,63.807701,15:02:26.712,99.855008,15:02:26.712,0.002969
15:02:26.713,61.714087,15:02:26.713,99.584865,15:02:26.713,0.003626
15:02:26.714,58.928229,15:02:26.714,100.040732,15:02:26.714,0.003626
15:02:26.715,56.22679,15:02:26.715,101.425219,15:02:26.715,0.003626
15:02:26.716,53.525352,15:02:26.716,102.353838,15:02:26.716,0.001982
15:02:26.717,50.705726,15:02:26.717,103.282456,15:02:26.717,0.001982
15:02:26.718,49.101747,15:02:26.718,104.244843,15:02:26.718,0.003297
15:02:26.719,47.649723,15:02:26.719,104.802015,15:02:26.719,0.001982
15:02:26.720,46.079512,15:02:26.720,104.514987,15:02:26.720,0.003297
15:02:26.721,44.711909,15:02:26.721,104.244843,15:02:26.721,0.001653
15:02:26.722,43.27677,15:02:26.722,104.194191,15:02:26.722,0.000996
15:02:26.723,42.297498,15:02:26.723,104.413683,15:02:26.723,0.001653
15:02:26.724,41.470183,15:02:26.724,104.143539,15:02:26.724,0.003297
15:02:26.725,40.862359,15:02:26.725,103.670788,15:02:26.725,0.00264
15:02:26.726,40.913011,15:02:26.726,103.147385,15:02:26.726,0.004284
15:02:26.727,40.980547,15:02:26.727,102.590213,15:02:26.727,0.000996
15:02:26.728,41.098735,15:02:26.728,101.864202,15:02:26.728,0.001982
15:02:26.729,41.284459,15:02:26.729,101.458987,15:02:26.729,0.00264
15:02:26.730,41.571486,15:02:26.730,101.357683,15:02:26.730,0.003297
15:02:26.731,41.75721,15:02:26.731,101.881086,15:02:26.731,0.003297
15:02:26.732,41.875398,15:02:26.732,102.23565,15:02:26.732,0.00264
15:02:26.733,41.858514,15:02:26.733,102.691517,15:02:26.733,0.001982
15:02:26.734,41.689674,15:02:26.734,103.079849,15:02:26.734,0.003626
15:02:26.735,41.351995,15:02:26.735,103.518832,15:02:26.735,0.003626
15:02:26.736,40.642867,15:02:26.736,103.265572,15:02:26.736,0.002311
15:02:26.737,39.899971,15:02:26.737,103.029197,15:02:26.737,0.003955
15:02:26.738,39.140192,15:02:26.738,102.607097,15:02:26.738,0.00264
15:02:26.739,38.515484,15:02:26.739,102.775937,15:02:26.739,0.00264
15:02:26.740,38.042732,15:02:26.740,102.505793,15:02:26.740,0.001982
15:02:26.741,37.721936,15:02:26.741,102.404489,15:02:26.741,0.002969
15:02:26.742,37.789472,15:02:26.742,102.303186,15:02:26.742,0.003955
15:02:26.743,38.025848,15:02:26.743,102.083694,15:02:26.743,0.003297
15:02:26.744,38.059616,15:02:26.744,101.577174,15:02:26.744,0.002311
15:02:26.745,36.151725,15:02:26.745,101.020003,15:02:26.745,0.002311
15:02:26.746,30.934571,15:02:26.746,100.716091,15:02:26.746,0.003626
15:02:26.747,24.636842,15:02:26.747,100.817395,15:02:26.747,0.002969
15:02:26.748,18.997588,15:02:26.748,100.834279,15:02:26.748,0.001982
15:02:26.749,13.223262,15:02:26.749,100.868047,15:02:26.749,0.002311
15:02:26.750,6.925531,15:02:26.750,101.003119,15:02:26.750,0.001653
15:02:26.751,0.897945,15:02:26.751,101.307031,15:02:26.751,0.00264
15:02:26.752,-2.79965,15:02:26.752,101.036887,15:02:26.752,0.002311
15:02:26.753,-3.339938,15:02:26.753,100.631672,15:02:26.753,0.004612
15:02:26.754,-3.373706,15:02:26.754,100.344644,15:02:26.754,0.001982
15:02:26.755,-3.39059,15:02:26.755,100.378412,15:02:26.755,0.001982
15:02:26.756,-3.407474,15:02:26.756,100.040732,15:02:26.756,0.002969
15:02:26.757,-3.39059,15:02:26.757,99.855008,15:02:26.757,0.003297
15:02:26.758,-3.39059,15:02:26.758,99.669285,15:02:26.758,0.002969
15:02:26.759,-3.424358,15:02:26.759,99.601749,15:02:26.759,0.002311
15:02:26.760,-3.407474,15:02:26.760,99.145881,15:02:26.760,0.002969
15:02:26.761,-3.356822,15:02:26.761,98.84197,15:02:26.761,0.003297
15:02:26.762,-3.255518,15:02:26.762,98.487406,15:02:26.762,0.002311
15:02:26.763,-2.54639,15:02:26.763,98.538058,15:02:26.763,0.002311
15:02:26.764,-0.098211,15:02:26.764,98.318566,15:02:26.764,0.002311
15:02:26.765,3.396776,15:02:26.765,97.947119,15:02:26.765,0.002969
15:02:26.766,7.229443,15:02:26.766,97.795163,15:02:26.766,0.002311
15:02:26.767,11.06211,15:02:26.767,97.828931,15:02:26.767,0.003297
15:02:26.768,14.827241,15:02:26.768,97.423715,15:02:26.768,0.002969
15:02:26.769,18.322228,15:02:26.769,96.950964,15:02:26.769,0.00264
15:02:26.770,21.344463,15:02:26.770,96.731472,15:02:26.770,0.002311
15:02:26.771,23.860178,15:02:26.771,96.613284,15:02:26.771,0.001982
15:02:26.772,25.700533,15:02:26.772,96.072997,15:02:26.772,0.003955
15:02:26.773,26.696689,15:02:26.773,95.583361,15:02:26.773,0.002311
15:02:26.774,26.831761,15:02:26.774,95.448289,15:02:26.774,0.002969
15:02:26.775,26.291473,15:02:26.775,95.836621,15:02:26.775,0.002311
15:02:26.776,25.126478,15:02:26.776,95.566477,15:02:26.776,0.003297
15:02:26.777,23.556266,15:02:26.777,95.262566,15:02:26.777,0.002969
15:02:26.778,21.614607,15:02:26.778,95.211914,15:02:26.778,0.002311
15:02:26.779,19.504108,15:02:26.779,95.583361,15:02:26.779,0.00264
15:02:26.780,17.292304,15:02:26.780,95.346985,15:02:26.780,0.002311
15:02:26.781,14.928545,15:02:26.781,95.043074,15:02:26.781,0.002311
15:02:26.782,12.49725,15:02:26.782,94.908002,15:02:26.782,0.003297
15:02:26.783,10.015303,15:02:26.783,95.211914,15:02:26.783,0.003626
15:02:26.784,7.617775,15:02:26.784,94.975538,15:02:26.784,0.002311
15:02:26.785,5.405972,15:02:26.785,94.485902,15:02:26.785,0.001653
15:02:26.786,3.295472,15:02:26.786,94.215759,15:02:26.786,0.00264
15:02:26.787,1.404465,15:02:26.787,94.333947,15:02:26.787,0.003626
15:02:26.788,-0.013791,15:02:26.788,94.215759,15:02:26.788,0.00264
15:02:26.789,-0.942411,15:02:26.789,93.726123,15:02:26.789,0.003955
15:02:26.790,-1.53335,15:02:26.790,93.388444,15:02:26.790,0.00264
15:02:26.791,-1.904798,15:02:26.791,93.861195,15:02:26.791,0.00264
15:02:26.792,-1.87103,15:02:26.792,93.540399,15:02:26.792,0.002969
15:02:26.793,-1.499582,15:02:26.793,93.050764,15:02:26.793,0.000996
15:02:26.794,-0.756687,15:02:26.794,92.848156,15:02:26.794,0.002969
15:02:26.795,0.408309,15:02:26.795,93.185836,15:02:26.795,0.003297
15:02:26.796,2.046057,15:02:26.796,93.03388,15:02:26.796,0.001653
15:02:26.797,3.852644,15:02:26.797,92.628664,15:02:26.797,0.003297
15:02:26.798,5.828072,15:02:26.798,92.52736,15:02:26.798,0.002969
15:02:26.799,7.887919,15:02:26.799,92.915692,15:02:26.799,0.003955
15:02:26.800,9.981535,15:02:26.800,93.050764,15:02:26.800,0.003955
15:02:26.801,12.142686,15:02:26.801,92.6962,15:02:26.801,0.002311
15:02:26.802,14.253185,15:02:26.802,92.628664,15:02:26.802,0.003626
15:02:26.803,16.245497,15:02:26.803,92.94946,15:02:26.803,0.002311
15:02:26.804,17.95078,15:02:26.804,93.219604,15:02:26.804,0.003297
15:02:26.805,19.335268,15:02:26.805,92.814388,15:02:26.805,0.001653
15:02:26.806,20.297655,15:02:26.806,92.645548,15:02:26.806,0.003297
15:02:26.807,20.956131,15:02:26.807,92.763736,15:02:26.807,0.003626
15:02:26.808,21.327579,15:02:26.808,92.746852,15:02:26.808,0.00264
15:02:26.809,20.821059,15:02:26.809,92.257217,15:02:26.809,0.00264
15:02:26.810,20.145699,15:02:26.810,91.970189,15:02:26.810,0.002311
15:02:26.811,20.027511,15:02:26.811,91.970189,15:02:26.811,0.002969
15:02:26.812,19.588528,15:02:26.812,92.003957,15:02:26.812,0.002969
15:02:26.813,17.646868,15:02:26.813,91.564973,15:02:26.813,0.003955
15:02:26.814,15.840281,15:02:26.814,91.514321,15:02:26.814,0.002311
15:02:26.815,14.016809,15:02:26.815,91.801349,15:02:26.815,0.003626
15:02:26.816,11.923194,15:02:26.816,92.037725,15:02:26.816,0.003626
15:02:26.817,10.47117,15:02:26.817,92.105261,15:02:26.817,0.003626
15:02:26.818,9.475015,15:02:26.818,92.223449,15:02:26.818,0.003297
15:02:26.819,8.259367,15:02:26.819,92.679316,15:02:26.819,0.001982
15:02:26.820,7.229443,15:02:26.820,93.1183,15:02:26.820,0.00264
15:02:26.821,6.36836,15:02:26.821,93.050764,15:02:26.821,0.003297
15:02:26.822,5.422856,15:02:26.822,93.185836,15:02:26.822,0.001982
15:02:26.823,4.08902,15:02:26.823,93.388444,15:02:26.823,0.00264
15:02:26.824,2.687649,15:02:26.824,93.591051,15:02:26.824,0.001653
15:02:26.825,2.518809,15:02:26.825,93.28714,15:02:26.825,0.002969
15:02:26.826,3.295472,15:02:26.826,93.03388,15:02:26.826,0.002969
15:02:26.827,3.869528,15:02:26.827,92.915692,15:02:26.827,0.00264
15:02:26.828,4.578656,15:02:26.828,92.966344,15:02:26.828,0.003626
15:02:26.829,5.86184,15:02:26.829,92.493592,15:02:26.829,0.001653
15:02:26.830,7.128139,15:02:26.830,92.223449,15:02:26.830,0.002969
15:02:26.831,8.208715,15:02:26.831,92.122145,15:02:26.831,0.001653
15:02:26.832,9.306175,15:02:26.832,92.206565,15:02:26.832,0.00264
15:02:26.833,10.538706,15:02:26.833,92.071493,15:02:26.833,0.002311
15:02:26.834,11.788122,15:02:26.834,92.003957,15:02:26.834,0.002969
15:02:26.835,13.08819,15:02:26.835,92.324753,15:02:26.835,0.002969
15:02:26.836,14.658401,15:02:26.836,92.679316,15:02:26.836,0.001653
15:02:26.837,15.806513,15:02:26.837,92.662432,15:02:26.837,0.002969
15:02:26.838,16.616945,15:02:26.838,92.881924,15:02:26.838,0.00264
15:02:26.839,17.191,15:02:26.839,93.084532,15:02:26.839,0.001982
15:02:26.840,17.646868,15:02:26.840,93.506631,15:02:26.840,0.00264
15:02:26.841,17.646868,15:02:26.841,93.591051,15:02:26.841,0.001653
15:02:26.842,17.258536,15:02:26.842,93.641703,15:02:26.842,0.001653
15:02:26.843,16.971508,15:02:26.843,93.844311,15:02:26.843,0.002969
15:02:26.844,16.684481,15:02:26.844,94.080687,15:02:26.844,0.002311
15:02:26.845,16.177961,15:02:26.845,93.861195,15:02:26.845,0.003297
15:02:26.846,15.418181,15:02:26.846,93.658587,15:02:26.846,0.00264
15:02:26.847,14.455793,15:02:26.847,93.658587,15:02:26.847,0.00264
15:02:26.848,13.121958,15:02:26.848,93.675471,15:02:26.848,0.001982
15:02:26.849,11.636166,15:02:26.849,93.422211,15:02:26.849,0.00264
15:02:26.850,10.369866,15:02:26.850,93.219604,15:02:26.850,0.00264
15:02:26.851,9.255523,15:02:26.851,93.20272,15:02:26.851,0.002311
15:02:26.852,8.225599,15:02:26.852,93.320908,15:02:26.852,0.002969
15:02:26.853,7.465819,15:02:26.853,93.050764,15:02:26.853,0.00264
15:02:26.854,6.739807,15:02:26.854,93.000112,15:02:26.854,0.003297
15:02:26.855,5.980028,15:02:26.855,93.03388,15:02:26.855,0.002311
15:02:26.856,5.237132,15:02:26.856,93.337792,15:02:26.856,0.002969
15:02:26.857,4.646192,15:02:26.857,93.236488,15:02:26.857,0.002311
15:02:26.858,4.308512,15:02:26.858,93.354676,15:02:26.858,0.001653
15:02:26.859,4.34228,15:02:26.859,93.472863,15:02:26.859,0.001653
15:02:26.860,4.629308,15:02:26.860,93.928731,15:02:26.860,0.001325
15:02:26.861,5.18648,15:02:26.861,93.962499,15:02:26.861,0.001982
15:02:26.862,5.743652,15:02:26.862,94.013151,15:02:26.862,0.001982
15:02:26.863,6.36836,15:02:26.863,94.232643,15:02:26.863,0.001982
15:02:26.864,7.060603,15:02:26.864,94.502786,15:02:26.864,0.002311
15:02:26.865,7.769731,15:02:26.865,94.35083,15:02:26.865,0.002311
15:02:26.866,8.445091,15:02:26.866,94.60409,15:02:26.866,0.002311
15:02:26.867,9.373711,15:02:26.867,94.587206,15:02:26.867,0.00264
15:02:26.868,10.369866,15:02:26.868,94.51967,15:02:26.868,0.002311
15:02:26.869,11.298486,15:02:26.869,94.384598,15:02:26.869,0.002969
15:02:26.870,12.108918,15:02:26.870,94.097571,15:02:26.870,0.002969
15:02:26.871,12.885582,15:02:26.871,93.928731,15:02:26.871,0.002311
15:02:26.872,13.459638,15:02:26.872,94.013151,15:02:26.872,0.002969
15:02:26.873,13.746665,15:02:26.873,93.861195,15:02:26.873,0.004284
15:02:26.874,13.864853,15:02:26.874,93.557283,15:02:26.874,0.003626
15:02:26.875,13.999925,15:02:26.875,93.37156,15:02:26.875,0.003626
15:02:26.876,14.033693,15:02:26.876,93.422211,15:02:26.876,0.002311
15:02:26.877,13.999925,15:02:26.877,93.354676,15:02:26.877,0.003297
15:02:26.878,13.881737,15:02:26.878,93.236488,15:02:26.878,0.003955
15:02:26.879,13.696013,15:02:26.879,93.168952,15:02:26.879,0.004284
15:02:26.880,13.206378,15:02:26.880,93.354676,15:02:26.880,0.004284
15:02:26.881,12.615438,15:02:26.881,93.337792,15:02:26.881,0.004284
15:02:26.882,12.007614,15:02:26.882,93.270256,15:02:26.882,0.003626
15:02:26.883,11.197182,15:02:26.883,93.28714,15:02:26.883,0.003955
15:02:26.884,10.38675,15:02:26.884,93.489747,15:02:26.884,0.00527
15:02:26.885,9.559435,15:02:26.885,93.591051,15:02:26.885,0.003297
15:02:26.886,8.850307,15:02:26.886,93.523515,15:02:26.886,0.003955
15:02:26.887,8.225599,15:02:26.887,93.523515,15:02:26.887,0.003626
15:02:26.888,7.651543,15:02:26.888,93.759891,15:02:26.888,0.003626
15:02:26.889,7.111255,15:02:26.889,93.641703,15:02:26.889,0.003626
15:02:26.890,6.722923,15:02:26.890,93.557283,15:02:26.890,0.003297
15:02:26.891,6.402128,15:02:26.891,93.455979,15:02:26.891,0.003955
15:02:26.892,6.233288,15:02:26.892,93.472863,15:02:26.892,0.003626
15:02:26.893,6.098216,15:02:26.893,93.320908,15:02:26.893,0.003626
15:02:26.894,6.317708,15:02:26.894,93.050764,15:02:26.894,0.004284
15:02:26.895,6.554084,15:02:26.895,92.881924,15:02:26.895,0.002969
15:02:26.896,6.891763,15:02:26.896,92.86504,15:02:26.896,0.002969
15:02:26.897,7.448935,15:02:26.897,92.679316,15:02:26.897,0.003626
15:02:26.898,7.989223,15:02:26.898,92.442941,15:02:26.898,0.003955
15:02:26.899,8.563279,15:02:26.899,92.375405,15:02:26.899,0.002311
15:02:26.900,9.103567,15:02:26.900,92.442941,15:02:26.900,0.002969
15:02:26.901,9.559435,15:02:26.901,92.324753,15:02:26.901,0.002311
15:02:26.902,10.116607,15:02:26.902,92.037725,15:02:26.902,0.002969
15:02:26.903,10.589358,15:02:26.903,92.020841,15:02:26.903,0.003297
15:02:26.904,11.045226,15:02:26.904,92.105261,15:02:26.904,0.001982
15:02:26.905,11.433558,15:02:26.905,92.172797,15:02:26.905,0.00264
15:02:26.906,11.923194,15:02:26.906,91.987073,15:02:26.906,0.003297
15:02:26.907,12.227106,15:02:26.907,91.868885,15:02:26.907,0.003297
15:02:26.908,12.362178,15:02:26.908,92.054609,15:02:26.908,0.002311
15:02:26.909,12.429714,15:02:26.909,92.105261,15:02:26.909,0.001982
15:02:26.910,12.49725,15:02:26.910,91.784465,15:02:26.910,0.002311
15:02:26.911,12.362178,15:02:26.911,91.716929,15:02:26.911,0.00264
15:02:26.912,12.227106,15:02:26.912,91.852001,15:02:26.912,0.001653
15:02:26.913,12.024498,15:02:26.913,91.700045,15:02:26.913,0.00264
15:02:26.914,11.73747,15:02:26.914,91.514321,15:02:26.914,0.001653
15:02:26.915,11.39979,15:02:26.915,91.29483,15:02:26.915,0.00264
15:02:26.916,11.045226,15:02:26.916,91.261062,15:02:26.916,0.002311
15:02:26.917,10.623126,15:02:26.917,91.227294,15:02:26.917,0.002311
15:02:26.918,10.167258,15:02:26.918,90.805194,15:02:26.918,0.00264
15:02:26.919,9.711391,15:02:26.919,90.737658,15:02:26.919,0.001982
15:02:26.920,9.323059,15:02:26.920,90.585702,15:02:26.920,0.003297
15:02:26.921,8.900959,15:02:26.921,90.636354,15:02:26.921,0.000996
15:02:26.922,8.664583,15:02:26.922,90.231139,15:02:26.922,0.001982
15:02:26.923,8.411323,15:02:26.923,90.231139,15:02:26.923,0.001325
15:02:26.924,8.326903,15:02:26.924,90.248023,15:02:26.924,0.00264
15:02:26.925,8.191831,15:02:26.925,90.383095,15:02:26.925,0.001982
15:02:26.926,8.174947,15:02:26.926,90.197371,15:02:26.926,0.000996
15:02:26.927,8.191831,15:02:26.927,90.180487,15:02:26.927,0.002311
15:02:26.928,8.293135,15:02:26.928,90.281791,15:02:26.928,0.001653
15:02:26.929,8.394439,15:02:26.929,90.349327,15:02:26.929,0.001982
15:02:26.930,8.580163,15:02:26.930,89.994763,15:02:26.930,0.002311
15:02:26.931,8.799655,15:02:26.931,90.062299,15:02:26.931,0.001325
15:02:26.932,9.069799,15:02:26.932,90.180487,15:02:26.932,0.00264
15:02:26.933,9.390595,15:02:26.933,90.298675,15:02:26.933,0.000667
15:02:26.934,9.728275,15:02:26.934,89.944111,15:02:26.934,0.001653
15:02:26.935,10.032187,15:02:26.935,89.673967,15:02:26.935,0.000996
15:02:26.936,10.336098,15:02:26.936,89.893459,15:02:26.936,0.001653
15:02:26.937,10.606242,15:02:26.937,90.079183,15:02:26.937,0.001325
15:02:26.938,10.89327,15:02:26.938,89.38694,15:02:26.938,0.001325
15:02:26.939,11.06211,15:02:26.939,89.116796,15:02:26.939,0.00264
15:02:26.940,11.281602,15:02:26.940,89.370056,15:02:26.940,0.002969
15:02:26.941,11.450442,15:02:26.941,89.353172,15:02:26.941,0.001653
15:02:26.942,11.48421,15:02:26.942,88.947956,15:02:26.942,0.001653
15:02:26.943,11.501094,15:02:26.943,88.812884,15:02:26.943,0.002311
15:02:26.944,11.39979,15:02:26.944,89.04926,15:02:26.944,0.002969
15:02:26.945,11.247834,15:02:26.945,89.184332,15:02:26.945,0.00264
15:02:26.946,11.06211,15:02:26.946,88.863536,15:02:26.946,0.001325
15:02:26.947,10.960806,15:02:26.947,88.796,15:02:26.947,0.002969
15:02:26.948,10.64001,15:02:26.948,89.032376,15:02:26.948,0.002311
15:02:26.949,10.352982,15:02:26.949,89.403824,15:02:26.949,0.00264
15:02:26.950,10.116607,15:02:26.950,88.981724,15:02:26.950,0.001325
15:02:26.951,9.863347,15:02:26.951,89.015492,15:02:26.951,0.001982
15:02:26.952,9.508783,15:02:26.952,89.150564,15:02:26.952,0.00264
15:02:26.953,9.221755,15:02:26.953,89.353172,15:02:26.953,0.000667
15:02:26.954,8.951611,15:02:26.954,88.947956,15:02:26.954,0.001982
15:02:26.955,8.732119,15:02:26.955,88.863536,15:02:26.955,0.001982
15:02:26.956,8.580163,15:02:26.956,88.88042,15:02:26.956,0.00264
15:02:26.957,8.445091,15:02:26.957,89.150564,15:02:26.957,0.001653
15:02:26.958,8.377555,15:02:26.958,88.812884,15:02:26.958,0.001982
15:02:26.959,8.293135,15:02:26.959,88.644044,15:02:26.959,0.002311
15:02:26.960,8.326903,15:02:26.960,88.694696,15:02:26.960,0.00264
15:02:26.961,8.377555,15:02:26.961,89.032376,15:02:26.961,0.00264
15:02:26.962,8.360671,15:02:26.962,88.846652,15:02:26.962,0.00264
15:02:26.963,8.445091,15:02:26.963,88.694696,15:02:26.963,0.00264
15:02:26.964,8.512627,15:02:26.964,88.660928,15:02:26.964,0.003297
15:02:26.965,8.529511,15:02:26.965,88.931072,15:02:26.965,0.00264
15:02:26.966,8.799655,15:02:26.966,88.779116,15:02:26.966,0.003955
15:02:26.967,8.850307,15:02:26.967,88.694696,15:02:26.967,0.003297
15:02:26.968,9.036031,15:02:26.968,88.779116,15:02:26.968,0.002311
15:02:26.969,9.255523,15:02:26.969,89.13368,15:02:26.969,0.001325
15:02:26.970,9.323059,15:02:26.970,89.032376,15:02:26.970,0.003626
15:02:26.971,9.475015,15:02:26.971,88.96484,15:02:26.971,0.00264
15:02:26.972,9.542551,15:02:26.972,88.897304,15:02:26.972,0.002311
15:02:26.973,9.660739,15:02:26.973,89.184332,15:02:26.973,0.001653
15:02:26.974,9.728275,15:02:26.974,89.150564,15:02:26.974,0.004941
15:02:26.975,9.745159,15:02:26.975,89.184332,15:02:26.975,0.002311
15:02:26.976,9.795811,15:02:26.976,89.13368,15:02:26.976,0.002311
15:02:26.977,9.728275,15:02:26.977,89.268752,15:02:26.977,0.001325
15:02:26.978,9.829579,15:02:26.978,89.184332,15:02:26.978,0.002311
15:02:26.979,9.677623,15:02:26.979,88.947956,15:02:26.979,0.002969
15:02:26.980,9.711391,15:02:26.980,88.998608,15:02:26.980,0.00264
15:02:26.981,9.610087,15:02:26.981,89.015492,15:02:26.981,0.00264
15:02:26.982,9.491899,15:02:26.982,88.931072,15:02:26.982,0.002311
15:02:26.983,9.407479,15:02:26.983,88.745348,15:02:26.983,0.001325
15:02:26.984,9.390595,15:02:26.984,88.71158,15:02:26.984,0.004284
15:02:26.985,9.171103,15:02:26.985,88.796,15:02:26.985,0.003297
15:02:26.986,9.171103,15:02:26.986,88.644044,15:02:26.986,0.003955
15:02:26.987,9.069799,15:02:26.987,88.559624,15:02:26.987,0.001325
15:02:26.988,8.968495,15:02:26.988,88.593392,15:02:26.988,0.004284
15:02:26.989,8.917843,15:02:26.989,88.829768,15:02:26.989,0.00264
15:02:26.990,8.884075,15:02:26.990,88.796,15:02:26.990,0.002969
15:02:26.991,8.900959,15:02:26.991,88.610276,15:02:26.991,0.00264
15:02:26.992,8.765887,15:02:26.992,88.762232,15:02:26.992,0.002969
15:02:26.993,8.749003,15:02:26.993,88.947956,15:02:26.993,0.003297
15:02:26.994,8.715235,15:02:26.994,88.897304,15:02:26.994,0.003955
15:02:26.995,8.698351,15:02:26.995,88.931072,15:02:26.995,0.002969
15:02:26.996,8.749003,15:02:26.996,88.947956,15:02:26.996,0.003297
15:02:26.997,8.749003,15:02:26.997,89.04926,15:02:26.997,0.002311
15:02:26.998,8.833423,15:02:26.998,89.032376,15:02:26.998,0.003626
15:02:26.999,8.816539,15:02:26.999,88.96484,15:02:26.999,0.00264
15:02:27.000,8.884075,15:02:27.000,88.88042,15:02:27.000,0.003626
15:02:27.001,8.867191,15:02:27.001,89.150564,15:02:27.001,0.002969
15:02:27.002,8.934727,15:02:27.002,88.998608,15:02:27.002,0.003626
15:02:27.003,9.002263,15:02:27.003,88.762232,15:02:27.003,0.002969
15:02:27.004,9.086683,15:02:27.004,88.728464,15:02:27.004,0.002311
15:02:27.005,9.036031,15:02:27.005,88.812884,15:02:27.005,0.002969
15:02:27.006,9.069799,15:02:27.006,88.694696,15:02:27.006,0.002969
15:02:27.007,9.069799,15:02:27.007,88.508972,15:02:27.007,0.002969
15:02:27.008,9.154219,15:02:27.008,88.525856,15:02:27.008,0.003955
15:02:27.009,9.120451,15:02:27.009,88.610276,15:02:27.009,0.001982
15:02:27.010,9.137335,15:02:27.010,88.677812,15:02:27.010,0.002969
15:02:27.011,9.204871,15:02:27.011,88.424553,15:02:27.011,0.002311
15:02:27.012,9.187987,15:02:27.012,88.340133,15:02:27.012,0.001982
15:02:27.013,9.171103,15:02:27.013,88.660928,15:02:27.013,0.00264
15:02:27.014,9.137335,15:02:27.014,88.779116,15:02:27.014,0.001653
15:02:27.015,9.137335,15:02:27.015,88.54274,15:02:27.015,0.004284
15:02:27.016,9.154219,15:02:27.016,88.576508,15:02:27.016,0.001325
15:02:27.017,9.086683,15:02:27.017,88.812884,15:02:27.017,0.003626
15:02:27.018,9.171103,15:02:27.018,88.88042,15:02:27.018,0.002311
15:02:27.019,9.187987,15:02:27.019,88.660928,15:02:27.019,0.004284
15:02:27.020,9.137335,15:02:27.020,88.62716,15:02:27.020,0.002969
15:02:27.021,9.204871,15:02:27.021,88.745348,15:02:27.021,0.002969
15:02:27.022,9.103567,15:02:27.022,88.762232,15:02:27.022,0.001982
15:02:27.023,9.052915,15:02:27.023,88.593392,15:02:27.023,0.001982
15:02:27.024,9.019147,15:02:27.024,88.357017,15:02:27.024,0.001982
15:02:27.025,8.968495,15:02:27.025,88.373901,15:02:27.025,0.003626
15:02:27.026,8.884075,15:02:27.026,88.357017,15:02:27.026,0.002969
15:02:27.027,8.867191,15:02:27.027,88.036221,15:02:27.027,0.002311
15:02:27.028,8.867191,15:02:27.028,87.901149,15:02:27.028,0.001325
15:02:27.029,8.850307,15:02:27.029,88.103757,15:02:27.029,0.002969
15:02:27.030,8.765887,15:02:27.030,88.086873,15:02:27.030,0.002969
15:02:27.031,8.765887,15:02:27.031,87.816729,15:02:27.031,0.003626
15:02:27.032,8.782771,15:02:27.032,87.833613,15:02:27.032,0.002969
15:02:27.033,8.698351,15:02:27.033,87.884265,15:02:27.033,0.00264
15:02:27.034,8.681467,15:02:27.034,88.002453,15:02:27.034,0.003297
15:02:27.035,8.715235,15:02:27.035,87.850497,15:02:27.035,0.00264
15:02:27.036,8.664583,15:02:27.036,87.833613,15:02:27.036,0.002969
15:02:27.037,8.698351,15:02:27.037,87.918033,15:02:27.037,0.003297
15:02:27.038,8.698351,15:02:27.038,88.103757,15:02:27.038,0.002311
15:02:27.039,8.765887,15:02:27.039,87.850497,15:02:27.039,0.003626
15:02:27.040,8.799655,15:02:27.040,87.732309,15:02:27.040,0.003297
15:02:27.041,8.681467,15:02:27.041,87.951801,15:02:27.041,0.00264
15:02:27.042,8.613931,15:02:27.042,88.019337,15:02:27.042,0.002969
15:02:27.043,8.630815,15:02:27.043,87.732309,15:02:27.043,0.002311
15:02:27.044,8.630815,15:02:27.044,87.580353,15:02:27.044,0.002969
15:02:27.045,8.681467,15:02:27.045,87.664773,15:02:27.045,0.001982
15:02:27.046,8.664583,15:02:27.046,87.681657,15:02:27.046,0.002969
15:02:27.047,8.630815,15:02:27.047,87.445282,15:02:27.047,0.001982
15:02:27.048,8.630815,15:02:27.048,87.327094,15:02:27.048,0.002969
15:02:27.049,8.613931,15:02:27.049,87.31021,15:02:27.049,0.002311
15:02:27.050,8.630815,15:02:27.050,87.462166,15:02:27.050,0.002969
15:02:27.051,8.546395,15:02:27.051,87.242674,15:02:27.051,0.002311
15:02:27.052,8.563279,15:02:27.052,87.05695,15:02:27.052,0.00264
15:02:27.053,8.529511,15:02:27.053,87.124486,15:02:27.053,0.003297
15:02:27.054,8.563279,15:02:27.054,87.208906,15:02:27.054,0.002311
15:02:27.055,8.580163,15:02:27.055,86.97253,15:02:27.055,0.002311
15:02:27.056,8.563279,15:02:27.056,86.989414,15:02:27.056,0.00264
15:02:27.057,8.613931,15:02:27.057,87.006298,15:02:27.057,0.002311
15:02:27.058,8.546395,15:02:27.058,87.090718,15:02:27.058,0.002969
15:02:27.059,8.512627,15:02:27.059,86.854342,15:02:27.059,0.00264
15:02:27.060,8.563279,15:02:27.060,86.753038,15:02:27.060,0.004612
15:02:27.061,8.512627,15:02:27.061,86.786806,15:02:27.061,0.00264
15:02:27.062,8.580163,15:02:27.062,86.904994,15:02:27.062,0.003955
15:02:27.063,8.461975,15:02:27.063,86.685502,15:02:27.063,0.001325
15:02:27.064,8.495743,15:02:27.064,86.584198,15:02:27.064,0.004941
15:02:27.065,8.394439,15:02:27.065,86.499778,15:02:27.065,0.002969
15:02:27.066,8.377555,15:02:27.066,86.668618,15:02:27.066,0.00264
15:02:27.067,8.326903,15:02:27.067,86.246519,15:02:27.067,0.000996
15:02:27.068,8.293135,15:02:27.068,86.280287,15:02:27.068,0.001982
15:02:27.069,8.174947,15:02:27.069,86.212751,15:02:27.069,0.002969
15:02:27.070,8.293135,15:02:27.070,86.482894,15:02:27.070,0.003297
15:02:27.071,8.259367,15:02:27.071,86.212751,15:02:27.071,0.00264
15:02:27.072,8.225599,15:02:27.072,86.111447,15:02:27.072,0.002969
15:02:27.073,8.259367,15:02:27.073,86.128331,15:02:27.073,0.001982
15:02:27.074,8.191831,15:02:27.074,86.263403,15:02:27.074,0.003626
15:02:27.075,8.174947,15:02:27.075,86.229635,15:02:27.075,0.002311
15:02:27.076,8.225599,15:02:27.076,86.094563,15:02:27.076,0.003955
15:02:27.077,8.225599,15:02:27.077,86.111447,15:02:27.077,0.002969
15:02:27.078,8.242483,15:02:27.078,86.280287,15:02:27.078,0.003626
15:02:27.079,8.293135,15:02:27.079,86.128331,15:02:27.079,0.00264
15:02:27.080,8.293135,15:02:27.080,86.043911,15:02:27.080,0.002311
15:02:27.081,8.293135,15:02:27.081,86.043911,15:02:27.081,0.000996
15:02:27.082,8.343787,15:02:27.082,86.145215,15:02:27.082,0.00264
15:02:27.083,8.360671,15:02:27.083,86.010143,15:02:27.083,0.003297
15:02:27.084,8.326903,15:02:27.084,85.908839,15:02:27.084,0.003626
15:02:27.085,8.377555,15:02:27.085,85.689347,15:02:27.085,0.001982
15:02:27.086,8.326903,15:02:27.086,85.824419,15:02:27.086,0.002969
15:02:27.087,8.326903,15:02:27.087,85.486739,15:02:27.087,0.001653
15:02:27.088,8.394439,15:02:27.088,85.351668,15:02:27.088,0.003626
15:02:27.089,8.377555,15:02:27.089,85.284132,15:02:27.089,0.00264
15:02:27.090,8.360671,15:02:27.090,85.655579,15:02:27.090,0.00264
15:02:27.091,8.343787,15:02:27.091,85.385436,15:02:27.091,0.001325
15:02:27.092,8.411323,15:02:27.092,85.3179,15:02:27.092,0.00264
15:02:27.093,8.310019,15:02:27.093,85.23348,15:02:27.093,0.00264
15:02:27.094,8.293135,15:02:27.094,85.621811,15:02:27.094,0.001325
15:02:27.095,8.293135,15:02:27.095,85.368552,15:02:27.095,0.001325
15:02:27.096,8.326903,15:02:27.096,85.216596,15:02:27.096,0.001982
15:02:27.097,8.326903,15:02:27.097,85.216596,15:02:27.097,0.002311
15:02:27.098,8.293135,15:02:27.098,85.537391,15:02:27.098,0.003955
15:02:27.099,8.293135,15:02:27.099,85.182828,15:02:27.099,0.00264
15:02:27.100,8.293135,15:02:27.100,85.098408,15:02:27.100,0.001982
15:02:27.101,8.225599,15:02:27.101,84.997104,15:02:27.101,0.000996
15:02:27.102,8.174947,15:02:27.102,85.385436,15:02:27.102,0.002969
15:02:27.103,8.158063,15:02:27.103,85.165944,15:02:27.103,0.001653
15:02:27.104,8.158063,15:02:27.104,84.997104,15:02:27.104,0.003297
15:02:27.105,8.056759,15:02:27.105,85.030872,15:02:27.105,0.003626
15:02:27.106,7.972339,15:02:27.106,85.351668,15:02:27.106,0.001982
15:02:27.107,7.921687,15:02:27.107,85.115292,15:02:27.107,0.001982
15:02:27.108,7.972339,15:02:27.108,84.828264,15:02:27.108,0.001982
15:02:27.109,7.921687,15:02:27.109,84.912684,15:02:27.109,0.00264
15:02:27.110,7.837267,15:02:27.110,85.334784,15:02:27.110,0.002311
15:02:27.111,7.871035,15:02:27.111,85.030872,15:02:27.111,0.003297
15:02:27.112,7.904803,15:02:27.112,84.929568,15:02:27.112,0.003955
15:02:27.113,7.887919,15:02:27.113,84.862032,15:02:27.113,0.00264
15:02:27.114,7.854151,15:02:27.114,85.250364,15:02:27.114,0.00264
15:02:27.115,7.871035,15:02:27.115,85.098408,15:02:27.115,0.001982
15:02:27.116,7.938571,15:02:27.116,84.862032,15:02:27.116,0.001982
15:02:27.117,7.972339,15:02:27.117,84.929568,15:02:27.117,0.002969
15:02:27.118,8.006107,15:02:27.118,85.301016,15:02:27.118,0.000996
15:02:27.119,8.022991,15:02:27.119,85.216596,15:02:27.119,0.002969
15:02:27.120,8.090527,15:02:27.120,85.182828,15:02:27.120,0.002311
15:02:27.121,8.039875,15:02:27.121,85.132176,15:02:27.121,0.003297
15:02:27.122,8.006107,15:02:27.122,85.165944,15:02:27.122,0.001325
15:02:27.123,8.056759,15:02:27.123,85.216596,15:02:27.123,0.00527
15:02:27.124,8.090527,15:02:27.124,84.98022,15:02:27.124,0.001982
15:02:27.125,7.989223,15:02:27.125,85.013988,15:02:27.125,0.002311
15:02:27.126,8.039875,15:02:27.126,85.14906,15:02:27.126,0.00264
15:02:27.127,8.039875,15:02:27.127,85.030872,15:02:27.127,0.001982
15:02:27.128,7.955455,15:02:27.128,84.828264,15:02:27.128,0.003955
15:02:27.129,7.904803,15:02:27.129,84.845148,15:02:27.129,0.004612
15:02:27.130,7.871035,15:02:27.130,85.047756,15:02:27.130,0.002969
15:02:27.131,7.871035,15:02:27.131,85.013988,15:02:27.131,0.001982
15:02:27.132,7.837267,15:02:27.132,84.828264,15:02:27.132,0.000996
15:02:27.133,7.820383,15:02:27.133,84.743844,15:02:27.133,0.00264
15:02:27.134,7.735963,15:02:27.134,85.013988,15:02:27.134,0.002311
15:02:27.135,7.617775,15:02:27.135,85.06464,15:02:27.135,0.003626
15:02:27.136,7.735963,15:02:27.136,84.743844,15:02:27.136,0.003297
15:02:27.137,7.752847,15:02:27.137,84.743844,15:02:27.137,0.00264
15:02:27.138,7.752847,15:02:27.138,84.760728,15:02:27.138,0.002969
15:02:27.139,7.735963,15:02:27.139,84.81138,15:02:27.139,0.001653
15:02:27.140,7.735963,15:02:27.140,84.575004,15:02:27.140,0.002969
15:02:27.141,7.685311,15:02:27.141,84.64254,15:02:27.141,0.002311
15:02:27.142,7.702195,15:02:27.142,84.693192,15:02:27.142,0.002311
15:02:27.143,7.668427,15:02:27.143,84.693192,15:02:27.143,0.002311
15:02:27.144,7.617775,15:02:27.144,84.55812,15:02:27.144,0.001982
15:02:27.145,7.584007,15:02:27.145,84.541236,15:02:27.145,0.001982
15:02:27.146,7.634659,15:02:27.146,84.710076,15:02:27.146,0.001653
15:02:27.147,7.584007,15:02:27.147,84.676308,15:02:27.147,0.00264
15:02:27.148,7.651543,15:02:27.148,84.55812,15:02:27.148,0.002969
15:02:27.149,7.567123,15:02:27.149,84.64254,15:02:27.149,0.001982
15:02:27.150,7.584007,15:02:27.150,84.64254,15:02:27.150,0.003626
15:02:27.151,7.617775,15:02:27.151,84.777612,15:02:27.151,0.000338
15:02:27.152,7.634659,15:02:27.152,84.591888,15:02:27.152,0.00264
15:02:27.153,7.600891,15:02:27.153,84.490584,15:02:27.153,0.000996
15:02:27.154,7.516471,15:02:27.154,84.693192,15:02:27.154,0.004612
15:02:27.155,7.516471,15:02:27.155,84.710076,15:02:27.155,0.002969
15:02:27.156,7.567123,15:02:27.156,84.439932,15:02:27.156,0.00264
15:02:27.157,7.617775,15:02:27.157,84.406164,15:02:27.157,0.002311
15:02:27.158,7.550239,15:02:27.158,84.4737,15:02:27.158,0.003297
15:02:27.159,7.550239,15:02:27.159,84.423048,15:02:27.159,0.002969
15:02:27.160,7.600891,15:02:27.160,84.203557,15:02:27.160,0.002969
15:02:27.161,7.668427,15:02:27.161,84.119137,15:02:27.161,0.00264
15:02:27.162,7.600891,15:02:27.162,84.271093,15:02:27.162,0.003297
15:02:27.163,7.600891,15:02:27.163,84.338629,15:02:27.163,0.001982
15:02:27.164,7.567123,15:02:27.164,84.119137,15:02:27.164,0.003297
15:02:27.165,7.550239,15:02:27.165,84.102253,15:02:27.165,0.001982
15:02:27.166,7.516471,15:02:27.166,84.271093,15:02:27.166,0.003297
15:02:27.167,7.432051,15:02:27.167,84.304861,15:02:27.167,0.003297
15:02:27.168,7.533355,15:02:27.168,83.984065,15:02:27.168,0.002969
15:02:27.169,7.516471,15:02:27.169,84.000949,15:02:27.169,0.00264
15:02:27.170,7.448935,15:02:27.170,84.068485,15:02:27.170,0.003297
15:02:27.171,7.499587,15:02:27.171,84.085369,15:02:27.171,0.000996
15:02:27.172,7.415167,15:02:27.172,83.933413,15:02:27.172,0.003297
15:02:27.173,7.432051,15:02:27.173,83.882761,15:02:27.173,0.003297
15:02:27.174,7.415167,15:02:27.174,83.950297,15:02:27.174,0.004612
15:02:27.175,7.364515,15:02:27.175,84.203557,15:02:27.175,0.002311
15:02:27.176,7.432051,15:02:27.176,83.916529,15:02:27.176,0.00264
15:02:27.177,7.432051,15:02:27.177,83.882761,15:02:27.177,0.001325
15:02:27.178,7.415167,15:02:27.178,83.899645,15:02:27.178,0.002969
15:02:27.179,7.432051,15:02:27.179,83.967181,15:02:27.179,0.003626
15:02:27.180,7.482703,15:02:27.180,83.865877,15:02:27.180,0.003626
15:02:27.181,7.381399,15:02:27.181,83.899645,15:02:27.181,0.003297
15:02:27.182,7.398283,15:02:27.182,83.882761,15:02:27.182,0.002311
15:02:27.183,7.347631,15:02:27.183,83.967181,15:02:27.183,0.003626
15:02:27.184,7.313863,15:02:27.184,83.865877,15:02:27.184,0.002311
15:02:27.185,7.364515,15:02:27.185,83.680153,15:02:27.185,0.001982
15:02:27.186,7.347631,15:02:27.186,83.663269,15:02:27.186,0.002311
15:02:27.187,7.347631,15:02:27.187,83.815225,15:02:27.187,0.002969
15:02:27.188,7.296979,15:02:27.188,83.663269,15:02:27.188,0.002969
15:02:27.189,7.280095,15:02:27.189,83.410009,15:02:27.189,0.00264
15:02:27.190,7.280095,15:02:27.190,83.460661,15:02:27.190,0.003297
15:02:27.191,7.263211,15:02:27.191,83.612617,15:02:27.191,0.002311
15:02:27.192,7.280095,15:02:27.192,83.291821,15:02:27.192,0.001982
15:02:27.193,7.246327,15:02:27.193,83.207402,15:02:27.193,0.00264
15:02:27.194,7.280095,15:02:27.194,83.139866,15:02:27.194,0.001325
15:02:27.195,7.263211,15:02:27.195,83.325589,15:02:27.195,0.003955
15:02:27.196,7.246327,15:02:27.196,83.122982,15:02:27.196,0.002311
15:02:27.197,7.280095,15:02:27.197,83.089214,15:02:27.197,0.003626
15:02:27.198,7.263211,15:02:27.198,83.089214,15:02:27.198,0.002311
15:02:27.199,7.280095,15:02:27.199,83.258054,15:02:27.199,0.003955
15:02:27.200,7.161907,15:02:27.200,83.173634,15:02:27.200,0.002969
15:02:27.201,7.195675,15:02:27.201,83.089214,15:02:27.201,0.002311
15:02:27.202,7.263211,15:02:27.202,83.089214,15:02:27.202,0.001325
15:02:27.203,7.229443,15:02:27.203,83.274938,15:02:27.203,0.002969
15:02:27.204,7.178791,15:02:27.204,83.139866,15:02:27.204,0.00264
15:02:27.205,7.178791,15:02:27.205,82.90349,15:02:27.205,0.002311
15:02:27.206,7.145023,15:02:27.206,82.937258,15:02:27.206,0.002311
15:02:27.207,7.145023,15:02:27.207,83.089214,15:02:27.207,0.002969
15:02:27.208,7.094371,15:02:27.208,82.869722,15:02:27.208,0.001982
15:02:27.209,7.060603,15:02:27.209,82.751534,15:02:27.209,0.003626
15:02:27.210,7.043719,15:02:27.210,82.683998,15:02:27.210,0.001982
15:02:27.211,7.060603,15:02:27.211,82.869722,15:02:27.211,0.00264
15:02:27.212,7.060603,15:02:27.212,82.717766,15:02:27.212,0.004284
15:02:27.213,7.009951,15:02:27.213,82.56581,15:02:27.213,0.00264
15:02:27.214,6.959299,15:02:27.214,82.515158,15:02:27.214,0.003955
15:02:27.215,7.026835,15:02:27.215,82.65023,15:02:27.215,0.001982
15:02:27.216,7.009951,15:02:27.216,82.599578,15:02:27.216,0.001982
15:02:27.217,7.060603,15:02:27.217,82.498274,15:02:27.217,0.00264
15:02:27.218,7.009951,15:02:27.218,82.447622,15:02:27.218,0.001653
15:02:27.219,7.026835,15:02:27.219,82.683998,15:02:27.219,0.001325
15:02:27.220,7.043719,15:02:27.220,82.582694,15:02:27.220,0.002969
15:02:27.221,7.009951,15:02:27.221,82.464506,15:02:27.221,0.001325
15:02:27.222,7.026835,15:02:27.222,82.56581,15:02:27.222,0.002969
15:02:27.223,6.993067,15:02:27.223,82.616462,15:02:27.223,0.002311
15:02:27.224,6.874879,15:02:27.224,82.582694,15:02:27.224,0.00264
15:02:27.225,6.993067,15:02:27.225,82.447622,15:02:27.225,0.004284
15:02:27.226,6.976183,15:02:27.226,82.329434,15:02:27.226,0.003297
15:02:27.227,6.942415,15:02:27.227,82.430738,15:02:27.227,0.004284
15:02:27.228,6.874879,15:02:27.228,82.380086,15:02:27.228,0.001653
15:02:27.229,7.026835,15:02:27.229,82.194362,15:02:27.229,0.002969
15:02:27.230,6.891763,15:02:27.230,82.177479,15:02:27.230,0.002311
15:02:27.231,6.874879,15:02:27.231,82.278782,15:02:27.231,0.004284
15:02:27.232,6.942415,15:02:27.232,82.245014,15:02:27.232,0.003297
15:02:27.233,6.857995,15:02:27.233,82.093059,15:02:27.233,0.001982
15:02:27.234,6.959299,15:02:27.234,82.126827,15:02:27.234,0.002311
15:02:27.235,6.891763,15:02:27.235,82.211246,15:02:27.235,0.003297
15:02:27.236,6.891763,15:02:27.236,82.160595,15:02:27.236,0.002969
15:02:27.237,6.874879,15:02:27.237,82.042407,15:02:27.237,0.002311
15:02:27.238,6.841111,15:02:27.238,81.974871,15:02:27.238,0.003297
15:02:27.239,6.874879,15:02:27.239,82.245014,15:02:27.239,0.002969
15:02:27.240,6.874879,15:02:27.240,82.211246,15:02:27.240,0.003297
15:02:27.241,6.942415,15:02:27.241,82.042407,15:02:27.241,0.00264
15:02:27.242,6.891763,15:02:27.242,81.924219,15:02:27.242,0.002969
15:02:27.243,6.773575,15:02:27.243,82.109943,15:02:27.243,0.002969
15:02:27.244,6.824227,15:02:27.244,82.126827,15:02:27.244,0.00264
15:02:27.245,6.841111,15:02:27.245,81.856683,15:02:27.245,0.002311
15:02:27.246,6.790459,15:02:27.246,81.839799,15:02:27.246,0.002311
15:02:27.247,6.722923,15:02:27.247,81.907335,15:02:27.247,0.001982
15:02:27.248,6.722923,15:02:27.248,81.924219,15:02:27.248,0.001653
15:02:27.249,6.689155,15:02:27.249,81.721611,15:02:27.249,0.00264
15:02:27.250,6.722923,15:02:27.250,81.434583,15:02:27.250,0.003297
15:02:27.251,6.739807,15:02:27.251,81.687843,15:02:27.251,0.00264
15:02:27.252,6.756691,15:02:27.252,81.620307,15:02:27.252,0.001982
15:02:27.253,6.706039,15:02:27.253,81.400815,15:02:27.253,0.003297
15:02:27.254,6.739807,15:02:27.254,81.316395,15:02:27.254,0.003626
15:02:27.255,6.773575,15:02:27.255,81.586539,15:02:27.255,0.000996
15:02:27.256,6.689155,15:02:27.256,81.670959,15:02:27.256,0.001982
15:02:27.257,6.790459,15:02:27.257,81.282627,15:02:27.257,0.00264
15:02:27.258,6.756691,15:02:27.258,81.333279,15:02:27.258,0.004941
15:02:27.259,6.722923,15:02:27.259,81.603423,15:02:27.259,0.000667
15:02:27.260,6.807343,15:02:27.260,81.670959,15:02:27.260,0.002969
15:02:27.261,6.739807,15:02:27.261,81.265743,15:02:27.261,0.002969
15:02:27.262,6.689155,15:02:27.262,81.248859,15:02:27.262,0.00264
15:02:27.263,6.655387,15:02:27.263,81.620307,15:02:27.263,0.003297
15:02:27.264,6.672271,15:02:27.264,81.603423,15:02:27.264,0.003626
15:02:27.265,6.672271,15:02:27.265,81.147555,15:02:27.265,0.003297
15:02:27.266,6.604735,15:02:27.266,81.147555,15:02:27.266,0.000996
15:02:27.267,6.604735,15:02:27.267,81.502119,15:02:27.267,0.002311
15:02:27.268,6.621619,15:02:27.268,81.535887,15:02:27.268,0.003297
15:02:27.269,6.587851,15:02:27.269,81.063136,15:02:27.269,0.002311
15:02:27.270,6.587851,15:02:27.270,80.894296,15:02:27.270,0.002311
15:02:27.271,6.520316,15:02:27.271,81.282627,15:02:27.271,0.004612
15:02:27.272,6.5372,15:02:27.272,81.299511,15:02:27.272,0.002311
15:02:27.273,6.5372,15:02:27.273,80.961832,15:02:27.273,0.003297
15:02:27.274,6.5372,15:02:27.274,80.91118,15:02:27.274,0.003297
15:02:27.275,6.469664,15:02:27.275,81.096903,15:02:27.275,0.003955
15:02:27.276,6.419012,15:02:27.276,81.367047,15:02:27.276,0.003626
15:02:27.277,6.5372,15:02:27.277,80.843644,15:02:27.277,0.00264
15:02:27.278,6.520316,15:02:27.278,80.843644,15:02:27.278,0.002969
15:02:27.279,6.503432,15:02:27.279,81.096903,15:02:27.279,0.00264
15:02:27.280,6.5372,15:02:27.280,81.299511,15:02:27.280,0.003626
15:02:27.281,6.45278,15:02:27.281,80.944948,15:02:27.281,0.002969
15:02:27.282,6.486548,15:02:27.282,81.147555,15:02:27.282,0.004941
15:02:27.283,6.469664,15:02:27.283,81.265743,15:02:27.283,0.002969
15:02:27.284,6.469664,15:02:27.284,81.282627,15:02:27.284,0.001653
15:02:27.285,6.45278,15:02:27.285,81.096903,15:02:27.285,0.002969
15:02:27.286,6.45278,15:02:27.286,80.961832,15:02:27.286,0.003955
15:02:27.287,6.402128,15:02:27.287,80.961832,15:02:27.287,0.002311
15:02:27.288,6.334592,15:02:27.288,80.9956,15:02:27.288,0.003955
15:02:27.289,6.351476,15:02:27.289,80.877412,15:02:27.289,0.002311
15:02:27.290,6.435896,15:02:27.290,80.74234,15:02:27.290,0.001653
15:02:27.291,6.351476,15:02:27.291,80.809876,15:02:27.291,0.00264
15:02:27.292,6.402128,15:02:27.292,80.944948,15:02:27.292,0.002311
15:02:27.293,6.334592,15:02:27.293,80.74234,15:02:27.293,0.001982
15:02:27.294,6.334592,15:02:27.294,80.74234,15:02:27.294,0.00264
15:02:27.295,6.351476,15:02:27.295,80.82676,15:02:27.295,0.002311
15:02:27.296,6.36836,15:02:27.296,80.944948,15:02:27.296,0.002311
15:02:27.297,6.385244,15:02:27.297,80.809876,15:02:27.297,0.00527
15:02:27.298,6.402128,15:02:27.298,80.82676,15:02:27.298,0.00264
15:02:27.299,6.469664,15:02:27.299,80.843644,15:02:27.299,0.002311
15:02:27.300,6.351476,15:02:27.300,80.961832,15:02:27.300,0.002969
15:02:27.301,6.402128,15:02:27.301,80.725456,15:02:27.301,0.001982
15:02:27.302,6.385244,15:02:27.302,80.590384,15:02:27.302,0.002311
15:02:27.303,6.300824,15:02:27.303,80.624152,15:02:27.303,0.00264
15:02:27.304,6.334592,15:02:27.304,80.792992,15:02:27.304,0.001982
15:02:27.305,6.233288,15:02:27.305,80.455312,15:02:27.305,0.002969
15:02:27.306,6.267056,15:02:27.306,80.539732,15:02:27.306,0.002311
15:02:27.307,6.19952,15:02:27.307,80.505964,15:02:27.307,0.002311
15:02:27.308,6.182636,15:02:27.308,80.641036,15:02:27.308,0.002311
15:02:27.309,6.233288,15:02:27.309,80.370892,15:02:27.309,0.001653
15:02:27.310,6.182636,15:02:27.310,80.354008,15:02:27.310,0.00264
15:02:27.311,6.216404,15:02:27.311,80.387776,15:02:27.311,0.00264
15:02:27.312,6.19952,15:02:27.312,80.556616,15:02:27.312,0.003626
15:02:27.313,6.19952,15:02:27.313,80.32024,15:02:27.313,0.00264
15:02:27.314,6.182636,15:02:27.314,80.303356,15:02:27.314,0.002311
15:02:27.315,6.148868,15:02:27.315,80.354008,15:02:27.315,0.003626
15:02:27.316,6.182636,15:02:27.316,80.455312,15:02:27.316,0.001653
15:02:27.317,6.131984,15:02:27.317,80.303356,15:02:27.317,0.00264
15:02:27.318,6.19952,15:02:27.318,80.185168,15:02:27.318,0.00264
15:02:27.319,6.165752,15:02:27.319,80.202052,15:02:27.319,0.003626
15:02:27.320,6.182636,15:02:27.320,80.387776,15:02:27.320,0.00264
15:02:27.321,6.165752,15:02:27.321,80.23582,15:02:27.321,0.002311
15:02:27.322,6.165752,15:02:27.322,80.185168,15:02:27.322,0.003297
15:02:27.323,6.19952,15:02:27.323,80.06698,15:02:27.323,0.00264
15:02:27.324,6.1151,15:02:27.324,80.218936,15:02:27.324,0.002311
15:02:27.325,6.148868,15:02:27.325,80.134516,15:02:27.325,0.003297
15:02:27.326,6.148868,15:02:27.326,80.06698,15:02:27.326,0.002311
15:02:27.327,6.064448,15:02:27.327,79.948793,15:02:27.327,0.00264
15:02:27.328,6.081332,15:02:27.328,80.100748,15:02:27.328,0.002969
15:02:27.329,6.131984,15:02:27.329,80.050096,15:02:27.329,0.002311
15:02:27.330,6.098216,15:02:27.330,79.864373,15:02:27.330,0.002311
15:02:27.331,6.1151,15:02:27.331,79.881257,15:02:27.331,0.002969
15:02:27.332,6.03068,15:02:27.332,79.965676,15:02:27.332,0.001982
15:02:27.333,6.013796,15:02:27.333,79.948793,15:02:27.333,0.003297
15:02:27.334,6.064448,15:02:27.334,79.746185,15:02:27.334,0.00264
15:02:27.335,6.013796,15:02:27.335,79.712417,15:02:27.335,0.001653
15:02:27.336,5.980028,15:02:27.336,79.763069,15:02:27.336,0.00264
15:02:27.337,6.013796,15:02:27.337,79.813721,15:02:27.337,0.003297
15:02:27.338,5.980028,15:02:27.338,79.627997,15:02:27.338,0.003297
15:02:27.339,6.03068,15:02:27.339,79.678649,15:02:27.339,0.002311
15:02:27.340,6.03068,15:02:27.340,79.864373,15:02:27.340,0.00264
15:02:27.341,6.03068,15:02:27.341,79.746185,15:02:27.341,0.002969
15:02:27.342,6.013796,15:02:27.342,79.644881,15:02:27.342,0.001982
15:02:27.343,5.94626,15:02:27.343,79.678649,15:02:27.343,0.002311
15:02:27.344,5.878724,15:02:27.344,79.712417,15:02:27.344,0.002311
15:02:27.345,5.912492,15:02:27.345,79.729301,15:02:27.345,0.002311
15:02:27.346,5.878724,15:02:27.346,79.577345,15:02:27.346,0.002311
15:02:27.347,5.86184,15:02:27.347,79.644881,15:02:27.347,0.002311
15:02:27.348,5.828072,15:02:27.348,79.729301,15:02:27.348,0.001653
15:02:27.349,5.794304,15:02:27.349,79.627997,15:02:27.349,0.00264
15:02:27.350,5.86184,15:02:27.350,79.408505,15:02:27.350,0.002969
15:02:27.351,5.878724,15:02:27.351,79.374737,15:02:27.351,0.00264
15:02:27.352,5.94626,15:02:27.352,79.459157,15:02:27.352,0.001982
15:02:27.353,5.844956,15:02:27.353,79.509809,15:02:27.353,0.002969
15:02:27.354,5.828072,15:02:27.354,79.357853,15:02:27.354,0.003626
15:02:27.355,5.828072,15:02:27.355,79.273433,15:02:27.355,0.004941
15:02:27.356,5.828072,15:02:27.356,79.391621,15:02:27.356,0.004284
15:02:27.357,5.811188,15:02:27.357,79.290317,15:02:27.357,0.003626
15:02:27.358,5.929376,15:02:27.358,79.121477,15:02:27.358,0.001982
15:02:27.359,5.912492,15:02:27.359,79.121477,15:02:27.359,0.003297
15:02:27.360,5.895608,15:02:27.360,79.324085,15:02:27.360,0.001982
15:02:27.361,5.895608,15:02:27.361,79.324085,15:02:27.361,0.003626
15:02:27.362,5.878724,15:02:27.362,79.138361,15:02:27.362,0.002311
15:02:27.363,5.912492,15:02:27.363,79.104593,15:02:27.363,0.001653
15:02:27.364,5.828072,15:02:27.364,79.290317,15:02:27.364,0.001982
15:02:27.365,5.895608,15:02:27.365,79.189013,15:02:27.365,0.002311
15:02:27.366,5.743652,15:02:27.366,79.037057,15:02:27.366,0.003297
15:02:27.367,5.794304,15:02:27.367,78.969521,15:02:27.367,0.003626
15:02:27.368,5.726768,15:02:27.368,79.037057,15:02:27.368,0.003297
15:02:27.369,5.760536,15:02:27.369,79.155245,15:02:27.369,0.001325
15:02:27.370,5.743652,15:02:27.370,78.952637,15:02:27.370,0.003297
15:02:27.371,5.77742,15:02:27.371,78.800682,15:02:27.371,0.003297
15:02:27.372,5.726768,15:02:27.372,78.918869,15:02:27.372,0.003955
15:02:27.373,5.709884,15:02:27.373,78.901985,15:02:27.373,0.003297
15:02:27.374,5.693,15:02:27.374,78.699378,15:02:27.374,0.001982
15:02:27.375,5.642348,15:02:27.375,78.817566,15:02:27.375,0.001653
15:02:27.376,5.659232,15:02:27.376,78.817566,15:02:27.376,0.001325
15:02:27.377,5.642348,15:02:27.377,78.935753,15:02:27.377,0.002969
15:02:27.378,5.693,15:02:27.378,78.682494,15:02:27.378,0.00264
15:02:27.379,5.693,15:02:27.379,78.766914,15:02:27.379,0.003955
15:02:27.380,5.659232,15:02:27.380,78.851333,15:02:27.380,0.00264
15:02:27.381,5.60858,15:02:27.381,79.003289,15:02:27.381,0.000338
15:02:27.382,5.676116,15:02:27.382,78.733146,15:02:27.382,0.002311
15:02:27.383,5.60858,15:02:27.383,78.699378,15:02:27.383,0.00264
15:02:27.384,5.557928,15:02:27.384,78.800682,15:02:27.384,0.003297
15:02:27.385,5.591696,15:02:27.385,78.733146,15:02:27.385,0.00264
15:02:27.386,5.60858,15:02:27.386,78.733146,15:02:27.386,0.001653
15:02:27.387,5.625464,15:02:27.387,78.547422,15:02:27.387,0.002311
15:02:27.388,5.591696,15:02:27.388,78.58119,15:02:27.388,0.002311
15:02:27.389,5.591696,15:02:27.389,78.783798,15:02:27.389,0.002969
15:02:27.390,5.60858,15:02:27.390,78.49677,15:02:27.390,0.002311
15:02:27.391,5.52416,15:02:27.391,78.429234,15:02:27.391,0.001653
15:02:27.392,5.541044,15:02:27.392,78.479886,15:02:27.392,0.00264
15:02:27.393,5.541044,15:02:27.393,78.530538,15:02:27.393,0.002969
15:02:27.394,5.52416,15:02:27.394,78.395466,15:02:27.394,0.001653
15:02:27.395,5.591696,15:02:27.395,78.361698,15:02:27.395,0.00264
15:02:27.396,5.574812,15:02:27.396,78.463002,15:02:27.396,0.00264
15:02:27.397,5.591696,15:02:27.397,78.598074,15:02:27.397,0.001982
15:02:27.398,5.625464,15:02:27.398,78.395466,15:02:27.398,0.002311
15:02:27.399,5.591696,15:02:27.399,78.32793,15:02:27.399,0.002311
15:02:27.400,5.625464,15:02:27.400,78.378582,15:02:27.400,0.001982
15:02:27.401,5.557928,15:02:27.401,78.530538,15:02:27.401,0.003626
15:02:27.402,5.574812,15:02:27.402,78.344814,15:02:27.402,0.000338
15:02:27.403,5.557928,15:02:27.403,78.15909,15:02:27.403,0.002311
15:02:27.404,5.574812,15:02:27.404,78.260394,15:02:27.404,0.002311
15:02:27.405,5.456624,15:02:27.405,78.294162,15:02:27.405,0.00264
15:02:27.406,5.456624,15:02:27.406,78.15909,15:02:27.406,0.005599
15:02:27.407,5.456624,15:02:27.407,77.99025,15:02:27.407,0.002969
15:02:27.408,5.456624,15:02:27.408,78.125322,15:02:27.408,0.003626
15:02:27.409,5.422856,15:02:27.409,78.142206,15:02:27.409,0.002311
15:02:27.410,5.405972,15:02:27.410,77.956482,15:02:27.410,0.003297
15:02:27.411,5.405972,15:02:27.411,77.855178,15:02:27.411,0.002311
15:02:27.412,5.35532,15:02:27.412,78.007134,15:02:27.412,0.003626
15:02:27.413,5.321552,15:02:27.413,78.091554,15:02:27.413,0.003626
15:02:27.414,5.321552,15:02:27.414,78.040902,15:02:27.414,0.002969
15:02:27.415,5.389088,15:02:27.415,77.686338,15:02:27.415,0.00264
15:02:27.416,5.35532,15:02:27.416,77.872062,15:02:27.416,0.00264
15:02:27.417,5.338436,15:02:27.417,78.07467,15:02:27.417,0.002311
15:02:27.418,5.389088,15:02:27.418,77.73699,15:02:27.418,0.002311
15:02:27.419,5.422856,15:02:27.419,77.669454,15:02:27.419,0.003297
15:02:27.420,5.389088,15:02:27.420,77.787642,15:02:27.420,0.003297
15:02:27.421,5.321552,15:02:27.421,77.99025,15:02:27.421,0.002969
15:02:27.422,5.389088,15:02:27.422,77.669454,15:02:27.422,0.002311
15:02:27.423,5.287784,15:02:27.423,77.534383,15:02:27.423,0.001982
15:02:27.424,5.372204,15:02:27.424,77.618803,15:02:27.424,0.003297
15:02:27.425,5.2709,15:02:27.425,77.804526,15:02:27.425,0.001982
15:02:27.426,5.287784,15:02:27.426,77.568151,15:02:27.426,0.001982
15:02:27.427,5.338436,15:02:27.427,77.365543,15:02:27.427,0.001982
15:02:27.428,5.287784,15:02:27.428,77.348659,15:02:27.428,0.002311
15:02:27.429,5.237132,15:02:27.429,77.618803,15:02:27.429,0.001982
15:02:27.430,5.2709,15:02:27.430,77.348659,15:02:27.430,0.001653
15:02:27.431,5.287784,15:02:27.431,77.213587,15:02:27.431,0.001982
15:02:27.432,5.287784,15:02:27.432,77.264239,15:02:27.432,0.001982
15:02:27.433,5.169596,15:02:27.433,77.568151,15:02:27.433,0.002311
15:02:27.434,5.237132,15:02:27.434,77.281123,15:02:27.434,0.00264
15:02:27.435,5.2709,15:02:27.435,77.298007,15:02:27.435,0.003626
15:02:27.436,5.287784,15:02:27.436,77.298007,15:02:27.436,0.001325
15:02:27.437,5.237132,15:02:27.437,77.568151,15:02:27.437,0.003297
15:02:27.438,5.2709,15:02:27.438,77.281123,15:02:27.438,0.002969
15:02:27.439,5.304668,15:02:27.439,77.264239,15:02:27.439,0.003297
15:02:27.440,5.321552,15:02:27.440,77.146051,15:02:27.440,0.003297
15:02:27.441,5.237132,15:02:27.441,77.517499,15:02:27.441,0.003626
15:02:27.442,5.254016,15:02:27.442,77.179819,15:02:27.442,0.001653
15:02:27.443,5.203364,15:02:27.443,76.977211,15:02:27.443,0.001325
15:02:27.444,5.220248,15:02:27.444,77.010979,15:02:27.444,0.002311
15:02:27.445,5.169596,15:02:27.445,77.196703,15:02:27.445,0.002969
15:02:27.446,5.10206,15:02:27.446,77.010979,15:02:27.446,0.002969
15:02:27.447,5.10206,15:02:27.447,76.875907,15:02:27.447,0.002969
15:02:27.448,5.152712,15:02:27.448,76.859023,15:02:27.448,0.002311
15:02:27.449,5.10206,15:02:27.449,77.179819,15:02:27.449,0.002311
15:02:27.450,5.051408,15:02:27.450,77.061631,15:02:27.450,0.002969
15:02:27.451,5.10206,15:02:27.451,76.892791,15:02:27.451,0.001982
15:02:27.452,5.085176,15:02:27.452,76.859023,15:02:27.452,0.003297
15:02:27.453,5.10206,15:02:27.453,77.213587,15:02:27.453,0.003297
15:02:27.454,5.000756,15:02:27.454,77.264239,15:02:27.454,0.00264
15:02:27.455,5.01764,15:02:27.455,77.129167,15:02:27.455,0.00264
15:02:27.456,5.068292,15:02:27.456,77.196703,15:02:27.456,0.00264
15:02:27.457,5.01764,15:02:27.457,77.281123,15:02:27.457,0.001982
15:02:27.458,5.085176,15:02:27.458,77.213587,15:02:27.458,0.003626
15:02:27.459,5.085176,15:02:27.459,77.095399,15:02:27.459,0.00264
15:02:27.460,5.10206,15:02:27.460,77.010979,15:02:27.460,0.00264
15:02:27.461,5.068292,15:02:27.461,77.247355,15:02:27.461,0.00264
15:02:27.462,5.085176,15:02:27.462,77.095399,15:02:27.462,0.002311
15:02:27.463,5.068292,15:02:27.463,76.892791,15:02:27.463,0.001982
15:02:27.464,5.068292,15:02:27.464,76.842139,15:02:27.464,0.003297
15:02:27.465,4.983872,15:02:27.465,76.977211,15:02:27.465,0.001982
15:02:27.466,5.000756,15:02:27.466,76.892791,15:02:27.466,0.00264
15:02:27.467,5.034524,15:02:27.467,76.774603,15:02:27.467,0.002969
15:02:27.468,5.034524,15:02:27.468,76.774603,15:02:27.468,0.001982
15:02:27.469,4.966988,15:02:27.469,76.859023,15:02:27.469,0.002969
15:02:27.470,5.000756,15:02:27.470,76.859023,15:02:27.470,0.003297
15:02:27.471,4.93322,15:02:27.471,76.723951,15:02:27.471,0.002969
15:02:27.472,4.93322,15:02:27.472,76.656415,15:02:27.472,0.002311
15:02:27.473,5.000756,15:02:27.473,76.859023,15:02:27.473,0.002311
15:02:27.474,4.916336,15:02:27.474,76.774603,15:02:27.474,0.003297
15:02:27.475,4.916336,15:02:27.475,76.707067,15:02:27.475,0.003626
15:02:27.476,4.916336,15:02:27.476,76.571995,15:02:27.476,0.003297
15:02:27.477,4.950104,15:02:27.477,76.740835,15:02:27.477,0.002969
15:02:27.478,4.93322,15:02:27.478,76.707067,15:02:27.478,0.002969
15:02:27.479,4.983872,15:02:27.479,76.386272,15:02:27.479,0.002311
15:02:27.480,5.034524,15:02:27.480,76.521343,15:02:27.480,0.001982
15:02:27.481,4.93322,15:02:27.481,76.622647,15:02:27.481,0.002969
15:02:27.482,4.916336,15:02:27.482,76.487575,15:02:27.482,0.002969
15:02:27.483,4.916336,15:02:27.483,76.33562,15:02:27.483,0.002311
15:02:27.484,4.831916,15:02:27.484,76.403156,15:02:27.484,0.00264
15:02:27.485,4.815032,15:02:27.485,76.403156,15:02:27.485,0.002311
15:02:27.486,4.815032,15:02:27.486,76.521343,15:02:27.486,0.003955
15:02:27.487,4.798148,15:02:27.487,76.318736,15:02:27.487,0.00527
15:02:27.488,4.798148,15:02:27.488,76.183664,15:02:27.488,0.00264
15:02:27.489,4.730612,15:02:27.489,76.369388,15:02:27.489,0.001982
15:02:27.490,4.713728,15:02:27.490,76.436924,15:02:27.490,0.00264
15:02:27.491,4.798148,15:02:27.491,76.2512,15:02:27.491,0.004284
15:02:27.492,4.798148,15:02:27.492,76.183664,15:02:27.492,0.00264
15:02:27.493,4.713728,15:02:27.493,76.318736,15:02:27.493,0.002969
15:02:27.494,4.730612,15:02:27.494,76.318736,15:02:27.494,0.001982
15:02:27.495,4.831916,15:02:27.495,76.116128,15:02:27.495,0.001982
15:02:27.496,4.713728,15:02:27.496,76.200548,15:02:27.496,0.00527
15:02:27.497,4.798148,15:02:27.497,76.217432,15:02:27.497,0.00264
15:02:27.498,4.781264,15:02:27.498,76.183664,15:02:27.498,0.00264
15:02:27.499,4.8488,15:02:27.499,76.149896,15:02:27.499,0.00264
15:02:27.500,4.815032,15:02:27.500,76.099244,15:02:27.500,0.002311
15:02:27.501,4.747496,15:02:27.501,76.16678,15:02:27.501,0.002969
15:02:27.502,4.747496,15:02:27.502,76.200548,15:02:27.502,0.003626
15:02:27.503,4.781264,15:02:27.503,75.947288,15:02:27.503,0.003297
15:02:27.504,4.76438,15:02:27.504,75.981056,15:02:27.504,0.002969
15:02:27.505,4.663076,15:02:27.505,75.99794,15:02:27.505,0.001982
15:02:27.506,4.713728,15:02:27.506,76.065476,15:02:27.506,0.002969
15:02:27.507,4.646192,15:02:27.507,75.8291,15:02:27.507,0.00264
15:02:27.508,4.67996,15:02:27.508,75.845984,15:02:27.508,0.002969
15:02:27.509,4.663076,15:02:27.509,75.862868,15:02:27.509,0.002311
15:02:27.510,4.663076,15:02:27.510,75.947288,15:02:27.510,0.001653
15:02:27.511,4.67996,15:02:27.511,75.710912,15:02:27.511,0.002969
15:02:27.512,4.67996,15:02:27.512,75.694028,15:02:27.512,0.001325
15:02:27.513,4.612424,15:02:27.513,75.862868,15:02:27.513,0.002969
15:02:27.514,4.59554,15:02:27.514,75.964172,15:02:27.514,0.001982
15:02:27.515,4.561772,15:02:27.515,75.761564,15:02:27.515,0.003297
15:02:27.516,4.67996,15:02:27.516,75.74468,15:02:27.516,0.00264
15:02:27.517,4.646192,15:02:27.517,75.845984,15:02:27.517,0.002969
15:02:27.518,4.646192,15:02:27.518,75.964172,15:02:27.518,0.00264
15:02:27.519,4.629308,15:02:27.519,75.727796,15:02:27.519,0.003626
15:02:27.520,4.663076,15:02:27.520,75.74468,15:02:27.520,0.002969
15:02:27.521,4.612424,15:02:27.521,75.8291,15:02:27.521,0.004941
15:02:27.522,4.629308,15:02:27.522,75.761564,15:02:27.522,0.002311
15:02:27.523,4.59554,15:02:27.523,75.525188,15:02:27.523,0.003297
15:02:27.524,4.561772,15:02:27.524,75.558956,15:02:27.524,0.002969
15:02:27.525,4.612424,15:02:27.525,75.508304,15:02:27.525,0.003297
15:02:27.526,4.544888,15:02:27.526,75.66026,15:02:27.526,0.002969
15:02:27.527,4.528004,15:02:27.527,75.457652,15:02:27.527,0.00264
15:02:27.528,4.578656,15:02:27.528,75.373232,15:02:27.528,0.002969
15:02:27.529,4.494236,15:02:27.529,75.457652,15:02:27.529,0.003297
15:02:27.530,4.443584,15:02:27.530,75.525188,15:02:27.530,0.003955
15:02:27.531,4.51112,15:02:27.531,75.339464,15:02:27.531,0.003297
15:02:27.532,4.561772,15:02:27.532,75.32258,15:02:27.532,0.001982
15:02:27.533,4.443584,15:02:27.533,75.423884,15:02:27.533,0.003297
15:02:27.534,4.460468,15:02:27.534,75.49142,15:02:27.534,0.003297
15:02:27.535,4.544888,15:02:27.535,75.373232,15:02:27.535,0.002969
15:02:27.536,4.443584,15:02:27.536,75.339464,15:02:27.536,0.003297
15:02:27.537,4.544888,15:02:27.537,75.356348,15:02:27.537,0.002969
15:02:27.538,4.528004,15:02:27.538,75.440768,15:02:27.538,0.002311
15:02:27.539,4.528004,15:02:27.539,75.271929,15:02:27.539,0.003297
15:02:27.540,4.544888,15:02:27.540,75.221277,15:02:27.540,0.002969
15:02:27.541,4.477352,15:02:27.541,75.305696,15:02:27.541,0.003626
15:02:27.542,4.528004,15:02:27.542,75.390116,15:02:27.542,0.003626
15:02:27.543,4.477352,15:02:27.543,75.153741,15:02:27.543,0.003626
15:02:27.544,4.443584,15:02:27.544,75.170625,15:02:27.544,0.003297
15:02:27.545,4.443584,15:02:27.545,75.052437,15:02:27.545,0.00264
15:02:27.546,4.443584,15:02:27.546,75.255045,15:02:27.546,0.002311
15:02:27.547,4.4267,15:02:27.547,75.136857,15:02:27.547,0.003297
15:02:27.548,4.460468,15:02:27.548,75.069321,15:02:27.548,0.003297
15:02:27.549,4.308512,15:02:27.549,74.984901,15:02:27.549,0.002969
15:02:27.550,4.34228,15:02:27.550,75.153741,15:02:27.550,0.00264
15:02:27.551,4.392932,15:02:27.551,74.951133,15:02:27.551,0.001982
15:02:27.552,4.359164,15:02:27.552,74.934249,15:02:27.552,0.003297
15:02:27.553,4.409816,15:02:27.553,74.917365,15:02:27.553,0.003626
15:02:27.554,4.34228,15:02:27.554,75.103089,15:02:27.554,0.004284
15:02:27.555,4.308512,15:02:27.555,74.917365,15:02:27.555,0.002969
15:02:27.556,4.34228,15:02:27.556,74.883597,15:02:27.556,0.004284
15:02:27.557,4.392932,15:02:27.557,74.849829,15:02:27.557,0.002969
15:02:27.558,4.392932,15:02:27.558,74.917365,15:02:27.558,0.004941
15:02:27.559,4.392932,15:02:27.559,74.900481,15:02:27.559,0.003297
15:02:27.560,4.359164,15:02:27.560,74.782293,15:02:27.560,0.001982
15:02:27.561,4.409816,15:02:27.561,74.782293,15:02:27.561,0.002311
15:02:27.562,4.325396,15:02:27.562,75.018669,15:02:27.562,0.004941
15:02:27.563,4.291628,15:02:27.563,74.782293,15:02:27.563,0.002969
15:02:27.564,4.34228,15:02:27.564,74.596569,15:02:27.564,0.002311
15:02:27.565,4.291628,15:02:27.565,74.680989,15:02:27.565,0.002311
15:02:27.566,4.274744,15:02:27.566,74.816061,15:02:27.566,0.003297
15:02:27.567,4.291628,15:02:27.567,74.664105,15:02:27.567,0.001653
15:02:27.568,4.308512,15:02:27.568,74.596569,15:02:27.568,0.003297
15:02:27.569,4.25786,15:02:27.569,74.630337,15:02:27.569,0.004612
15:02:27.570,4.25786,15:02:27.570,74.765409,15:02:27.570,0.003297
15:02:27.571,4.224092,15:02:27.571,74.680989,15:02:27.571,0.003626
15:02:27.572,4.224092,15:02:27.572,74.529033,15:02:27.572,0.003297
15:02:27.573,4.240976,15:02:27.573,74.427729,15:02:27.573,0.003297
15:02:27.574,4.25786,15:02:27.574,74.630337,15:02:27.574,0.003626
15:02:27.575,4.224092,15:02:27.575,74.630337,15:02:27.575,0.003297
15:02:27.576,4.207208,15:02:27.576,74.478381,15:02:27.576,0.00264
15:02:27.577,4.224092,15:02:27.577,74.562801,15:02:27.577,0.004284
15:02:27.578,4.240976,15:02:27.578,74.647221,15:02:27.578,0.00264
15:02:27.579,4.25786,15:02:27.579,74.512149,15:02:27.579,0.002969
15:02:27.580,4.308512,15:02:27.580,74.410845,15:02:27.580,0.00264
15:02:27.581,4.308512,15:02:27.581,74.478381,15:02:27.581,0.045712
15:02:27.582,4.224092,15:02:27.582,74.714757,15:02:27.582,3.687813
15:02:27.583,4.274744,15:02:27.583,74.562801,15:02:27.583,7.903318
15:02:27.584,4.240976,15:02:27.584,74.343309,15:02:27.584,8.595761
15:02:27.585,4.190324,15:02:27.585,74.309541,15:02:27.585,8.617132
15:02:27.586,4.240976,15:02:27.586,74.478381,15:02:27.586,8.63423
15:02:27.587,4.190324,15:02:27.587,74.157585,15:02:27.587,8.650669
15:02:27.588,4.240976,15:02:27.588,73.938094,15:02:27.588,8.66974
15:02:27.589,4.055252,15:02:27.589,73.870558,15:02:27.589,8.696701
15:02:27.590,3.987716,15:02:27.590,74.242005,15:02:27.590,8.714456
15:02:27.591,3.987716,15:02:27.591,74.090049,15:02:27.591,8.693742
15:02:27.592,4.072136,15:02:27.592,73.819906,15:02:27.592,8.648368
15:02:27.593,4.207208,15:02:27.593,73.887442,15:02:27.593,8.642121
15:02:27.594,4.392932,15:02:27.594,74.157585,15:02:27.594,8.730238
15:02:27.595,4.916336,15:02:27.595,74.00563,15:02:27.595,8.758185
15:02:27.596,5.726768,15:02:27.596,73.819906,15:02:27.596,8.760816
15:02:27.597,7.364515,15:02:27.597,73.769254,15:02:27.597,8.749966
15:02:27.598,10.268562,15:02:27.598,74.123817,15:02:27.598,8.710839
15:02:27.599,14.793473,15:02:27.599,74.106933,15:02:27.599,8.676644
15:02:27.600,19.622296,15:02:27.600,73.887442,15:02:27.600,8.668753
15:02:27.601,24.83945,15:02:27.601,73.887442,15:02:27.601,8.742403
15:02:27.602,31.491743,15:02:27.602,74.157585,15:02:27.602,8.753253
15:02:27.603,39.224612,15:02:27.603,74.039398,15:02:27.603,8.754897
15:02:27.604,47.109436,15:02:27.604,73.735486,15:02:27.604,8.744047
15:02:27.605,55.483895,15:02:27.605,73.75237,15:02:27.605,8.673356
15:02:27.606,64.618133,15:02:27.606,74.191353,15:02:27.606,8.658561
15:02:27.607,73.904326,15:02:27.607,73.904326,15:02:27.607,8.739773
15:02:27.608,83.07233,15:02:27.608,73.634182,15:02:27.608,8.763117
15:02:27.609,92.746852,15:02:27.609,73.532878,15:02:27.609,8.767392
15:02:27.610,102.809705,15:02:27.610,73.769254,15:02:27.610,8.772324
15:02:27.611,112.095893,15:02:27.611,73.735486,15:02:27.611,8.70788
15:02:27.612,120.436578,15:02:27.612,73.482226,15:02:27.612,8.68322
15:02:27.613,126.632996,15:02:27.613,73.532878,15:02:27.613,8.693084
15:02:27.614,128.085018,15:02:27.614,73.803022,15:02:27.614,8.758514
15:02:27.615,125.180975,15:02:27.615,73.971862,15:02:27.615,8.770351
15:02:27.616,119.98071,15:02:27.616,73.600414,15:02:27.616,8.776598
15:02:27.617,110.778943,15:02:27.617,73.566646,15:02:27.617,8.753253
15:02:27.618,98.706898,15:02:27.618,73.92121,15:02:27.618,8.690782
15:02:27.619,91.632509,15:02:27.619,74.157585,15:02:27.619,8.693742
15:02:27.620,84.524352,15:02:27.620,74.00563,15:02:27.620,8.753253
15:02:27.621,73.465342,15:02:27.621,74.140701,15:02:27.621,8.769364
15:02:27.622,64.770089,15:02:27.622,74.393961,15:02:27.622,8.790736
15:02:27.623,59.806196,15:02:27.623,74.242005,15:02:27.623,8.723333
15:02:27.624,57.999609,15:02:27.624,73.803022,15:02:27.624,8.713141
15:02:27.625,60.262064,15:02:27.625,73.853674,15:02:27.625,8.712483
15:02:27.626,64.499945,15:02:27.626,74.208237,15:02:27.626,8.768049
15:02:27.627,69.615793,15:02:27.627,74.410845,15:02:27.627,8.772324
15:02:27.628,75.221277,15:02:27.628,74.208237,15:02:27.628,8.775283
15:02:27.629,81.113787,15:02:27.629,74.258889,15:02:27.629,8.758514
15:02:27.630,86.55043,15:02:27.630,74.630337,15:02:27.630,8.686508
15:02:27.631,91.649393,15:02:27.631,74.951133,15:02:27.631,8.689138
15:02:27.632,94.739162,15:02:27.632,75.035553,15:02:27.632,8.753253
15:02:27.633,95.465173,15:02:27.633,75.305696,15:02:27.633,8.77331
15:02:27.634,95.211914,15:02:27.634,75.57584,15:02:27.634,8.769693
15:02:27.635,95.144378,15:02:27.635,75.879752,15:02:27.635,8.715113
15:02:27.636,95.279449,15:02:27.636,75.845984,15:02:27.636,8.688481
15:02:27.637,97.676975,15:02:27.637,75.795332,15:02:27.637,8.749308
15:02:27.638,102.590213,15:02:27.638,76.014824,15:02:27.638,8.766405
15:02:27.639,107.706059,15:02:27.639,76.2512,15:02:27.639,8.77068
15:02:27.640,111.48807,15:02:27.640,76.386272,15:02:27.640,8.774296
15:02:27.641,114.476534,15:02:27.641,76.33562,15:02:27.641,8.745034
15:02:27.642,116.164932,15:02:27.642,76.622647,15:02:27.642,8.700646
15:02:27.643,116.012976,15:02:27.643,76.605763,15:02:27.643,8.701961
15:02:27.644,115.7766,15:02:27.644,76.504459,15:02:27.644,8.766076
15:02:27.645,113.733639,15:02:27.645,76.707067,15:02:27.645,8.771995
15:02:27.646,109.580181,15:02:27.646,77.095399,15:02:27.646,8.770351
15:02:27.647,106.355341,15:02:27.647,77.720106,15:02:27.647,8.756213
15:02:27.648,104.261727,15:02:27.648,77.888946,15:02:27.648,8.693084
15:02:27.649,103.940932,15:02:27.649,78.192858,15:02:27.649,8.665465
15:02:27.650,106.389109,15:02:27.650,78.614958,15:02:27.650,8.663492
15:02:27.651,110.897131,15:02:27.651,79.256549,15:02:27.651,8.714784
15:02:27.652,114.999937,15:02:27.652,79.476041,15:02:27.652,8.714784
15:02:27.653,119.322235,15:02:27.653,80.050096,15:02:27.653,8.716757
15:02:27.654,123.458809,15:02:27.654,80.944948,15:02:27.654,8.720703
15:02:27.655,126.143361,15:02:27.655,82.126827,15:02:27.655,8.711497
15:02:27.656,127.359007,15:02:27.656,83.663269,15:02:27.656,8.654286
15:02:27.657,127.07198,15:02:27.657,86.617966,15:02:27.657,8.634887
15:02:27.658,125.434234,15:02:27.658,89.944111,15:02:27.658,8.649025
15:02:27.659,123.188666,15:02:27.659,91.835117,15:02:27.659,8.748979
15:02:27.660,121.162589,15:02:27.660,91.142874,15:02:27.660,8.744047
15:02:27.661,120.943097,15:02:27.661,90.264907,15:02:27.661,8.744047
15:02:27.662,122.310699,15:02:27.662,90.315559,15:02:27.662,8.718072
15:02:27.663,123.897793,15:02:27.663,90.602586,15:02:27.663,8.714127
15:02:27.664,125.50177,15:02:27.664,89.994763,15:02:27.664,8.644422
15:02:27.665,128.101902,15:02:27.665,89.268752,15:02:27.665,8.630942
15:02:27.666,129.840951,15:02:27.666,88.289481,15:02:27.666,8.633901
15:02:27.667,129.587692,15:02:27.667,87.293326,15:02:27.667,8.707222
15:02:27.668,128.439582,15:02:27.668,87.006298,15:02:27.668,8.71051
15:02:27.669,125.75503,15:02:27.669,87.343978,15:02:27.669,8.702619
15:02:27.670,121.770412,15:02:27.670,87.563469,15:02:27.670,8.703934
15:02:27.671,117.481882,15:02:27.671,88.829768,15:02:27.671,8.697358
15:02:27.672,113.159584,15:02:27.672,90.163603,15:02:27.672,8.656917
15:02:27.673,109.597065,15:02:27.673,91.767581,15:02:27.673,8.611872
15:02:27.674,105.713749,15:02:27.674,93.523515,15:02:27.674,8.624037
15:02:27.675,102.657749,15:02:27.675,95.009306,15:02:27.675,8.711497
15:02:27.676,101.492755,15:02:27.676,96.950964,15:02:27.676,8.729909
15:02:27.677,103.620136,15:02:27.677,97.626323,15:02:27.677,1.892574
15:02:27.678,109.934744,15:02:27.678,96.799008,15:02:27.678,1.527608
15:02:27.679,115.979208,15:02:27.679,96.410676,15:02:27.679,1.12483
15:02:27.680,120.48723,15:02:27.680,96.630168,15:02:27.680,0.738162
15:02:27.681,123.475693,15:02:27.681,97.879583,15:02:27.681,0.387663
15:02:27.682,125.687494,15:02:27.682,98.267914,15:02:27.682,0.077277
15:02:27.683,126.953792,15:02:27.683,97.204223,15:02:27.683,-0.076272
15:02:27.684,124.725107,15:02:27.684,94.77293,15:02:27.684,-0.124605
15:02:27.685,119.963826,15:02:27.685,93.320908,15:02:27.685,-0.145977
15:02:27.686,115.438921,15:02:27.686,92.86504,15:02:27.686,-0.149923
15:02:27.687,111.336114,15:02:27.687,93.489747,15:02:27.687,-0.150909
15:02:27.688,107.419031,15:02:27.688,94.367714,15:02:27.688,-0.149265
15:02:27.689,103.079849,15:02:27.689,95.701549,15:02:27.689,-0.14795
15:02:27.690,100.040732,15:02:27.690,96.326256,15:02:27.690,-0.143018
15:02:27.691,97.339295,15:02:27.691,96.42756,15:02:27.691,-0.125921
15:02:27.692,94.367714,15:02:27.692,96.376908,15:02:27.692,-0.10685
15:02:27.693,91.632509,15:02:27.693,96.697704,15:02:27.693,-0.080546
15:02:27.694,88.54274,15:02:27.694,97.491251,15:02:27.694,-0.051283
15:02:27.695,84.760728,15:02:27.695,98.84197,15:02:27.695,-0.020047
15:02:27.696,81.789147,15:02:27.696,101.543406,15:02:27.696,0.002311
15:02:27.697,78.598074,15:02:27.697,103.687672,15:02:27.697,0.000667
15:02:27.698,75.103089,15:02:27.698,104.498103,15:02:27.698,0.000667
15:02:27.699,71.996435,15:02:27.699,103.873396,15:02:27.699,-0.000648
15:02:27.700,68.028698,15:02:27.700,102.455141,15:02:27.700,-0.001963
15:02:27.701,65.968852,15:02:27.701,101.64471,15:02:27.701,-0.002292
15:02:27.702,66.289647,15:02:27.702,101.746014,15:02:27.702,-0.003936
15:02:27.703,66.762399,15:02:27.703,101.948622,15:02:27.703,-0.004923
15:02:27.704,66.053272,15:02:27.704,101.64471,15:02:27.704,-0.00295
15:02:27.705,66.627327,15:02:27.705,101.340799,15:02:27.705,-0.001963
15:02:27.706,67.623483,15:02:27.706,101.171959,15:02:27.706,-0.001306
15:02:27.707,67.961162,15:02:27.707,100.952467,15:02:27.707,-0.002621
15:02:27.708,67.319571,15:02:27.708,100.395296,15:02:27.708,-0.002621
15:02:27.709,65.377912,15:02:27.709,100.226456,15:02:27.709,-0.001635
15:02:27.710,63.301182,15:02:27.710,100.766743,15:02:27.710,-0.004923
15:02:27.711,62.23749,15:02:27.711,101.712246,15:02:27.711,-0.001963
15:02:27.712,60.954307,15:02:27.712,102.32007,15:02:27.712,-0.004265
15:02:27.713,58.742505,15:02:27.713,102.826589,15:02:27.713,-0.005251
15:02:27.714,56.328094,15:02:27.714,103.653904,15:02:27.714,-0.009197
15:02:27.715,53.576004,15:02:27.715,104.312379,15:02:27.715,-0.011499
15:02:27.716,51.229129,15:02:27.716,104.261727,15:02:27.716,-0.014787
15:02:27.717,49.304354,15:02:27.717,103.501948,15:02:27.717,-0.018075
15:02:27.718,47.666607,15:02:27.718,102.809705,15:02:27.718,-0.023664
15:02:27.719,46.349656,15:02:27.719,102.303186,15:02:27.719,-0.028267
15:02:27.720,45.049589,15:02:27.720,101.779782,15:02:27.720,-0.032213
15:02:27.721,44.458649,15:02:27.721,100.952467,15:02:27.721,-0.034515
15:02:27.722,44.543069,15:02:27.722,100.547252,15:02:27.722,-0.034515
15:02:27.723,44.239157,15:02:27.723,100.834279,15:02:27.723,-0.031555
15:02:27.724,43.665101,15:02:27.724,101.003119,15:02:27.724,-0.02761
15:02:27.725,43.057278,15:02:27.725,100.766743,15:02:27.725,-0.016759
15:02:27.726,42.26373,15:02:27.726,100.868047,15:02:27.726,-0.009855
15:02:27.727,41.75721,15:02:27.727,101.357683,15:02:27.727,-0.001635
15:02:27.728,41.892282,15:02:27.728,101.830434,15:02:27.728,0.000996
15:02:27.729,41.790978,15:02:27.729,102.06681,15:02:27.729,0.001982
15:02:27.730,41.689674,15:02:27.730,102.505793,15:02:27.730,0.000996
15:02:27.731,41.67279,15:02:27.731,103.029197,15:02:27.731,0.004941
15:02:27.732,41.824746,15:02:27.732,103.164269,15:02:27.732,0.00264
15:02:27.733,41.689674,15:02:27.733,102.843473,15:02:27.733,0.002311
15:02:27.734,41.081851,15:02:27.734,102.472025,15:02:27.734,0.00264
15:02:27.735,40.355839,15:02:27.735,102.252534,15:02:27.735,0.002311
15:02:27.736,39.697363,15:02:27.736,101.965506,15:02:27.736,0.002311
15:02:27.737,39.106424,15:02:27.737,101.442103,15:02:27.737,0.003955
15:02:27.738,38.616788,15:02:27.738,101.188843,15:02:27.738,0.001982
15:02:27.739,38.24534,15:02:27.739,101.425219,15:02:27.739,0.003297
15:02:27.740,38.008964,15:02:27.740,101.627826,15:02:27.740,0.003626
15:02:27.741,37.56998,15:02:27.741,101.357683,15:02:27.741,0.00264
15:02:27.742,37.181649,15:02:27.742,101.357683,15:02:27.742,0.001982
15:02:27.743,36.810201,15:02:27.743,101.188843,15:02:27.743,0.003297
15:02:27.744,35.898465,15:02:27.744,101.053771,15:02:27.744,0.001653
15:02:27.745,32.420363,15:02:27.745,100.648555,15:02:27.745,0.00264
15:02:27.746,26.460313,15:02:27.746,100.260224,15:02:27.746,0.001982
15:02:27.747,20.702871,15:02:27.747,100.310876,15:02:27.747,0.00264
15:02:27.748,15.418181,15:02:27.748,100.24334,15:02:27.748,0.002969
15:02:27.749,9.660739,15:02:27.749,99.82124,15:02:27.749,0.001982
15:02:27.750,3.852644,15:02:27.750,99.466677,15:02:27.750,0.002969
15:02:27.751,-1.077483,15:02:27.751,99.365373,15:02:27.751,0.001325
15:02:27.752,-3.154214,15:02:27.752,99.314721,15:02:27.752,0.001982
15:02:27.753,-3.373706,15:02:27.753,98.993925,15:02:27.753,0.001653
15:02:27.754,-3.39059,15:02:27.754,98.909505,15:02:27.754,0.002969
15:02:27.755,-3.39059,15:02:27.755,99.027693,15:02:27.755,0.002311
15:02:27.756,-3.39059,15:02:27.756,99.297837,15:02:27.756,0.003297
15:02:27.757,-3.39059,15:02:27.757,99.128997,15:02:27.757,0.002311
15:02:27.758,-3.373706,15:02:27.758,99.044577,15:02:27.758,0.003297
15:02:27.759,-3.339938,15:02:27.759,98.892622,15:02:27.759,0.003955
15:02:27.760,-3.238634,15:02:27.760,98.75755,15:02:27.760,0.002311
15:02:27.761,-3.019142,15:02:27.761,98.048422,15:02:27.761,0.004941
15:02:27.762,-2.056754,15:02:27.762,97.525019,15:02:27.762,0.003626
15:02:27.763,-0.013791,15:02:27.763,97.288643,15:02:27.763,0.002311
15:02:27.764,2.7383,15:02:27.764,97.119803,15:02:27.764,0.001982
15:02:27.765,5.980028,15:02:27.765,96.478212,15:02:27.765,0.002311
15:02:27.766,9.424363,15:02:27.766,96.089881,15:02:27.766,0.002311
15:02:27.767,12.885582,15:02:27.767,95.971693,15:02:27.767,0.00264
15:02:27.768,16.228613,15:02:27.768,95.988577,15:02:27.768,0.002311
15:02:27.769,19.200196,15:02:27.769,95.414521,15:02:27.769,0.001325
15:02:27.770,21.631491,15:02:27.770,95.11061,15:02:27.770,0.001982
15:02:27.771,23.556266,15:02:27.771,95.076842,15:02:27.771,0.001982
15:02:27.772,24.721262,15:02:27.772,95.397637,15:02:27.772,0.001325
15:02:27.773,25.210898,15:02:27.773,95.009306,15:02:27.773,0.004284
15:02:27.774,25.17713,15:02:27.774,94.823582,15:02:27.774,0.002969
15:02:27.775,24.535538,15:02:27.775,94.840466,15:02:27.775,0.001982
15:02:27.776,23.370542,15:02:27.776,95.178146,15:02:27.776,0.002311
15:02:27.777,21.834099,15:02:27.777,94.705394,15:02:27.777,0.001982
15:02:27.778,20.128815,15:02:27.778,94.469018,15:02:27.778,0.002969
15:02:27.779,18.237808,15:02:27.779,94.35083,15:02:27.779,0.003297
15:02:27.780,16.245497,15:02:27.780,94.536554,15:02:27.780,0.003297
15:02:27.781,14.084345,15:02:27.781,93.945615,15:02:27.781,0.000996
15:02:27.782,11.855658,15:02:27.782,93.759891,15:02:27.782,0.003955
15:02:27.783,9.711391,15:02:27.783,93.692355,15:02:27.783,0.002311
15:02:27.784,7.567123,15:02:27.784,93.827427,15:02:27.784,0.002311
15:02:27.785,5.557928,15:02:27.785,93.320908,15:02:27.785,0.003626
15:02:27.786,3.683804,15:02:27.786,93.135184,15:02:27.786,0.00264
15:02:27.787,2.147361,15:02:27.787,93.000112,15:02:27.787,0.002311
15:02:27.788,0.830409,15:02:27.788,93.20272,15:02:27.788,0.001982
15:02:27.789,0.070629,15:02:27.789,92.898808,15:02:27.789,0.002969
15:02:27.790,-0.419007,15:02:27.790,92.662432,15:02:27.790,0.00264
15:02:27.791,-0.503427,15:02:27.791,92.52736,15:02:27.791,0.001982
15:02:27.792,-0.368355,15:02:27.792,92.898808,15:02:27.792,0.002311
15:02:27.793,0.374541,15:02:27.793,92.476708,15:02:27.793,0.001982
15:02:27.794,1.421349,15:02:27.794,92.223449,15:02:27.794,0.003955
15:02:27.795,2.856488,15:02:27.795,92.189681,15:02:27.795,0.001325
15:02:27.796,4.308512,15:02:27.796,92.493592,15:02:27.796,0.002311
15:02:27.797,5.963144,15:02:27.797,92.307869,15:02:27.797,0.003297
15:02:27.798,7.651543,15:02:27.798,92.307869,15:02:27.798,0.002311
15:02:27.799,9.475015,15:02:27.799,92.189681,15:02:27.799,0.003297
15:02:27.800,11.433558,15:02:27.800,92.409173,15:02:27.800,0.002311
15:02:27.801,13.34145,15:02:27.801,92.358521,15:02:27.801,0.002969
15:02:27.802,15.164921,15:02:27.802,92.139029,15:02:27.802,0.00264
15:02:27.803,16.920856,15:02:27.803,92.071493,15:02:27.803,0.001653
15:02:27.804,18.423532,15:02:27.804,92.054609,15:02:27.804,0.004941
15:02:27.805,19.537876,15:02:27.805,91.936421,15:02:27.805,0.002311
15:02:27.806,20.196351,15:02:27.806,91.564973,15:02:27.806,0.003626
15:02:27.807,20.635335,15:02:27.807,91.497437,15:02:27.807,0.003297
15:02:27.808,20.449611,15:02:27.808,91.531205,15:02:27.808,0.001325
15:02:27.809,20.247003,15:02:27.809,91.311714,15:02:27.809,0.00264
15:02:27.810,19.808019,15:02:27.810,91.12599,15:02:27.810,0.002969
15:02:27.811,19.622296,15:02:27.811,91.04157,15:02:27.811,0.001982
15:02:27.812,18.778096,15:02:27.812,91.261062,15:02:27.812,0.002311
15:02:27.813,16.735133,15:02:27.813,91.092222,15:02:27.813,0.001653
15:02:27.814,15.148037,15:02:27.814,91.12599,15:02:27.814,0.00264
15:02:27.815,13.290798,15:02:27.815,91.29483,15:02:27.815,0.002969
15:02:27.816,11.65305,15:02:27.816,91.666277,15:02:27.816,0.002311
15:02:27.817,10.72443,15:02:27.817,91.700045,15:02:27.817,0.00264
15:02:27.818,9.863347,15:02:27.818,91.784465,15:02:27.818,0.00264
15:02:27.819,8.782771,15:02:27.819,92.054609,15:02:27.819,0.002311
15:02:27.820,7.904803,15:02:27.820,92.358521,15:02:27.820,0.002311
15:02:27.821,7.009951,15:02:27.821,92.392289,15:02:27.821,0.002311
15:02:27.822,6.098216,15:02:27.822,92.341637,15:02:27.822,0.002311
15:02:27.823,4.747496,15:02:27.823,92.375405,15:02:27.823,0.002311
15:02:27.824,3.886412,15:02:27.824,92.578012,15:02:27.824,0.002311
15:02:27.825,4.274744,15:02:27.825,92.442941,15:02:27.825,0.001982
15:02:27.826,5.085176,15:02:27.826,92.088377,15:02:27.826,0.00264
15:02:27.827,5.625464,15:02:27.827,91.936421,15:02:27.827,0.003626
15:02:27.828,6.570967,15:02:27.828,92.003957,15:02:27.828,0.003955
15:02:27.829,7.600891,15:02:27.829,91.936421,15:02:27.829,0.001982
15:02:27.830,8.563279,15:02:27.830,91.514321,15:02:27.830,0.003955
15:02:27.831,9.475015,15:02:27.831,91.598741,15:02:27.831,0.002311
15:02:27.832,10.488054,15:02:27.832,91.666277,15:02:27.832,0.000996
15:02:27.833,11.619282,15:02:27.833,91.767581,15:02:27.833,0.002311
15:02:27.834,12.801162,15:02:27.834,91.649393,15:02:27.834,0.003297
15:02:27.835,13.983041,15:02:27.835,91.733813,15:02:27.835,0.004941
15:02:27.836,15.249341,15:02:27.836,92.139029,15:02:27.836,0.002311
15:02:27.837,16.228613,15:02:27.837,92.240333,15:02:27.837,0.001325
15:02:27.838,16.684481,15:02:27.838,92.307869,15:02:27.838,0.003955
15:02:27.839,17.174116,15:02:27.839,92.459824,15:02:27.839,0.003955
15:02:27.840,17.494912,15:02:27.840,92.814388,15:02:27.840,0.003297
15:02:27.841,17.376724,15:02:27.841,93.016996,15:02:27.841,0.002311
15:02:27.842,17.02216,15:02:27.842,92.86504,15:02:27.842,0.003297
15:02:27.843,16.752017,15:02:27.843,92.94946,15:02:27.843,0.001653
15:02:27.844,16.481873,15:02:27.844,93.135184,15:02:27.844,0.00264
15:02:27.845,16.093541,15:02:27.845,93.135184,15:02:27.845,0.002969
15:02:27.846,15.367529,15:02:27.846,92.797504,15:02:27.846,0.00264
15:02:27.847,14.455793,15:02:27.847,92.679316,15:02:27.847,0.001982
15:02:27.848,13.25703,15:02:27.848,92.763736,15:02:27.848,0.002311
15:02:27.849,11.940078,15:02:27.849,92.713084,15:02:27.849,0.001982
15:02:27.850,10.876386,15:02:27.850,92.409173,15:02:27.850,0.003297
15:02:27.851,9.846463,15:02:27.851,92.274101,15:02:27.851,0.002969
15:02:27.852,9.086683,15:02:27.852,92.375405,15:02:27.852,0.002311
15:02:27.853,8.259367,15:02:27.853,92.493592,15:02:27.853,0.002311
15:02:27.854,7.702195,15:02:27.854,92.240333,15:02:27.854,0.003955
15:02:27.855,6.993067,15:02:27.855,92.341637,15:02:27.855,0.003297
15:02:27.856,6.317708,15:02:27.856,92.578012,15:02:27.856,0.002311
15:02:27.857,5.760536,15:02:27.857,92.86504,15:02:27.857,0.001982
15:02:27.858,5.43974,15:02:27.858,92.746852,15:02:27.858,0.001982
15:02:27.859,5.490392,15:02:27.859,93.000112,15:02:27.859,0.003297
15:02:27.860,5.77742,15:02:27.860,93.337792,15:02:27.860,0.002311
15:02:27.861,6.19952,15:02:27.861,93.540399,15:02:27.861,0.00264
15:02:27.862,6.824227,15:02:27.862,93.607935,15:02:27.862,0.002311
15:02:27.863,7.432051,15:02:27.863,93.607935,15:02:27.863,0.002311
15:02:27.864,8.039875,15:02:27.864,93.692355,15:02:27.864,0.002969
15:02:27.865,8.664583,15:02:27.865,93.810543,15:02:27.865,0.00264
15:02:27.866,9.373711,15:02:27.866,93.607935,15:02:27.866,0.00264
15:02:27.867,10.285446,15:02:27.867,93.557283,15:02:27.867,0.002311
15:02:27.868,11.045226,15:02:27.868,93.489747,15:02:27.868,0.003297
15:02:27.869,11.73747,15:02:27.869,93.455979,15:02:27.869,0.00264
15:02:27.870,12.547902,15:02:27.870,93.253372,15:02:27.870,0.002311
15:02:27.871,13.189494,15:02:27.871,93.03388,15:02:27.871,0.002311
15:02:27.872,13.560941,15:02:27.872,92.94946,15:02:27.872,0.003297
15:02:27.873,13.746665,15:02:27.873,93.000112,15:02:27.873,0.003626
15:02:27.874,13.966157,15:02:27.874,92.729968,15:02:27.874,0.002311
15:02:27.875,14.067461,15:02:27.875,92.578012,15:02:27.875,0.002311
15:02:27.876,14.151881,15:02:27.876,92.594896,15:02:27.876,0.002311
15:02:27.877,14.084345,15:02:27.877,92.86504,15:02:27.877,0.001982
15:02:27.878,13.966157,15:02:27.878,92.628664,15:02:27.878,0.004284
15:02:27.879,13.696013,15:02:27.879,92.594896,15:02:27.879,0.003626
15:02:27.880,13.273914,15:02:27.880,92.628664,15:02:27.880,0.003297
15:02:27.881,12.75051,15:02:27.881,92.848156,15:02:27.881,0.000996
15:02:27.882,12.210222,15:02:27.882,92.679316,15:02:27.882,0.002311
15:02:27.883,11.39979,15:02:27.883,92.78062,15:02:27.883,0.00264
15:02:27.884,10.673778,15:02:27.884,92.814388,15:02:27.884,0.001982
15:02:27.885,9.981535,15:02:27.885,92.94946,15:02:27.885,0.00264
15:02:27.886,9.373711,15:02:27.886,92.797504,15:02:27.886,0.003297
15:02:27.887,8.715235,15:02:27.887,92.61178,15:02:27.887,0.002969
15:02:27.888,8.174947,15:02:27.888,92.52736,15:02:27.888,0.00264
15:02:27.889,7.719079,15:02:27.889,92.6962,15:02:27.889,0.001982
15:02:27.890,7.347631,15:02:27.890,92.392289,15:02:27.890,0.00264
15:02:27.891,7.212559,15:02:27.891,92.290985,15:02:27.891,0.002969
15:02:27.892,7.178791,15:02:27.892,92.206565,15:02:27.892,0.003955
15:02:27.893,7.178791,15:02:27.893,92.274101,15:02:27.893,0.002311
15:02:27.894,7.296979,15:02:27.894,91.953305,15:02:27.894,0.00264
15:02:27.895,7.600891,15:02:27.895,91.801349,15:02:27.895,0.001653
15:02:27.896,8.073643,15:02:27.896,91.733813,15:02:27.896,0.002311
15:02:27.897,8.411323,15:02:27.897,91.835117,15:02:27.897,0.002311
15:02:27.898,8.884075,15:02:27.898,91.615625,15:02:27.898,0.002969
15:02:27.899,9.339943,15:02:27.899,91.531205,15:02:27.899,0.002969
15:02:27.900,9.795811,15:02:27.900,91.497437,15:02:27.900,0.004284
15:02:27.901,10.133491,15:02:27.901,91.598741,15:02:27.901,0.003626
15:02:27.902,10.64001,15:02:27.902,91.37925,15:02:27.902,0.002969
15:02:27.903,11.011458,15:02:27.903,91.21041,15:02:27.903,0.003297
15:02:27.904,11.450442,15:02:27.904,91.261062,15:02:27.904,0.001982
15:02:27.905,11.82189,15:02:27.905,91.429902,15:02:27.905,0.003297
15:02:27.906,12.210222,15:02:27.906,91.21041,15:02:27.906,0.00264
15:02:27.907,12.463482,15:02:27.907,91.159758,15:02:27.907,0.00264
15:02:27.908,12.58167,15:02:27.908,91.159758,15:02:27.908,0.00264
15:02:27.909,12.682974,15:02:27.909,91.227294,15:02:27.909,0.00264
15:02:27.910,12.733626,15:02:27.910,91.092222,15:02:27.910,0.00264
15:02:27.911,12.615438,15:02:27.911,90.923382,15:02:27.911,0.001325
15:02:27.912,12.547902,15:02:27.912,90.78831,15:02:27.912,0.001653
15:02:27.913,12.345294,15:02:27.913,90.855846,15:02:27.913,0.001982
15:02:27.914,12.15957,15:02:27.914,90.585702,15:02:27.914,0.00264
15:02:27.915,11.82189,15:02:27.915,90.416863,15:02:27.915,0.003297
15:02:27.916,11.467326,15:02:27.916,90.197371,15:02:27.916,0.00264
15:02:27.917,11.197182,15:02:27.917,90.349327,15:02:27.917,0.003626
15:02:27.918,10.72443,15:02:27.918,90.045415,15:02:27.918,0.000996
15:02:27.919,10.319214,15:02:27.919,89.707735,15:02:27.919,0.00264
15:02:27.920,10.015303,15:02:27.920,89.690851,15:02:27.920,0.002969
15:02:27.921,9.711391,15:02:27.921,89.775271,15:02:27.921,0.004284
15:02:27.922,9.491899,15:02:27.922,89.606431,15:02:27.922,0.003297
15:02:27.923,9.323059,15:02:27.923,89.403824,15:02:27.923,0.002311
15:02:27.924,9.171103,15:02:27.924,89.505128,15:02:27.924,0.002969
15:02:27.925,9.036031,15:02:27.925,89.690851,15:02:27.925,0.002969
15:02:27.926,8.968495,15:02:27.926,89.623315,15:02:27.926,0.003626
15:02:27.927,8.968495,15:02:27.927,89.555779,15:02:27.927,0.003297
15:02:27.928,9.052915,15:02:27.928,89.623315,15:02:27.928,0.001982
15:02:27.929,9.171103,15:02:27.929,89.758387,15:02:27.929,0.000667
15:02:27.930,9.339943,15:02:27.930,89.673967,15:02:27.930,0.00264
15:02:27.931,9.576319,15:02:27.931,89.538895,15:02:27.931,0.000996
15:02:27.932,9.880231,15:02:27.932,89.454476,15:02:27.932,0.002311
15:02:27.933,10.116607,15:02:27.933,89.606431,15:02:27.933,0.002969
15:02:27.934,10.38675,15:02:27.934,89.38694,15:02:27.934,0.002311
15:02:27.935,10.606242,15:02:27.935,89.167448,15:02:27.935,0.001325
15:02:27.936,10.943922,15:02:27.936,89.150564,15:02:27.936,0.002311
15:02:27.937,11.112762,15:02:27.937,89.099912,15:02:27.937,0.002311
15:02:27.938,11.31537,15:02:27.938,88.998608,15:02:27.938,0.003626
15:02:27.939,11.585514,15:02:27.939,88.728464,15:02:27.939,0.00264
15:02:27.940,11.686818,15:02:27.940,88.62716,15:02:27.940,0.002311
15:02:27.941,11.788122,15:02:27.941,88.846652,15:02:27.941,0.002311
15:02:27.942,11.82189,15:02:27.942,88.812884,15:02:27.942,0.001325
15:02:27.943,11.771238,15:02:27.943,88.492089,15:02:27.943,0.003626
15:02:27.944,11.636166,15:02:27.944,88.508972,15:02:27.944,0.00264
15:02:27.945,11.56863,15:02:27.945,88.779116,15:02:27.945,0.002969
15:02:27.946,11.366022,15:02:27.946,88.762232,15:02:27.946,0.00264
15:02:27.947,11.197182,15:02:27.947,88.508972,15:02:27.947,0.002311
15:02:27.948,10.97769,15:02:27.948,88.62716,15:02:27.948,0.002969
15:02:27.949,10.791966,15:02:27.949,88.796,15:02:27.949,0.00264
15:02:27.950,10.55559,15:02:27.950,88.745348,15:02:27.950,0.002969
15:02:27.951,10.21791,15:02:27.951,88.559624,15:02:27.951,0.001653
15:02:27.952,10.032187,15:02:27.952,88.525856,15:02:27.952,0.001982
15:02:27.953,9.745159,15:02:27.953,88.745348,15:02:27.953,0.002969
15:02:27.954,9.542551,15:02:27.954,88.610276,15:02:27.954,0.002969
15:02:27.955,9.373711,15:02:27.955,88.340133,15:02:27.955,0.001982
15:02:27.956,9.306175,15:02:27.956,88.390785,15:02:27.956,0.000996
15:02:27.957,9.289291,15:02:27.957,88.373901,15:02:27.957,0.003626
15:02:27.958,9.204871,15:02:27.958,88.458321,15:02:27.958,0.004284
15:02:27.959,9.272407,15:02:27.959,88.171293,15:02:27.959,0.002311
15:02:27.960,9.187987,15:02:27.960,88.103757,15:02:27.960,0.002311
15:02:27.961,9.255523,15:02:27.961,88.205061,15:02:27.961,0.000996
15:02:27.962,9.238639,15:02:27.962,88.306365,15:02:27.962,0.002969
15:02:27.963,9.272407,15:02:27.963,88.036221,15:02:27.963,0.00264
15:02:27.964,9.323059,15:02:27.964,88.019337,15:02:27.964,0.002969
15:02:27.965,9.407479,15:02:27.965,88.188177,15:02:27.965,0.001653
15:02:27.966,9.576319,15:02:27.966,88.137525,15:02:27.966,0.002969
15:02:27.967,9.677623,15:02:27.967,88.036221,15:02:27.967,0.002969
15:02:27.968,9.728275,15:02:27.968,88.103757,15:02:27.968,0.001982
15:02:27.969,9.778927,15:02:27.969,88.475205,15:02:27.969,0.002969
15:02:27.970,9.846463,15:02:27.970,88.54274,15:02:27.970,0.003626
15:02:27.971,9.863347,15:02:27.971,88.340133,15:02:27.971,0.002969
15:02:27.972,9.930883,15:02:27.972,88.492089,15:02:27.972,0.003626
15:02:27.973,9.947767,15:02:27.973,88.694696,15:02:27.973,0.001653
15:02:27.974,10.049071,15:02:27.974,88.728464,15:02:27.974,0.00264
15:02:27.975,9.981535,15:02:27.975,88.54274,15:02:27.975,0.003297
15:02:27.976,10.049071,15:02:27.976,88.54274,15:02:27.976,0.00264
15:02:27.977,10.099723,15:02:27.977,88.576508,15:02:27.977,0.001982
15:02:27.978,10.032187,15:02:27.978,88.62716,15:02:27.978,0.00264
15:02:27.979,9.998419,15:02:27.979,88.407669,15:02:27.979,0.002311
15:02:27.980,9.964651,15:02:27.980,88.205061,15:02:27.980,0.002969
15:02:27.981,9.930883,15:02:27.981,88.289481,15:02:27.981,0.001653
15:02:27.982,9.863347,15:02:27.982,88.306365,15:02:27.982,0.002969
15:02:27.983,9.778927,15:02:27.983,88.103757,15:02:27.983,0.00264
15:02:27.984,9.762043,15:02:27.984,87.985569,15:02:27.984,0.003626
15:02:27.985,9.711391,15:02:27.985,88.036221,15:02:27.985,0.001325
15:02:27.986,9.694507,15:02:27.986,88.221945,15:02:27.986,0.00264
15:02:27.987,9.610087,15:02:27.987,87.918033,15:02:27.987,0.00264
15:02:27.988,9.525667,15:02:27.988,87.918033,15:02:27.988,0.00264
15:02:27.989,9.559435,15:02:27.989,88.036221,15:02:27.989,0.002969
15:02:27.990,9.475015,15:02:27.990,88.137525,15:02:27.990,0.002311
15:02:27.991,9.475015,15:02:27.991,88.154409,15:02:27.991,0.001982
15:02:27.992,9.458131,15:02:27.992,88.120641,15:02:27.992,0.002311
15:02:27.993,9.407479,15:02:27.993,88.205061,15:02:27.993,0.003297
15:02:27.994,9.407479,15:02:27.994,88.458321,15:02:27.994,0.002969
15:02:27.995,9.424363,15:02:27.995,88.205061,15:02:27.995,0.003626
15:02:27.996,9.441247,15:02:27.996,88.272597,15:02:27.996,0.004941
15:02:27.997,9.441247,15:02:27.997,88.272597,15:02:27.997,0.002311
15:02:27.998,9.491899,15:02:27.998,88.441437,15:02:27.998,0.00264
15:02:27.999,9.475015,15:02:27.999,88.205061,15:02:27.999,0.003297
15:02:28.000,9.542551,15:02:28.000,88.154409,15:02:28.000,0.002969
15:02:28.001,9.542551,15:02:28.001,88.171293,15:02:28.001,0.004284
15:02:28.002,9.576319,15:02:28.002,88.306365,15:02:28.002,0.002311
15:02:28.003,9.576319,15:02:28.003,88.019337,15:02:28.003,0.002969
15:02:28.004,9.559435,15:02:28.004,87.951801,15:02:28.004,0.00264
15:02:28.005,9.576319,15:02:28.005,87.884265,15:02:28.005,0.003297
15:02:28.006,9.559435,15:02:28.006,88.019337,15:02:28.006,0.003297
15:02:28.007,9.626971,15:02:28.007,87.850497,15:02:28.007,0.002311
15:02:28.008,9.626971,15:02:28.008,87.698541,15:02:28.008,0.00264
15:02:28.009,9.610087,15:02:28.009,87.749193,15:02:28.009,0.001653
15:02:28.010,9.525667,15:02:28.010,87.901149,15:02:28.010,0.001325
15:02:28.011,9.610087,15:02:28.011,87.833613,15:02:28.011,0.003626
15:02:28.012,9.542551,15:02:28.012,87.647889,15:02:28.012,0.00264
15:02:28.013,9.593203,15:02:28.013,87.766077,15:02:28.013,0.003297
15:02:28.014,9.525667,15:02:28.014,88.019337,15:02:28.014,0.00264
15:02:28.015,9.576319,15:02:28.015,87.968685,15:02:28.015,0.00264
15:02:28.016,9.626971,15:02:28.016,87.867381,15:02:28.016,0.002969
15:02:28.017,9.626971,15:02:28.017,87.918033,15:02:28.017,0.002969
15:02:28.018,9.677623,15:02:28.018,88.053105,15:02:28.018,0.001982
15:02:28.019,9.711391,15:02:28.019,88.053105,15:02:28.019,0.00264
15:02:28.020,9.711391,15:02:28.020,87.816729,15:02:28.020,0.00264
15:02:28.021,9.762043,15:02:28.021,87.867381,15:02:28.021,0.002311
15:02:28.022,9.610087,15:02:28.022,87.934917,15:02:28.022,0.003955
15:02:28.023,9.745159,15:02:28.023,87.647889,15:02:28.023,0.002311
15:02:28.024,9.728275,15:02:28.024,87.512817,15:02:28.024,0.002969
15:02:28.025,9.711391,15:02:28.025,87.377746,15:02:28.025,0.001653
15:02:28.026,9.677623,15:02:28.026,87.546585,15:02:28.026,0.00264
15:02:28.027,9.677623,15:02:28.027,87.377746,15:02:28.027,0.002969
15:02:28.028,9.643855,15:02:28.028,87.242674,15:02:28.028,0.00264
15:02:28.029,9.610087,15:02:28.029,87.158254,15:02:28.029,0.003297
15:02:28.030,9.542551,15:02:28.030,87.259558,15:02:28.030,0.002311
15:02:28.031,9.525667,15:02:28.031,87.175138,15:02:28.031,0.00264
15:02:28.032,9.475015,15:02:28.032,87.05695,15:02:28.032,0.000667
15:02:28.033,9.475015,15:02:28.033,87.107602,15:02:28.033,0.002311
15:02:28.034,9.407479,15:02:28.034,87.242674,15:02:28.034,0.003297
15:02:28.035,9.390595,15:02:28.035,87.14137,15:02:28.035,0.001982
15:02:28.036,9.306175,15:02:28.036,87.05695,15:02:28.036,0.00264
15:02:28.037,9.289291,15:02:28.037,87.107602,15:02:28.037,0.002311
15:02:28.038,9.272407,15:02:28.038,87.411514,15:02:28.038,0.002969
15:02:28.039,9.221755,15:02:28.039,87.360862,15:02:28.039,0.003297
15:02:28.040,9.204871,15:02:28.040,87.175138,15:02:28.040,0.003626
15:02:28.041,9.137335,15:02:28.041,87.023182,15:02:28.041,0.00264
15:02:28.042,9.036031,15:02:28.042,87.192022,15:02:28.042,0.00264
15:02:28.043,9.036031,15:02:28.043,87.107602,15:02:28.043,0.003297
15:02:28.044,9.002263,15:02:28.044,86.854342,15:02:28.044,0.003626
15:02:28.045,8.934727,15:02:28.045,86.88811,15:02:28.045,0.003297
15:02:28.046,8.900959,15:02:28.046,86.938762,15:02:28.046,0.003626
15:02:28.047,8.985379,15:02:28.047,86.702386,15:02:28.047,0.002311
15:02:28.048,8.985379,15:02:28.048,86.601082,15:02:28.048,0.002311
15:02:28.049,9.036031,15:02:28.049,86.601082,15:02:28.049,0.002311
15:02:28.050,9.019147,15:02:28.050,86.668618,15:02:28.050,0.002311
15:02:28.051,8.985379,15:02:28.051,86.601082,15:02:28.051,0.003626
15:02:28.052,9.036031,15:02:28.052,86.499778,15:02:28.052,0.003955
15:02:28.053,9.137335,15:02:28.053,86.381591,15:02:28.053,0.002969
15:02:28.054,9.154219,15:02:28.054,86.617966,15:02:28.054,0.001653
15:02:28.055,9.204871,15:02:28.055,86.364707,15:02:28.055,0.001325
15:02:28.056,9.204871,15:02:28.056,86.229635,15:02:28.056,0.002969
15:02:28.057,9.238639,15:02:28.057,86.280287,15:02:28.057,0.002969
15:02:28.058,9.255523,15:02:28.058,86.364707,15:02:28.058,0.003955
15:02:28.059,9.306175,15:02:28.059,86.297171,15:02:28.059,0.002311
15:02:28.060,9.238639,15:02:28.060,86.077679,15:02:28.060,0.003626
15:02:28.061,9.238639,15:02:28.061,86.010143,15:02:28.061,0.00264
15:02:28.062,9.255523,15:02:28.062,86.060795,15:02:28.062,0.002311
15:02:28.063,9.137335,15:02:28.063,86.010143,15:02:28.063,0.001982
15:02:28.064,9.238639,15:02:28.064,85.824419,15:02:28.064,0.002969
15:02:28.065,9.171103,15:02:28.065,85.655579,15:02:28.065,0.002311
15:02:28.066,9.103567,15:02:28.066,85.773767,15:02:28.066,0.002311
15:02:28.067,9.052915,15:02:28.067,85.706231,15:02:28.067,0.00264
15:02:28.068,9.002263,15:02:28.068,85.638695,15:02:28.068,0.00264
15:02:28.069,8.900959,15:02:28.069,85.537391,15:02:28.069,0.002969
15:02:28.070,8.816539,15:02:28.070,85.604927,15:02:28.070,0.002311
15:02:28.071,8.833423,15:02:28.071,85.706231,15:02:28.071,0.004612
15:02:28.072,8.782771,15:02:28.072,85.503623,15:02:28.072,0.003297
15:02:28.073,8.765887,15:02:28.073,85.436087,15:02:28.073,0.00264
15:02:28.074,8.732119,15:02:28.074,85.588043,15:02:28.074,0.003297
15:02:28.075,8.647699,15:02:28.075,85.571159,15:02:28.075,0.002311
15:02:28.076,8.630815,15:02:28.076,85.40232,15:02:28.076,0.002969
15:02:28.077,8.647699,15:02:28.077,85.351668,15:02:28.077,0.002311
15:02:28.078,8.613931,15:02:28.078,85.554275,15:02:28.078,0.00264
15:02:28.079,8.647699,15:02:28.079,85.520507,15:02:28.079,0.003297
15:02:28.080,8.681467,15:02:28.080,85.351668,15:02:28.080,0.002969
15:02:28.081,8.681467,15:02:28.081,85.267248,15:02:28.081,0.002969
15:02:28.082,8.681467,15:02:28.082,85.436087,15:02:28.082,0.001982
15:02:28.083,8.664583,15:02:28.083,85.40232,15:02:28.083,0.001982
15:02:28.084,8.732119,15:02:28.084,85.284132,15:02:28.084,0.002311
15:02:28.085,8.782771,15:02:28.085,85.23348,15:02:28.085,0.003626
15:02:28.086,8.782771,15:02:28.086,85.351668,15:02:28.086,0.001982
15:02:28.087,8.900959,15:02:28.087,85.40232,15:02:28.087,0.001982
15:02:28.088,8.900959,15:02:28.088,85.216596,15:02:28.088,0.00264
15:02:28.089,8.884075,15:02:28.089,85.098408,15:02:28.089,0.00264
15:02:28.090,8.968495,15:02:28.090,85.115292,15:02:28.090,0.002311
15:02:28.091,8.985379,15:02:28.091,85.216596,15:02:28.091,0.001653
15:02:28.092,8.934727,15:02:28.092,84.997104,15:02:28.092,0.002311
15:02:28.093,8.985379,15:02:28.093,84.8958,15:02:28.093,0.001982
15:02:28.094,9.002263,15:02:28.094,85.047756,15:02:28.094,0.001982
15:02:28.095,8.968495,15:02:28.095,85.165944,15:02:28.095,0.001325
15:02:28.096,8.917843,15:02:28.096,84.912684,15:02:28.096,0.003297
15:02:28.097,8.968495,15:02:28.097,84.8958,15:02:28.097,0.002311
15:02:28.098,8.951611,15:02:28.098,84.963336,15:02:28.098,0.00264
15:02:28.099,8.968495,15:02:28.099,85.047756,15:02:28.099,0.001982
15:02:28.100,8.867191,15:02:28.100,84.845148,15:02:28.100,0.002311
15:02:28.101,8.833423,15:02:28.101,84.760728,15:02:28.101,0.002969
15:02:28.102,8.732119,15:02:28.102,84.81138,15:02:28.102,0.00264
15:02:28.103,8.630815,15:02:28.103,84.8958,15:02:28.103,0.002969
15:02:28.104,8.664583,15:02:28.104,84.72696,15:02:28.104,0.002969
15:02:28.105,8.580163,15:02:28.105,84.676308,15:02:28.105,0.003297
15:02:28.106,8.428207,15:02:28.106,84.760728,15:02:28.106,0.002969
15:02:28.107,8.377555,15:02:28.107,84.760728,15:02:28.107,0.003626
15:02:28.108,8.360671,15:02:28.108,84.304861,15:02:28.108,0.003626
15:02:28.109,8.326903,15:02:28.109,84.271093,15:02:28.109,0.001325
15:02:28.110,8.377555,15:02:28.110,84.490584,15:02:28.110,0.00264
15:02:28.111,8.360671,15:02:28.111,84.64254,15:02:28.111,0.001653
15:02:28.112,8.326903,15:02:28.112,84.169789,15:02:28.112,0.001653
15:02:28.113,8.377555,15:02:28.113,84.186673,15:02:28.113,0.002969
15:02:28.114,8.377555,15:02:28.114,84.423048,15:02:28.114,0.003626
15:02:28.115,8.428207,15:02:28.115,84.676308,15:02:28.115,0.002311
15:02:28.116,8.546395,15:02:28.116,84.271093,15:02:28.116,0.00264
15:02:28.117,8.529511,15:02:28.117,84.254209,15:02:28.117,0.00264
15:02:28.118,8.647699,15:02:28.118,84.355512,15:02:28.118,0.003955
15:02:28.119,8.630815,15:02:28.119,84.575004,15:02:28.119,0.003955
15:02:28.120,8.698351,15:02:28.120,84.254209,15:02:28.120,0.002969
15:02:28.121,8.698351,15:02:28.121,84.102253,15:02:28.121,0.003297
15:02:28.122,8.664583,15:02:28.122,84.271093,15:02:28.122,0.002969
15:02:28.123,8.664583,15:02:28.123,84.524352,15:02:28.123,0.003297
15:02:28.124,8.715235,15:02:28.124,84.102253,15:02:28.124,0.002969
15:02:28.125,8.715235,15:02:28.125,84.068485,15:02:28.125,0.001982
15:02:28.126,8.647699,15:02:28.126,84.220441,15:02:28.126,0.003626
15:02:28.127,8.613931,15:02:28.127,84.439932,15:02:28.127,0.001325
15:02:28.128,8.647699,15:02:28.128,83.984065,15:02:28.128,0.002311
15:02:28.129,8.563279,15:02:28.129,83.899645,15:02:28.129,0.002969
15:02:28.130,8.580163,15:02:28.130,84.000949,15:02:28.130,0.002311
15:02:28.131,8.478859,15:02:28.131,84.237325,15:02:28.131,0.002969
15:02:28.132,8.512627,15:02:28.132,83.933413,15:02:28.132,0.002311
15:02:28.133,8.445091,15:02:28.133,83.730805,15:02:28.133,0.001982
15:02:28.134,8.428207,15:02:28.134,83.933413,15:02:28.134,0.003626
15:02:28.135,8.428207,15:02:28.135,84.169789,15:02:28.135,0.002969
15:02:28.136,8.394439,15:02:28.136,83.747689,15:02:28.136,0.003626
15:02:28.137,8.343787,15:02:28.137,83.730805,15:02:28.137,0.00264
15:02:28.138,8.326903,15:02:28.138,83.680153,15:02:28.138,0.003626
15:02:28.139,8.225599,15:02:28.139,84.034717,15:02:28.139,0.003955
15:02:28.140,8.259367,15:02:28.140,83.697037,15:02:28.140,0.001982
15:02:28.141,8.225599,15:02:28.141,83.595733,15:02:28.141,0.002311
15:02:28.142,8.208715,15:02:28.142,83.595733,15:02:28.142,0.001982
15:02:28.143,8.107411,15:02:28.143,83.950297,15:02:28.143,0.002969
15:02:28.144,8.158063,15:02:28.144,83.646385,15:02:28.144,0.001653
15:02:28.145,8.191831,15:02:28.145,83.511313,15:02:28.145,0.001653
15:02:28.146,8.141179,15:02:28.146,83.477545,15:02:28.146,0.003626
15:02:28.147,8.174947,15:02:28.147,83.882761,15:02:28.147,0.002969
15:02:28.148,8.124295,15:02:28.148,83.595733,15:02:28.148,0.003297
15:02:28.149,8.073643,15:02:28.149,83.561965,15:02:28.149,0.001982
15:02:28.150,8.124295,15:02:28.150,83.443777,15:02:28.150,0.00264
15:02:28.151,8.073643,15:02:28.151,83.832109,15:02:28.151,0.00264
15:02:28.152,8.124295,15:02:28.152,83.646385,15:02:28.152,0.002311
15:02:28.153,8.056759,15:02:28.153,83.764573,15:02:28.153,0.003626
15:02:28.154,8.073643,15:02:28.154,83.730805,15:02:28.154,0.00264
15:02:28.155,8.141179,15:02:28.155,83.865877,15:02:28.155,0.002311
15:02:28.156,8.107411,15:02:28.156,83.815225,15:02:28.156,0.002969
15:02:28.157,8.141179,15:02:28.157,83.663269,15:02:28.157,0.00264
15:02:28.158,8.174947,15:02:28.158,83.680153,15:02:28.158,0.003955
15:02:28.159,8.174947,15:02:28.159,83.798341,15:02:28.159,0.003297
15:02:28.160,8.225599,15:02:28.160,83.781457,15:02:28.160,0.002969
15:02:28.161,8.208715,15:02:28.161,83.713921,15:02:28.161,0.003297
15:02:28.162,8.208715,15:02:28.162,83.646385,15:02:28.162,0.002311
15:02:28.163,8.107411,15:02:28.163,83.713921,15:02:28.163,0.00264
15:02:28.164,8.073643,15:02:28.164,83.595733,15:02:28.164,0.00264
15:02:28.165,8.073643,15:02:28.165,83.443777,15:02:28.165,0.001982
15:02:28.166,8.107411,15:02:28.166,83.325589,15:02:28.166,0.00264
15:02:28.167,8.056759,15:02:28.167,83.545081,15:02:28.167,0.003626
15:02:28.168,8.039875,15:02:28.168,83.359357,15:02:28.168,0.003297
15:02:28.169,8.022991,15:02:28.169,83.24117,15:02:28.169,0.003297
15:02:28.170,8.022991,15:02:28.170,83.224286,15:02:28.170,0.003297
15:02:28.171,8.022991,15:02:28.171,83.393125,15:02:28.171,0.003297
15:02:28.172,7.989223,15:02:28.172,83.325589,15:02:28.172,0.003955
15:02:28.173,7.972339,15:02:28.173,83.190518,15:02:28.173,0.003297
15:02:28.174,7.955455,15:02:28.174,83.15675,15:02:28.174,0.001325
15:02:28.175,7.972339,15:02:28.175,83.291821,15:02:28.175,0.003297
15:02:28.176,8.056759,15:02:28.176,83.291821,15:02:28.176,0.003297
15:02:28.177,8.006107,15:02:28.177,83.122982,15:02:28.177,0.001982
15:02:28.178,8.006107,15:02:28.178,83.089214,15:02:28.178,0.003626
15:02:28.179,7.989223,15:02:28.179,83.258054,15:02:28.179,0.003297
15:02:28.180,7.972339,15:02:28.180,83.190518,15:02:28.180,0.001982
15:02:28.181,8.022991,15:02:28.181,83.089214,15:02:28.181,0.002311
15:02:28.182,8.006107,15:02:28.182,82.954142,15:02:28.182,0.004284
15:02:28.183,7.972339,15:02:28.183,83.07233,15:02:28.183,0.002969
15:02:28.184,7.989223,15:02:28.184,82.971026,15:02:28.184,0.002311
15:02:28.185,7.887919,15:02:28.185,82.785302,15:02:28.185,0.003297
15:02:28.186,7.938571,15:02:28.186,82.768418,15:02:28.186,0.00264
15:02:28.187,7.921687,15:02:28.187,83.004794,15:02:28.187,0.003626
15:02:28.188,7.803499,15:02:28.188,82.886606,15:02:28.188,0.002311
15:02:28.189,7.904803,15:02:28.189,82.700882,15:02:28.189,0.00264
15:02:28.190,7.887919,15:02:28.190,82.802186,15:02:28.190,0.001325
15:02:28.191,7.769731,15:02:28.191,82.869722,15:02:28.191,0.001982
15:02:28.192,7.854151,15:02:28.192,82.869722,15:02:28.192,0.001982
15:02:28.193,7.837267,15:02:28.193,82.599578,15:02:28.193,0.001653
15:02:28.194,7.820383,15:02:28.194,82.65023,15:02:28.194,0.002311
15:02:28.195,7.769731,15:02:28.195,82.81907,15:02:28.195,0.001982
15:02:28.196,7.820383,15:02:28.196,82.73465,15:02:28.196,0.00264
15:02:28.197,7.803499,15:02:28.197,82.56581,15:02:28.197,0.002969
15:02:28.198,7.871035,15:02:28.198,82.447622,15:02:28.198,0.003955
15:02:28.199,7.786615,15:02:28.199,82.633346,15:02:28.199,0.003626
15:02:28.200,7.735963,15:02:28.200,82.700882,15:02:28.200,0.001653
15:02:28.201,7.803499,15:02:28.201,82.48139,15:02:28.201,0.002311
15:02:28.202,7.786615,15:02:28.202,82.39697,15:02:28.202,0.002969
15:02:28.203,7.702195,15:02:28.203,82.498274,15:02:28.203,0.001982
15:02:28.204,7.685311,15:02:28.204,82.39697,15:02:28.204,0.002969
15:02:28.205,7.719079,15:02:28.205,82.278782,15:02:28.205,0.002969
15:02:28.206,7.685311,15:02:28.206,82.194362,15:02:28.206,0.003955
15:02:28.207,7.600891,15:02:28.207,82.31255,15:02:28.207,0.002969
15:02:28.208,7.567123,15:02:28.208,82.430738,15:02:28.208,0.003297
15:02:28.209,7.567123,15:02:28.209,82.042407,15:02:28.209,0.003297
15:02:28.210,7.533355,15:02:28.210,82.042407,15:02:28.210,0.003297
15:02:28.211,7.482703,15:02:28.211,82.22813,15:02:28.211,0.003297
15:02:28.212,7.499587,15:02:28.212,82.194362,15:02:28.212,0.003626
15:02:28.213,7.533355,15:02:28.213,81.991755,15:02:28.213,0.002311
15:02:28.214,7.584007,15:02:28.214,81.941103,15:02:28.214,0.002969
15:02:28.215,7.499587,15:02:28.215,81.991755,15:02:28.215,0.003297
15:02:28.216,7.550239,15:02:28.216,82.126827,15:02:28.216,0.003297
15:02:28.217,7.516471,15:02:28.217,81.890451,15:02:28.217,0.00264
15:02:28.218,7.533355,15:02:28.218,81.822915,15:02:28.218,0.002311
15:02:28.219,7.550239,15:02:28.219,81.924219,15:02:28.219,0.002969
15:02:28.220,7.533355,15:02:28.220,82.059291,15:02:28.220,0.002969
15:02:28.221,7.584007,15:02:28.221,81.856683,15:02:28.221,0.000996
15:02:28.222,7.567123,15:02:28.222,81.789147,15:02:28.222,0.004284
15:02:28.223,7.482703,15:02:28.223,81.873567,15:02:28.223,0.00264
15:02:28.224,7.516471,15:02:28.224,81.974871,15:02:28.224,0.003626
15:02:28.225,7.550239,15:02:28.225,81.721611,15:02:28.225,0.00264
15:02:28.226,7.482703,15:02:28.226,81.721611,15:02:28.226,0.001653
15:02:28.227,7.499587,15:02:28.227,81.721611,15:02:28.227,0.00527
15:02:28.228,7.499587,15:02:28.228,81.856683,15:02:28.228,0.002969
15:02:28.229,7.499587,15:02:28.229,81.637191,15:02:28.229,0.002311
15:02:28.230,7.550239,15:02:28.230,81.603423,15:02:28.230,0.001325
15:02:28.231,7.516471,15:02:28.231,81.620307,15:02:28.231,0.00264
15:02:28.232,7.499587,15:02:28.232,81.704727,15:02:28.232,0.002311
15:02:28.233,7.550239,15:02:28.233,81.451467,15:02:28.233,0.00264
15:02:28.234,7.465819,15:02:28.234,81.535887,15:02:28.234,0.003297
15:02:28.235,7.482703,15:02:28.235,81.603423,15:02:28.235,0.003297
15:02:28.236,7.533355,15:02:28.236,81.806031,15:02:28.236,0.002311
15:02:28.237,7.482703,15:02:28.237,81.569655,15:02:28.237,0.002311
15:02:28.238,7.516471,15:02:28.238,81.502119,15:02:28.238,0.004612
15:02:28.239,7.448935,15:02:28.239,81.586539,15:02:28.239,0.00264
15:02:28.240,7.533355,15:02:28.240,81.654075,15:02:28.240,0.002969
15:02:28.241,7.499587,15:02:28.241,81.451467,15:02:28.241,0.00264
15:02:28.242,7.465819,15:02:28.242,81.434583,15:02:28.242,0.001982
15:02:28.243,7.415167,15:02:28.243,81.451467,15:02:28.243,0.003297
15:02:28.244,7.330747,15:02:28.244,81.569655,15:02:28.244,0.001982
15:02:28.245,7.296979,15:02:28.245,81.299511,15:02:28.245,0.003626
15:02:28.246,7.280095,15:02:28.246,81.248859,15:02:28.246,0.002311
15:02:28.247,7.313863,15:02:28.247,81.181323,15:02:28.247,0.00264
15:02:28.248,7.246327,15:02:28.248,81.400815,15:02:28.248,0.00264
15:02:28.249,7.246327,15:02:28.249,81.181323,15:02:28.249,0.003955
15:02:28.250,7.229443,15:02:28.250,81.08002,15:02:28.250,0.003955
15:02:28.251,7.246327,15:02:28.251,81.130671,15:02:28.251,0.001653
15:02:28.252,7.178791,15:02:28.252,81.231975,15:02:28.252,0.001982
15:02:28.253,7.263211,15:02:28.253,81.08002,15:02:28.253,0.00264
15:02:28.254,7.229443,15:02:28.254,81.08002,15:02:28.254,0.002969
15:02:28.255,7.212559,15:02:28.255,81.012484,15:02:28.255,0.001982
15:02:28.256,7.212559,15:02:28.256,81.299511,15:02:28.256,0.002969
15:02:28.257,7.263211,15:02:28.257,80.9956,15:02:28.257,0.003297
15:02:28.258,7.280095,15:02:28.258,80.928064,15:02:28.258,0.003626
15:02:28.259,7.229443,15:02:28.259,80.961832,15:02:28.259,0.002311
15:02:28.260,7.296979,15:02:28.260,81.063136,15:02:28.260,0.001653
15:02:28.261,7.212559,15:02:28.261,80.9956,15:02:28.261,0.003626
15:02:28.262,7.313863,15:02:28.262,80.944948,15:02:28.262,0.002311
15:02:28.263,7.212559,15:02:28.263,81.046252,15:02:28.263,0.001982
15:02:28.264,7.178791,15:02:28.264,81.096903,15:02:28.264,0.001982
15:02:28.265,7.161907,15:02:28.265,80.961832,15:02:28.265,0.001982
15:02:28.266,7.145023,15:02:28.266,80.82676,15:02:28.266,0.003955
15:02:28.267,7.111255,15:02:28.267,80.759224,15:02:28.267,0.00264
15:02:28.268,7.094371,15:02:28.268,80.894296,15:02:28.268,0.001982
15:02:28.269,7.077487,15:02:28.269,80.792992,15:02:28.269,0.00264
15:02:28.270,7.077487,15:02:28.270,80.674804,15:02:28.270,0.003626
15:02:28.271,7.060603,15:02:28.271,80.674804,15:02:28.271,0.003297
15:02:28.272,6.993067,15:02:28.272,80.759224,15:02:28.272,0.001982
15:02:28.273,7.009951,15:02:28.273,80.759224,15:02:28.273,0.003955
15:02:28.274,7.043719,15:02:28.274,80.624152,15:02:28.274,0.002311
15:02:28.275,7.026835,15:02:28.275,80.624152,15:02:28.275,0.003297
15:02:28.276,7.026835,15:02:28.276,80.74234,15:02:28.276,0.001982
15:02:28.277,7.026835,15:02:28.277,80.556616,15:02:28.277,0.002311
15:02:28.278,7.060603,15:02:28.278,80.32024,15:02:28.278,0.003626
15:02:28.279,7.094371,15:02:28.279,80.252704,15:02:28.279,0.003297
15:02:28.280,7.043719,15:02:28.280,80.607268,15:02:28.280,0.00264
15:02:28.281,7.009951,15:02:28.281,80.421544,15:02:28.281,0.002311
15:02:28.282,7.060603,15:02:28.282,80.185168,15:02:28.282,0.003626
15:02:28.283,7.043719,15:02:28.283,80.23582,15:02:28.283,0.002969
15:02:28.284,6.925531,15:02:28.284,80.472196,15:02:28.284,0.002969
15:02:28.285,7.026835,15:02:28.285,80.252704,15:02:28.285,0.00264
15:02:28.286,7.043719,15:02:28.286,80.06698,15:02:28.286,0.003297
15:02:28.287,7.009951,15:02:28.287,80.083864,15:02:28.287,0.00264
15:02:28.288,6.891763,15:02:28.288,80.387776,15:02:28.288,0.001653
15:02:28.289,6.993067,15:02:28.289,80.117632,15:02:28.289,0.003297
15:02:28.290,6.993067,15:02:28.290,79.965676,15:02:28.290,0.003297
15:02:28.291,7.009951,15:02:28.291,79.881257,15:02:28.291,0.003297
15:02:28.292,6.976183,15:02:28.292,80.218936,15:02:28.292,0.003626
15:02:28.293,6.942415,15:02:28.293,80.050096,15:02:28.293,0.001982
15:02:28.294,6.925531,15:02:28.294,79.763069,15:02:28.294,0.001982
15:02:28.295,7.009951,15:02:28.295,79.779953,15:02:28.295,0.003297
15:02:28.296,6.942415,15:02:28.296,80.100748,15:02:28.296,0.002969
15:02:28.297,6.993067,15:02:28.297,79.98256,15:02:28.297,0.003626
15:02:28.298,6.908647,15:02:28.298,79.813721,15:02:28.298,0.00264
15:02:28.299,6.993067,15:02:28.299,79.763069,15:02:28.299,0.002969
15:02:28.300,6.925531,15:02:28.300,80.117632,15:02:28.300,0.002969
15:02:28.301,6.874879,15:02:28.301,80.083864,15:02:28.301,0.001982
15:02:28.302,6.891763,15:02:28.302,79.763069,15:02:28.302,0.001653
15:02:28.303,6.891763,15:02:28.303,79.678649,15:02:28.303,0.002969
15:02:28.304,6.773575,15:02:28.304,80.016328,15:02:28.304,0.002311
15:02:28.305,6.773575,15:02:28.305,79.948793,15:02:28.305,0.004284
15:02:28.306,6.756691,15:02:28.306,79.695533,15:02:28.306,0.001653
15:02:28.307,6.773575,15:02:28.307,79.661765,15:02:28.307,0.002969
15:02:28.308,6.739807,15:02:28.308,79.915025,15:02:28.308,0.003297
15:02:28.309,6.790459,15:02:28.309,79.763069,15:02:28.309,0.002969
15:02:28.310,6.722923,15:02:28.310,79.425389,15:02:28.310,0.002311
15:02:28.311,6.722923,15:02:28.311,79.476041,15:02:28.311,0.002311
15:02:28.312,6.722923,15:02:28.312,79.678649,15:02:28.312,0.00527
15:02:28.313,6.638503,15:02:28.313,79.678649,15:02:28.313,0.003626
15:02:28.314,6.655387,15:02:28.314,79.357853,15:02:28.314,0.002311
15:02:28.315,6.739807,15:02:28.315,79.307201,15:02:28.315,0.003626
15:02:28.316,6.706039,15:02:28.316,79.577345,15:02:28.316,0.002311
15:02:28.317,6.706039,15:02:28.317,79.611113,15:02:28.317,0.001325
15:02:28.318,6.706039,15:02:28.318,79.425389,15:02:28.318,0.002311
15:02:28.319,6.739807,15:02:28.319,79.408505,15:02:28.319,0.003297
15:02:28.320,6.722923,15:02:28.320,79.611113,15:02:28.320,0.002969
15:02:28.321,6.739807,15:02:28.321,79.712417,15:02:28.321,0.001982
15:02:28.322,6.672271,15:02:28.322,79.577345,15:02:28.322,0.002969
15:02:28.323,6.638503,15:02:28.323,79.509809,15:02:28.323,0.002969
15:02:28.324,6.621619,15:02:28.324,79.661765,15:02:28.324,0.003297
15:02:28.325,6.706039,15:02:28.325,79.627997,15:02:28.325,0.00264
15:02:28.326,6.655387,15:02:28.326,79.459157,15:02:28.326,0.00264
15:02:28.327,6.672271,15:02:28.327,79.340969,15:02:28.327,0.002969
15:02:28.328,6.638503,15:02:28.328,79.459157,15:02:28.328,0.002311
15:02:28.329,6.520316,15:02:28.329,79.594229,15:02:28.329,0.00264
15:02:28.330,6.570967,15:02:28.330,79.290317,15:02:28.330,0.004284
15:02:28.331,6.604735,15:02:28.331,79.155245,15:02:28.331,0.000996
15:02:28.332,6.638503,15:02:28.332,79.239665,15:02:28.332,0.004612
15:02:28.333,6.570967,15:02:28.333,79.357853,15:02:28.333,0.002969
15:02:28.334,6.5372,15:02:28.334,79.121477,15:02:28.334,0.00264
15:02:28.335,6.5372,15:02:28.335,79.138361,15:02:28.335,0.002969
15:02:28.336,6.570967,15:02:28.336,79.239665,15:02:28.336,0.002969
15:02:28.337,6.554084,15:02:28.337,79.290317,15:02:28.337,0.003626
15:02:28.338,6.621619,15:02:28.338,79.155245,15:02:28.338,0.00264
15:02:28.339,6.570967,15:02:28.339,79.121477,15:02:28.339,0.00264
15:02:28.340,6.486548,15:02:28.340,79.239665,15:02:28.340,0.002969
15:02:28.341,6.503432,15:02:28.341,79.273433,15:02:28.341,0.002969
15:02:28.342,6.520316,15:02:28.342,79.087709,15:02:28.342,0.003626
15:02:28.343,6.486548,15:02:28.343,79.003289,15:02:28.343,0.003297
15:02:28.344,6.435896,15:02:28.344,79.121477,15:02:28.344,0.004284
15:02:28.345,6.435896,15:02:28.345,79.087709,15:02:28.345,0.002311
15:02:28.346,6.419012,15:02:28.346,78.986405,15:02:28.346,0.00264
15:02:28.347,6.402128,15:02:28.347,78.868217,15:02:28.347,0.00264
15:02:28.348,6.385244,15:02:28.348,78.783798,15:02:28.348,0.003955
15:02:28.349,6.402128,15:02:28.349,78.952637,15:02:28.349,0.002311
15:02:28.350,6.385244,15:02:28.350,78.733146,15:02:28.350,0.001653
15:02:28.351,6.334592,15:02:28.351,78.682494,15:02:28.351,0.003955
15:02:28.352,6.385244,15:02:28.352,78.75003,15:02:28.352,0.003626
15:02:28.353,6.334592,15:02:28.353,78.800682,15:02:28.353,0.00264
15:02:28.354,6.385244,15:02:28.354,78.598074,15:02:28.354,0.002969
15:02:28.355,6.334592,15:02:28.355,78.66561,15:02:28.355,0.00264
15:02:28.356,6.385244,15:02:28.356,78.682494,15:02:28.356,0.002311
15:02:28.357,6.351476,15:02:28.357,78.817566,15:02:28.357,0.003297
15:02:28.358,6.402128,15:02:28.358,78.66561,15:02:28.358,0.003297
15:02:28.359,6.486548,15:02:28.359,78.614958,15:02:28.359,0.002969
15:02:28.360,6.385244,15:02:28.360,78.75003,15:02:28.360,0.002969
15:02:28.361,6.45278,15:02:28.361,78.699378,15:02:28.361,0.001982
15:02:28.362,6.36836,15:02:28.362,78.598074,15:02:28.362,0.001982
15:02:28.363,6.334592,15:02:28.363,78.513654,15:02:28.363,0.002969
15:02:28.364,6.334592,15:02:28.364,78.49677,15:02:28.364,0.001982
15:02:28.365,6.267056,15:02:28.365,78.598074,15:02:28.365,0.003955
15:02:28.366,6.317708,15:02:28.366,78.429234,15:02:28.366,0.001982
15:02:28.367,6.267056,15:02:28.367,78.378582,15:02:28.367,0.002311
15:02:28.368,6.317708,15:02:28.368,78.311046,15:02:28.368,0.001325
15:02:28.369,6.182636,15:02:28.369,78.41235,15:02:28.369,0.002311
15:02:28.370,6.233288,15:02:28.370,78.277278,15:02:28.370,0.002969
15:02:28.371,6.216404,15:02:28.371,78.24351,15:02:28.371,0.002311
15:02:28.372,6.182636,15:02:28.372,78.175974,15:02:28.372,0.001325
15:02:28.373,6.165752,15:02:28.373,78.344814,15:02:28.373,0.004284
15:02:28.374,6.165752,15:02:28.374,78.175974,15:02:28.374,0.001982
15:02:28.375,6.148868,15:02:28.375,78.175974,15:02:28.375,0.001325
15:02:28.376,6.148868,15:02:28.376,78.24351,15:02:28.376,0.001982
15:02:28.377,6.182636,15:02:28.377,78.378582,15:02:28.377,0.002311
15:02:28.378,6.1151,15:02:28.378,78.24351,15:02:28.378,0.003626
15:02:28.379,6.148868,15:02:28.379,78.294162,15:02:28.379,0.002311
15:02:28.380,6.19952,15:02:28.380,78.192858,15:02:28.380,0.001982
15:02:28.381,6.19952,15:02:28.381,78.41235,15:02:28.381,0.003626
15:02:28.382,6.098216,15:02:28.382,78.361698,15:02:28.382,0.001325
15:02:28.383,6.064448,15:02:28.383,78.277278,15:02:28.383,0.002969
15:02:28.384,6.098216,15:02:28.384,78.142206,15:02:28.384,0.002969
15:02:28.385,6.098216,15:02:28.385,78.311046,15:02:28.385,0.00264
15:02:28.386,6.1151,15:02:28.386,78.175974,15:02:28.386,0.001653
15:02:28.387,6.013796,15:02:28.387,78.091554,15:02:28.387,0.002311
15:02:28.388,5.996912,15:02:28.388,77.939598,15:02:28.388,0.001982
15:02:28.389,6.03068,15:02:28.389,78.175974,15:02:28.389,0.001982
15:02:28.390,6.081332,15:02:28.390,77.99025,15:02:28.390,0.002969
15:02:28.391,6.081332,15:02:28.391,77.888946,15:02:28.391,0.00264
15:02:28.392,6.098216,15:02:28.392,77.872062,15:02:28.392,0.002311
15:02:28.393,6.047564,15:02:28.393,78.07467,15:02:28.393,0.002969
15:02:28.394,6.148868,15:02:28.394,77.90583,15:02:28.394,0.00264
15:02:28.395,6.098216,15:02:28.395,77.838294,15:02:28.395,0.003297
15:02:28.396,6.081332,15:02:28.396,77.922714,15:02:28.396,0.002311
15:02:28.397,6.081332,15:02:28.397,77.956482,15:02:28.397,0.00264
15:02:28.398,6.19952,15:02:28.398,77.888946,15:02:28.398,0.00264
15:02:28.399,6.148868,15:02:28.399,77.804526,15:02:28.399,0.004284
15:02:28.400,6.165752,15:02:28.400,77.770758,15:02:28.400,0.002311
15:02:28.401,6.081332,15:02:28.401,77.838294,15:02:28.401,0.004284
15:02:28.402,6.064448,15:02:28.402,77.73699,15:02:28.402,0.00264
15:02:28.403,6.047564,15:02:28.403,77.568151,15:02:28.403,0.001982
15:02:28.404,6.03068,15:02:28.404,77.601919,15:02:28.404,0.002311
15:02:28.405,6.013796,15:02:28.405,77.703222,15:02:28.405,0.00264
15:02:28.406,5.996912,15:02:28.406,77.635687,15:02:28.406,0.002969
15:02:28.407,6.047564,15:02:28.407,77.449963,15:02:28.407,0.002311
15:02:28.408,6.03068,15:02:28.408,77.433079,15:02:28.408,0.001982
15:02:28.409,5.878724,15:02:28.409,77.618803,15:02:28.409,0.003297
15:02:28.410,5.912492,15:02:28.410,77.517499,15:02:28.410,0.004284
15:02:28.411,5.86184,15:02:28.411,77.416195,15:02:28.411,0.003297
15:02:28.412,5.878724,15:02:28.412,77.348659,15:02:28.412,0.00264
15:02:28.413,5.895608,15:02:28.413,77.500615,15:02:28.413,0.002969
15:02:28.414,5.844956,15:02:28.414,77.534383,15:02:28.414,0.003955
15:02:28.415,5.760536,15:02:28.415,77.382427,15:02:28.415,0.002969
15:02:28.416,5.895608,15:02:28.416,77.466847,15:02:28.416,0.002311
15:02:28.417,5.895608,15:02:28.417,77.483731,15:02:28.417,0.002311
15:02:28.418,5.895608,15:02:28.418,77.399311,15:02:28.418,0.002969
15:02:28.419,5.828072,15:02:28.419,77.365543,15:02:28.419,0.001653
15:02:28.420,5.929376,15:02:28.420,77.348659,15:02:28.420,0.003297
15:02:28.421,5.811188,15:02:28.421,77.365543,15:02:28.421,0.000996
15:02:28.422,5.794304,15:02:28.422,77.365543,15:02:28.422,0.002969
15:02:28.423,5.811188,15:02:28.423,77.162935,15:02:28.423,0.003297
15:02:28.424,5.794304,15:02:28.424,77.179819,15:02:28.424,0.00264
15:02:28.425,5.743652,15:02:28.425,77.196703,15:02:28.425,0.003626
15:02:28.426,5.743652,15:02:28.426,77.179819,15:02:28.426,0.002969
15:02:28.427,5.693,15:02:28.427,77.112283,15:02:28.427,0.00264
15:02:28.428,5.760536,15:02:28.428,77.061631,15:02:28.428,0.00264
15:02:28.429,5.659232,15:02:28.429,77.162935,15:02:28.429,0.003626
15:02:28.430,5.726768,15:02:28.430,77.146051,15:02:28.430,0.003626
15:02:28.431,5.844956,15:02:28.431,77.027863,15:02:28.431,0.00264
15:02:28.432,5.743652,15:02:28.432,77.061631,15:02:28.432,0.002969
15:02:28.433,5.676116,15:02:28.433,77.129167,15:02:28.433,0.001653
15:02:28.434,5.659232,15:02:28.434,77.196703,15:02:28.434,0.003626
15:02:28.435,5.760536,15:02:28.435,76.943443,15:02:28.435,0.001653
15:02:28.436,5.726768,15:02:28.436,76.892791,15:02:28.436,0.00264
15:02:28.437,5.760536,15:02:28.437,77.112283,15:02:28.437,0.002969
15:02:28.438,5.726768,15:02:28.438,77.112283,15:02:28.438,0.001653
15:02:28.439,5.794304,15:02:28.439,76.926559,15:02:28.439,0.002969
15:02:28.440,5.726768,15:02:28.440,76.859023,15:02:28.440,0.002969
15:02:28.441,5.642348,15:02:28.441,76.960327,15:02:28.441,0.00264
15:02:28.442,5.642348,15:02:28.442,76.960327,15:02:28.442,0.003297
15:02:28.443,5.642348,15:02:28.443,76.808371,15:02:28.443,0.001982
15:02:28.444,5.693,15:02:28.444,76.673299,15:02:28.444,0.002311
15:02:28.445,5.659232,15:02:28.445,76.808371,15:02:28.445,0.003626
15:02:28.446,5.625464,15:02:28.446,76.825255,15:02:28.446,0.002969
15:02:28.447,5.625464,15:02:28.447,76.605763,15:02:28.447,0.003955
15:02:28.448,5.52416,15:02:28.448,76.622647,15:02:28.448,0.004284
15:02:28.449,5.557928,15:02:28.449,76.707067,15:02:28.449,0.001653
15:02:28.450,5.541044,15:02:28.450,76.723951,15:02:28.450,0.003297
15:02:28.451,5.60858,15:02:28.451,76.588879,15:02:28.451,0.003297
15:02:28.452,5.541044,15:02:28.452,76.33562,15:02:28.452,0.00264
15:02:28.453,5.541044,15:02:28.453,76.504459,15:02:28.453,0.003626
15:02:28.454,5.574812,15:02:28.454,76.571995,15:02:28.454,0.001982
15:02:28.455,5.60858,15:02:28.455,76.2512,15:02:28.455,0.003626
15:02:28.456,5.625464,15:02:28.456,76.2512,15:02:28.456,0.002311
15:02:28.457,5.557928,15:02:28.457,76.470692,15:02:28.457,0.003626
15:02:28.458,5.591696,15:02:28.458,76.538227,15:02:28.458,0.00264
15:02:28.459,5.591696,15:02:28.459,76.183664,15:02:28.459,0.002311
15:02:28.460,5.642348,15:02:28.460,76.116128,15:02:28.460,0.001653
15:02:28.461,5.591696,15:02:28.461,76.284968,15:02:28.461,0.00264
15:02:28.462,5.574812,15:02:28.462,76.538227,15:02:28.462,0.00264
15:02:28.463,5.541044,15:02:28.463,75.99794,15:02:28.463,0.003626
15:02:28.464,5.541044,15:02:28.464,75.930404,15:02:28.464,0.001982
15:02:28.465,5.557928,15:02:28.465,76.116128,15:02:28.465,0.003955
15:02:28.466,5.43974,15:02:28.466,76.352504,15:02:28.466,0.00264
15:02:28.467,5.557928,15:02:28.467,75.896636,15:02:28.467,0.001982
15:02:28.468,5.507276,15:02:28.468,75.845984,15:02:28.468,0.001653
15:02:28.469,5.507276,15:02:28.469,76.065476,15:02:28.469,0.00264
15:02:28.470,5.456624,15:02:28.470,76.200548,15:02:28.470,0.001982
15:02:28.471,5.456624,15:02:28.471,75.74468,15:02:28.471,0.001653
15:02:28.472,5.473508,15:02:28.472,75.778448,15:02:28.472,0.001653
15:02:28.473,5.422856,15:02:28.473,75.99794,15:02:28.473,0.002311
15:02:28.474,5.43974,15:02:28.474,76.16678,15:02:28.474,0.004284
15:02:28.475,5.52416,15:02:28.475,75.845984,15:02:28.475,0.00264
15:02:28.476,5.507276,15:02:28.476,75.795332,15:02:28.476,0.00264
15:02:28.477,5.43974,15:02:28.477,75.91352,15:02:28.477,0.000996
15:02:28.478,5.473508,15:02:28.478,76.065476,15:02:28.478,0.000996
15:02:28.479,5.43974,15:02:28.479,75.694028,15:02:28.479,0.002969
15:02:28.480,5.52416,15:02:28.480,75.710912,15:02:28.480,0.004284
15:02:28.481,5.43974,15:02:28.481,75.8291,15:02:28.481,0.003297
15:02:28.482,5.304668,15:02:28.482,76.014824,15:02:28.482,0.002311
15:02:28.483,5.321552,15:02:28.483,75.592724,15:02:28.483,0.002311
15:02:28.484,5.372204,15:02:28.484,75.508304,15:02:28.484,0.003626
15:02:28.485,5.321552,15:02:28.485,75.626492,15:02:28.485,0.003626
15:02:28.486,5.237132,15:02:28.486,75.947288,15:02:28.486,0.002311
15:02:28.487,5.321552,15:02:28.487,75.8291,15:02:28.487,0.00264
15:02:28.488,5.254016,15:02:28.488,75.845984,15:02:28.488,0.003297
15:02:28.489,5.254016,15:02:28.489,75.8291,15:02:28.489,0.00264
15:02:28.490,5.203364,15:02:28.490,75.947288,15:02:28.490,0.003297
15:02:28.491,5.220248,15:02:28.491,75.761564,15:02:28.491,0.001982
15:02:28.492,5.254016,15:02:28.492,75.558956,15:02:28.492,0.002969
15:02:28.493,5.203364,15:02:28.493,75.626492,15:02:28.493,0.002969
15:02:28.494,5.18648,15:02:28.494,75.761564,15:02:28.494,0.002311
15:02:28.495,5.2709,15:02:28.495,75.74468,15:02:28.495,0.00264
15:02:28.496,5.287784,15:02:28.496,75.626492,15:02:28.496,0.002969
15:02:28.497,5.321552,15:02:28.497,75.609608,15:02:28.497,0.003297
15:02:28.498,5.237132,15:02:28.498,75.862868,15:02:28.498,0.002969
15:02:28.499,5.254016,15:02:28.499,75.609608,15:02:28.499,0.002969
15:02:28.500,5.35532,15:02:28.500,75.57584,15:02:28.500,0.002969
15:02:28.501,5.2709,15:02:28.501,75.525188,15:02:28.501,0.003297
15:02:28.502,5.220248,15:02:28.502,75.761564,15:02:28.502,0.003626
15:02:28.503,5.203364,15:02:28.503,75.542072,15:02:28.503,0.00264
15:02:28.504,5.237132,15:02:28.504,75.423884,15:02:28.504,0.003626
15:02:28.505,5.237132,15:02:28.505,75.423884,15:02:28.505,0.002969
15:02:28.506,5.135828,15:02:28.506,75.609608,15:02:28.506,0.002969
15:02:28.507,5.18648,15:02:28.507,75.407,15:02:28.507,0.00264
15:02:28.508,5.135828,15:02:28.508,75.390116,15:02:28.508,0.002969
15:02:28.509,5.152712,15:02:28.509,75.32258,15:02:28.509,0.003955
15:02:28.510,5.135828,15:02:28.510,75.49142,15:02:28.510,0.001653
15:02:28.511,5.085176,15:02:28.511,75.32258,15:02:28.511,0.002311
15:02:28.512,5.118944,15:02:28.512,75.204393,15:02:28.512,0.001325
15:02:28.513,5.152712,15:02:28.513,75.32258,15:02:28.513,0.00264
15:02:28.514,5.135828,15:02:28.514,75.440768,15:02:28.514,0.002969
15:02:28.515,5.169596,15:02:28.515,75.305696,15:02:28.515,0.003626
15:02:28.516,5.118944,15:02:28.516,75.153741,15:02:28.516,0.004612
15:02:28.517,5.169596,15:02:28.517,75.170625,15:02:28.517,0.004284
15:02:28.518,5.10206,15:02:28.518,75.238161,15:02:28.518,0.00264
15:02:28.519,5.203364,15:02:28.519,75.221277,15:02:28.519,0.002311
15:02:28.520,5.10206,15:02:28.520,75.035553,15:02:28.520,0.002969
15:02:28.521,5.085176,15:02:28.521,75.018669,15:02:28.521,0.005599
15:02:28.522,5.118944,15:02:28.522,75.204393,15:02:28.522,0.002969
15:02:28.523,4.966988,15:02:28.523,75.136857,15:02:28.523,0.003955
15:02:28.524,5.01764,15:02:28.524,74.984901,15:02:28.524,0.003626
15:02:28.525,5.034524,15:02:28.525,74.968017,15:02:28.525,0.002311
15:02:28.526,4.966988,15:02:28.526,75.204393,15:02:28.526,0.003626
15:02:28.527,5.01764,15:02:28.527,74.984901,15:02:28.527,0.00264
15:02:28.528,5.000756,15:02:28.528,74.883597,15:02:28.528,0.001982
15:02:28.529,5.01764,15:02:28.529,74.968017,15:02:28.529,0.002969
15:02:28.530,5.000756,15:02:28.530,75.018669,15:02:28.530,0.002311
15:02:28.531,5.01764,15:02:28.531,74.917365,15:02:28.531,0.003297
15:02:28.532,4.966988,15:02:28.532,74.900481,15:02:28.532,0.002311
15:02:28.533,5.000756,15:02:28.533,74.849829,15:02:28.533,0.00264
15:02:28.534,4.93322,15:02:28.534,74.968017,15:02:28.534,0.002311
15:02:28.535,4.983872,15:02:28.535,74.832945,15:02:28.535,0.002311
15:02:28.536,5.000756,15:02:28.536,74.748525,15:02:28.536,0.002969
15:02:28.537,4.966988,15:02:28.537,74.832945,15:02:28.537,0.00264
15:02:28.538,4.983872,15:02:28.538,74.883597,15:02:28.538,0.003297
15:02:28.539,4.983872,15:02:28.539,74.934249,15:02:28.539,0.003626
15:02:28.540,5.01764,15:02:28.540,74.647221,15:02:28.540,0.00264
15:02:28.541,4.966988,15:02:28.541,74.647221,15:02:28.541,0.002311
15:02:28.542,4.983872,15:02:28.542,74.816061,15:02:28.542,0.002311
15:02:28.543,4.950104,15:02:28.543,74.816061,15:02:28.543,0.002969
15:02:28.544,4.882568,15:02:28.544,74.562801,15:02:28.544,0.002311
15:02:28.545,4.899452,15:02:28.545,74.545917,15:02:28.545,0.001982
15:02:28.546,4.865684,15:02:28.546,74.799177,15:02:28.546,0.002311
15:02:28.547,4.865684,15:02:28.547,74.647221,15:02:28.547,0.001653
15:02:28.548,4.899452,15:02:28.548,74.545917,15:02:28.548,0.003297
15:02:28.549,4.8488,15:02:28.549,74.478381,15:02:28.549,0.00264
15:02:28.550,4.882568,15:02:28.550,74.630337,15:02:28.550,0.00264
15:02:28.551,4.8488,15:02:28.551,74.630337,15:02:28.551,0.00264
15:02:28.552,4.865684,15:02:28.552,74.444613,15:02:28.552,0.001653
15:02:28.553,4.865684,15:02:28.553,74.360193,15:02:28.553,0.002311
15:02:28.554,4.831916,15:02:28.554,74.562801,15:02:28.554,0.003297
15:02:28.555,4.815032,15:02:28.555,74.545917,15:02:28.555,0.002311
15:02:28.556,4.865684,15:02:28.556,74.427729,15:02:28.556,0.003297
15:02:28.557,4.815032,15:02:28.557,74.512149,15:02:28.557,0.002969
15:02:28.558,4.798148,15:02:28.558,74.630337,15:02:28.558,0.001982
15:02:28.559,4.815032,15:02:28.559,74.613453,15:02:28.559,0.002969
15:02:28.560,4.865684,15:02:28.560,74.579685,15:02:28.560,0.003297
15:02:28.561,4.815032,15:02:28.561,74.444613,15:02:28.561,0.003626
15:02:28.562,4.815032,15:02:28.562,74.512149,15:02:28.562,0.002311
15:02:28.563,4.781264,15:02:28.563,74.478381,15:02:28.563,0.00264
15:02:28.564,4.730612,15:02:28.564,74.360193,15:02:28.564,0.002311
15:02:28.565,4.747496,15:02:28.565,74.309541,15:02:28.565,0.003297
15:02:28.566,4.730612,15:02:28.566,74.275773,15:02:28.566,0.003955
15:02:28.567,4.696844,15:02:28.567,74.292657,15:02:28.567,0.003297
15:02:28.568,4.815032,15:02:28.568,74.106933,15:02:28.568,0.001653
15:02:28.569,4.76438,15:02:28.569,74.022514,15:02:28.569,0.003297
15:02:28.570,4.696844,15:02:28.570,74.140701,15:02:28.570,0.003297
15:02:28.571,4.730612,15:02:28.571,74.208237,15:02:28.571,0.001653
15:02:28.572,4.713728,15:02:28.572,74.039398,15:02:28.572,0.001325
15:02:28.573,4.713728,15:02:28.573,73.938094,15:02:28.573,0.00264
15:02:28.574,4.67996,15:02:28.574,74.157585,15:02:28.574,0.00264
15:02:28.575,4.612424,15:02:28.575,74.225121,15:02:28.575,0.003297
15:02:28.576,4.730612,15:02:28.576,73.988746,15:02:28.576,0.003626
15:02:28.577,4.67996,15:02:28.577,73.870558,15:02:28.577,0.00264
15:02:28.578,4.747496,15:02:28.578,73.988746,15:02:28.578,0.003297
15:02:28.579,4.696844,15:02:28.579,74.090049,15:02:28.579,0.002311
15:02:28.580,4.76438,15:02:28.580,73.938094,15:02:28.580,0.014805
15:02:28.581,4.663076,15:02:28.581,73.904326,15:02:28.581,2.560035
15:02:28.582,4.730612,15:02:28.582,73.853674,15:02:28.582,7.663955
15:02:28.583,4.59554,15:02:28.583,73.938094,15:02:28.583,8.597076
15:02:28.584,4.646192,15:02:28.584,73.75237,15:02:28.584,8.61779
15:02:28.585,4.696844,15:02:28.585,73.870558,15:02:28.585,8.647382
15:02:28.586,4.629308,15:02:28.586,73.75237,15:02:28.586,8.614502
15:02:28.587,4.612424,15:02:28.587,73.92121,15:02:28.587,8.611543
15:02:28.588,4.477352,15:02:28.588,73.634182,15:02:28.588,8.626667
15:02:28.589,4.477352,15:02:28.589,73.651066,15:02:28.589,8.649683
15:02:28.590,4.460468,15:02:28.590,73.684834,15:02:28.590,8.735827
15:02:28.591,4.376048,15:02:28.591,73.819906,15:02:28.591,8.752267
15:02:28.592,4.51112,15:02:28.592,73.49911,15:02:28.592,8.764761
15:02:28.593,4.93322,15:02:28.593,73.549762,15:02:28.593,8.775612
15:02:28.594,5.625464,15:02:28.594,73.617298,15:02:28.594,8.696043
15:02:28.595,7.009951,15:02:28.595,73.701718,15:02:28.595,8.675329
15:02:28.596,9.154219,15:02:28.596,73.566646,15:02:28.596,8.750623
15:02:28.597,13.25703,15:02:28.597,73.465342,15:02:28.597,8.77331
15:02:28.598,20.044395,15:02:28.598,73.566646,15:02:28.598,8.793366
15:02:28.599,28.77342,15:02:28.599,73.75237,15:02:28.599,8.736814
15:02:28.600,37.620632,15:02:28.600,73.532878,15:02:28.600,8.712812
15:02:28.601,46.889944,15:02:28.601,73.617298,15:02:28.601,8.698674
15:02:28.602,56.885266,15:02:28.602,73.566646,15:02:28.602,8.763117
15:02:28.603,67.133847,15:02:28.603,73.75237,15:02:28.603,8.771008
15:02:28.604,76.791487,15:02:28.604,73.600414,15:02:28.604,8.779228
15:02:28.605,85.723115,15:02:28.605,73.532878,15:02:28.605,8.758843
15:02:28.606,94.165107,15:02:28.606,73.58353,15:02:28.606,8.69703
15:02:28.607,102.049926,15:02:28.607,73.701718,15:02:28.607,8.688481
15:02:28.608,108.550258,15:02:28.608,73.482226,15:02:28.608,8.755555
15:02:28.609,113.834943,15:02:28.609,73.397806,15:02:28.609,8.778899
15:02:28.610,115.658413,15:02:28.610,73.296502,15:02:28.610,8.771008
15:02:28.611,114.527186,15:02:28.611,73.397806,15:02:28.611,8.711497
15:02:28.612,113.193352,15:02:28.612,73.313386,15:02:28.612,8.698016
15:02:28.613,112.703717,15:02:28.613,73.296502,15:02:28.613,8.768049
15:02:28.614,108.752866,15:02:28.614,73.482226,15:02:28.614,8.782516
15:02:28.615,103.417528,15:02:28.615,73.634182,15:02:28.615,8.790407
15:02:28.616,101.509639,15:02:28.616,73.786138,15:02:28.616,8.774954
15:02:28.617,98.571826,15:02:28.617,73.66795,15:02:28.617,8.718401
15:02:28.618,90.720774,15:02:28.618,73.853674,15:02:28.618,8.717744
15:02:28.619,82.633346,15:02:28.619,73.92121,15:02:28.619,8.78153
15:02:28.620,75.558956,15:02:28.620,73.75237,15:02:28.620,8.786791
15:02:28.621,68.366378,15:02:28.621,73.735486,15:02:28.621,8.776927
15:02:28.622,62.254374,15:02:28.622,73.954978,15:02:28.622,8.741088
15:02:28.623,57.898305,15:02:28.623,74.174469,15:02:28.623,8.704921
15:02:28.624,56.22679,15:02:28.624,74.225121,15:02:28.624,8.69966
15:02:28.625,59.215256,15:02:28.625,74.208237,15:02:28.625,8.744376
15:02:28.626,65.968852,15:02:28.626,74.123817,15:02:28.626,8.745034
15:02:28.627,75.170625,15:02:28.627,74.478381,15:02:28.627,8.756541
15:02:28.628,85.368552,15:02:28.628,74.360193,15:02:28.628,8.74602
15:02:28.629,95.144378,15:02:28.629,74.444613,15:02:28.629,8.681905
15:02:28.630,102.336954,15:02:28.630,74.512149,15:02:28.630,8.665136
15:02:28.631,107.570987,15:02:28.631,74.900481,15:02:28.631,8.755555
15:02:28.632,109.445109,15:02:28.632,74.765409,15:02:28.632,8.774625
15:02:28.633,108.465838,15:02:28.633,74.714757,15:02:28.633,8.776598
15:02:28.634,106.355341,15:02:28.634,74.866713,15:02:28.634,8.748979
15:02:28.635,105.612446,15:02:28.635,75.423884,15:02:28.635,8.704921
15:02:28.636,105.54491,15:02:28.636,75.440768,15:02:28.636,8.664808
15:02:28.637,106.507296,15:02:28.637,75.66026,15:02:28.637,8.650998
15:02:28.638,107.452799,15:02:28.638,75.981056,15:02:28.638,8.720374
15:02:28.639,109.141197,15:02:28.639,76.588879,15:02:28.639,8.725635
15:02:28.640,112.653065,15:02:28.640,76.656415,15:02:28.640,8.719388
15:02:28.641,111.015319,15:02:28.641,76.622647,15:02:28.641,8.717086
15:02:28.642,109.445109,15:02:28.642,76.892791,15:02:28.642,8.710181
15:02:28.643,108.43207,15:02:28.643,77.433079,15:02:28.643,8.644422
15:02:28.644,105.950125,15:02:28.644,77.551267,15:02:28.644,8.616804
15:02:28.645,103.113617,15:02:28.645,77.618803,15:02:28.645,8.653629
15:02:28.646,101.087539,15:02:28.646,77.753874,15:02:28.646,8.727936
15:02:28.647,101.492755,15:02:28.647,78.209742,15:02:28.647,8.733526
15:02:28.648,103.653904,15:02:28.648,78.277278,15:02:28.648,8.730895
15:02:28.649,108.533374,15:02:28.649,78.378582,15:02:28.649,8.724648
15:02:28.650,114.79733,15:02:28.650,79.121477,15:02:28.650,8.724648
15:02:28.651,121.685992,15:02:28.651,80.472196,15:02:28.651,8.651327
15:02:28.652,126.768068,15:02:28.652,81.772263,15:02:28.652,8.635545
15:02:28.653,130.161747,15:02:28.653,83.291821,15:02:28.653,8.633243
15:02:28.654,131.816376,15:02:28.654,85.284132,15:02:28.654,8.717086
15:02:28.655,131.546233,15:02:28.655,87.647889,15:02:28.655,8.727279
15:02:28.656,128.996753,15:02:28.656,88.677812,15:02:28.656,8.732539
15:02:28.657,125.788798,15:02:28.657,90.096067,15:02:28.657,8.730567
15:02:28.658,122.850986,15:02:28.658,91.311714,15:02:28.658,8.737143
15:02:28.659,120.335274,15:02:28.659,92.52736,15:02:28.659,8.701961
15:02:28.660,116.384424,15:02:28.660,92.459824,15:02:28.660,8.642778
15:02:28.661,113.075164,15:02:28.661,91.092222,15:02:28.661,8.636202
15:02:28.662,110.660755,15:02:28.662,90.180487,15:02:28.662,8.712154
15:02:28.663,110.795827,15:02:28.663,90.045415,15:02:28.663,8.728594
15:02:28.664,112.028357,15:02:28.664,89.150564,15:02:28.664,8.742732
15:02:28.665,113.682987,15:02:28.665,87.867381,15:02:28.665,8.757857
15:02:28.666,117.17797,15:02:28.666,87.107602,15:02:28.666,8.690454
15:02:28.667,119.676799,15:02:28.667,87.073834,15:02:28.667,8.682563
15:02:28.668,121.348312,15:02:28.668,87.749193,15:02:28.668,8.664479
15:02:28.669,123.560113,15:02:28.669,88.289481,15:02:28.669,8.744376
15:02:28.670,123.982213,15:02:28.670,89.606431,15:02:28.670,8.738129
15:02:28.671,122.580843,15:02:28.671,91.244178,15:02:28.671,8.749966
15:02:28.672,120.774257,15:02:28.672,92.122145,15:02:28.672,8.751938
15:02:28.673,117.498766,15:02:28.673,92.729968,15:02:28.673,8.721689
15:02:28.674,114.121971,15:02:28.674,93.185836,15:02:28.674,8.662177
15:02:28.675,111.049087,15:02:28.675,93.675471,15:02:28.675,8.662835
15:02:28.676,112.366037,15:02:28.676,97.541903,15:02:28.676,1.102143
15:02:28.677,106.085197,15:02:28.677,94.553438,15:02:28.677,2.218414
15:02:28.678,104.126655,15:02:28.678,95.769085,15:02:28.678,1.924468
15:02:28.679,103.333108,15:02:28.679,96.815892,15:02:28.679,1.577257
15:02:28.680,105.831937,15:02:28.680,96.444444,15:02:28.680,1.137653
15:02:28.681,111.167275,15:02:28.681,95.988577,15:02:28.681,0.848968
15:02:28.682,117.802678,15:02:28.682,96.545748,15:02:28.682,0.637879
15:02:28.683,123.408157,15:02:28.683,98.267914,15:02:28.683,0.455724
15:02:28.684,127.359007,15:02:28.684,99.956312,15:02:28.684,0.290339
15:02:28.685,129.655228,15:02:28.685,99.871892,15:02:28.685,0.14205
15:02:28.686,129.148709,15:02:28.686,99.196533,15:02:28.686,0.004284
15:02:28.687,127.426543,15:02:28.687,99.399141,15:02:28.687,-0.002621
15:02:28.688,124.218588,15:02:28.688,99.213417,15:02:28.688,0.003626
15:02:28.689,118.376733,15:02:28.689,98.571826,15:02:28.689,0.003955
15:02:28.690,112.636181,15:02:28.690,98.183494,15:02:28.690,0.002969
15:02:28.691,105.831937,15:02:28.691,98.605594,15:02:28.691,0.002969
15:02:28.692,97.204223,15:02:28.692,99.196533,15:02:28.692,0.005599
15:02:28.693,89.488244,15:02:28.693,99.652401,15:02:28.693,0.001982
15:02:28.694,82.920374,15:02:28.694,99.686169,15:02:28.694,0.004612
15:02:28.695,78.311046,15:02:28.695,99.804356,15:02:28.695,0.003297
15:02:28.696,75.001785,15:02:28.696,99.483561,15:02:28.696,0.00264
15:02:28.697,71.489916,15:02:28.697,98.993925,15:02:28.697,0.002969
15:02:28.698,69.818401,15:02:28.698,98.926389,15:02:28.698,0.003297
15:02:28.699,70.510644,15:02:28.699,99.652401,15:02:28.699,0.001982
15:02:28.700,70.645716,15:02:28.700,100.766743,15:02:28.700,0.00264
15:02:28.701,71.321076,15:02:28.701,101.273263,15:02:28.701,0.002969
15:02:28.702,71.844479,15:02:28.702,101.931738,15:02:28.702,0.001982
15:02:28.703,72.063971,15:02:28.703,102.623981,15:02:28.703,0.001982
15:02:28.704,73.33027,15:02:28.704,103.873396,15:02:28.704,0.002969
15:02:28.705,74.00563,15:02:28.705,103.9747,15:02:28.705,0.004612
15:02:28.706,74.123817,15:02:28.706,104.076003,15:02:28.706,0.00264
15:02:28.707,73.684834,15:02:28.707,104.244843,15:02:28.707,0.002969
15:02:28.708,72.418535,15:02:28.708,104.683827,15:02:28.708,0.003626
15:02:28.709,70.004125,15:02:28.709,104.616291,15:02:28.709,0.002311
15:02:28.710,67.167615,15:02:28.710,104.599407,15:02:28.710,0.003955
15:02:28.711,64.044077,15:02:28.711,104.599407,15:02:28.711,0.002311
15:02:28.712,60.701047,15:02:28.712,104.346147,15:02:28.712,0.003297
15:02:28.713,57.189178,15:02:28.713,103.113617,15:02:28.713,0.002311
15:02:28.714,54.386435,15:02:28.714,102.016158,15:02:28.714,0.002969
15:02:28.715,52.005793,15:02:28.715,101.661594,15:02:28.715,0.00264
15:02:28.716,49.726454,15:02:28.716,101.762898,15:02:28.716,0.002969
15:02:28.717,47.953635,15:02:28.717,101.678478,15:02:28.717,0.003297
15:02:28.718,46.822408,15:02:28.718,101.374567,15:02:28.718,0.002311
15:02:28.719,45.437921,15:02:28.719,101.425219,15:02:28.719,0.003955
15:02:28.720,44.695025,15:02:28.720,101.627826,15:02:28.720,0.003626
15:02:28.721,44.340461,15:02:28.721,101.425219,15:02:28.721,0.00264
15:02:28.722,44.576837,15:02:28.722,101.475871,15:02:28.722,0.003297
15:02:28.723,45.015821,15:02:28.723,101.678478,15:02:28.723,0.002311
15:02:28.724,45.370385,15:02:28.724,102.049926,15:02:28.724,0.002969
15:02:28.725,45.015821,15:02:28.725,102.15123,15:02:28.725,0.002969
15:02:28.726,44.728793,15:02:28.726,102.353838,15:02:28.726,0.003297
15:02:28.727,44.019665,15:02:28.727,102.674633,15:02:28.727,0.002969
15:02:28.728,43.462494,15:02:28.728,103.704556,15:02:28.728,0.00264
15:02:28.729,42.820902,15:02:28.729,104.126655,15:02:28.729,0.004284
15:02:28.730,42.229962,15:02:28.730,104.160423,15:02:28.730,0.003955
15:02:28.731,42.26373,15:02:28.731,104.126655,15:02:28.731,0.002311
15:02:28.732,42.229962,15:02:28.732,104.211075,15:02:28.732,0.003626
15:02:28.733,42.145542,15:02:28.733,103.772092,15:02:28.733,0.004941
15:02:28.734,42.044238,15:02:28.734,103.333108,15:02:28.734,0.002969
15:02:28.735,41.858514,15:02:28.735,102.995429,15:02:28.735,0.002969
15:02:28.736,41.58837,15:02:28.736,103.113617,15:02:28.736,0.004941
15:02:28.737,40.879243,15:02:28.737,102.759053,15:02:28.737,0.004941
15:02:28.738,40.102579,15:02:28.738,102.353838,15:02:28.738,0.004284
15:02:28.739,39.275264,15:02:28.739,101.847318,15:02:28.739,0.002969
15:02:28.740,38.599904,15:02:28.740,101.72913,15:02:28.740,0.003297
15:02:28.741,38.24534,15:02:28.741,101.222611,15:02:28.741,0.002311
15:02:28.742,38.127152,15:02:28.742,101.104423,15:02:28.742,0.002969
15:02:28.743,38.211572,15:02:28.743,100.884931,15:02:28.743,0.001653
15:02:28.744,38.4986,15:02:28.744,101.138191,15:02:28.744,0.002969
15:02:28.745,38.008964,15:02:28.745,101.036887,15:02:28.745,0.001982
15:02:28.746,35.645205,15:02:28.746,100.868047,15:02:28.746,0.003297
15:02:28.747,30.022836,15:02:28.747,100.749859,15:02:28.747,0.002311
15:02:28.748,24.096554,15:02:28.748,100.631672,15:02:28.748,0.00264
15:02:28.749,18.980704,15:02:28.749,100.260224,15:02:28.749,0.002969
15:02:28.750,13.662245,15:02:28.750,99.855008,15:02:28.750,0.002969
15:02:28.751,7.786615,15:02:28.751,99.703053,15:02:28.751,0.001653
15:02:28.752,2.282433,15:02:28.752,99.838124,15:02:28.752,0.002311
15:02:28.753,-1.887914,15:02:28.753,99.922544,15:02:28.753,0.003297
15:02:28.754,-3.204866,15:02:28.754,99.99008,15:02:28.754,0.00264
15:02:28.755,-3.356822,15:02:28.755,99.99008,15:02:28.755,0.002969
15:02:28.756,-3.39059,15:02:28.756,100.108268,15:02:28.756,0.003297
15:02:28.757,-3.373706,15:02:28.757,100.023848,15:02:28.757,0.003297
15:02:28.758,-3.39059,15:02:28.758,99.703053,15:02:28.758,0.002311
15:02:28.759,-3.39059,15:02:28.759,99.483561,15:02:28.759,0.003626
15:02:28.760,-3.39059,15:02:28.760,99.466677,15:02:28.760,0.001653
15:02:28.761,-3.356822,15:02:28.761,99.044577,15:02:28.761,0.002969
15:02:28.762,-3.272402,15:02:28.762,98.521174,15:02:28.762,0.002969
15:02:28.763,-2.96849,15:02:28.763,98.099074,15:02:28.763,0.002969
15:02:28.764,-1.195671,15:02:28.764,97.930235,15:02:28.764,0.00264
15:02:28.765,2.113593,15:02:28.765,97.288643,15:02:28.765,0.003626
15:02:28.766,5.929376,15:02:28.766,96.714588,15:02:28.766,0.002311
15:02:28.767,9.880231,15:02:28.767,96.208068,15:02:28.767,0.002311
15:02:28.768,13.712897,15:02:28.768,96.056113,15:02:28.768,0.00264
15:02:28.769,17.207884,15:02:28.769,95.836621,15:02:28.769,0.004284
15:02:28.770,20.382075,15:02:28.770,95.634013,15:02:28.770,0.002969
15:02:28.771,23.049746,15:02:28.771,95.498941,15:02:28.771,0.003297
15:02:28.772,25.194014,15:02:28.772,95.667781,15:02:28.772,0.00264
15:02:28.773,26.747341,15:02:28.773,95.684665,15:02:28.773,0.003955
15:02:28.774,27.591541,15:02:28.774,95.482057,15:02:28.774,0.003297
15:02:28.775,27.794149,15:02:28.775,95.566477,15:02:28.775,0.002311
15:02:28.776,27.422701,15:02:28.776,95.718433,15:02:28.776,0.00264
15:02:28.777,26.477197,15:02:28.777,95.752201,15:02:28.777,0.00264
15:02:28.778,25.058942,15:02:28.778,95.650897,15:02:28.778,0.002969
15:02:28.779,23.269238,15:02:28.779,95.752201,15:02:28.779,0.002969
15:02:28.780,21.192507,15:02:28.780,95.701549,15:02:28.780,0.00264
15:02:28.781,18.913168,15:02:28.781,95.701549,15:02:28.781,0.001653
15:02:28.782,16.498757,15:02:28.782,95.397637,15:02:28.782,0.002311
15:02:28.783,13.966157,15:02:28.783,95.093726,15:02:28.783,0.003297
15:02:28.784,11.467326,15:02:28.784,95.02619,15:02:28.784,0.002969
15:02:28.785,9.069799,15:02:28.785,94.756046,15:02:28.785,0.003297
15:02:28.786,6.857995,15:02:28.786,94.266411,15:02:28.786,0.002969
15:02:28.787,4.865684,15:02:28.787,93.996267,15:02:28.787,0.001982
15:02:28.788,3.025328,15:02:28.788,93.894963,15:02:28.788,0.001982
15:02:28.789,1.556421,15:02:28.789,93.726123,15:02:28.789,0.004284
15:02:28.790,0.492729,15:02:28.790,93.270256,15:02:28.790,0.002311
15:02:28.791,-0.199515,15:02:28.791,93.168952,15:02:28.791,0.001982
15:02:28.792,-0.486543,15:02:28.792,93.185836,15:02:28.792,0.001325
15:02:28.793,-0.385239,15:02:28.793,93.152068,15:02:28.793,0.000667
15:02:28.794,0.205701,15:02:28.794,92.797504,15:02:28.794,0.002969
15:02:28.795,1.235625,15:02:28.795,92.628664,15:02:28.795,0.002969
15:02:28.796,2.569461,15:02:28.796,93.084532,15:02:28.796,0.002311
15:02:28.797,4.224092,15:02:28.797,93.168952,15:02:28.797,0.001982
15:02:28.798,6.047564,15:02:28.798,92.831272,15:02:28.798,0.002311
15:02:28.799,8.090527,15:02:28.799,92.86504,15:02:28.799,0.002311
15:02:28.800,10.167258,15:02:28.800,93.20272,15:02:28.800,0.002311
15:02:28.801,12.277758,15:02:28.801,93.270256,15:02:28.801,0.002969
15:02:28.802,14.371373,15:02:28.802,92.814388,15:02:28.802,0.003626
15:02:28.803,16.397453,15:02:28.803,92.544244,15:02:28.803,0.00264
15:02:28.804,18.237808,15:02:28.804,92.848156,15:02:28.804,0.003297
15:02:28.805,19.993743,15:02:28.805,92.797504,15:02:28.805,0.001982
15:02:28.806,21.327579,15:02:28.806,92.122145,15:02:28.806,0.002969
15:02:28.807,21.783447,15:02:28.807,91.953305,15:02:28.807,0.003297
15:02:28.808,21.952287,15:02:28.808,92.020841,15:02:28.808,0.001325
15:02:28.809,22.509459,15:02:28.809,91.987073,15:02:28.809,0.001653
15:02:28.810,22.745834,15:02:28.810,91.514321,15:02:28.810,0.003297
15:02:28.811,21.665259,15:02:28.811,91.193526,15:02:28.811,0.002969
15:02:28.812,20.314539,15:02:28.812,91.564973,15:02:28.812,0.00264
15:02:28.813,19.250848,15:02:28.813,91.700045,15:02:28.813,0.002969
15:02:28.814,17.731288,15:02:28.814,91.345482,15:02:28.814,0.002311
15:02:28.815,16.667597,15:02:28.815,91.514321,15:02:28.815,0.003955
15:02:28.816,15.688325,15:02:28.816,91.970189,15:02:28.816,0.00264
15:02:28.817,14.354489,15:02:28.817,92.307869,15:02:28.817,0.002969
15:02:28.818,12.986886,15:02:28.818,92.290985,15:02:28.818,0.003955
15:02:28.819,11.754354,15:02:28.819,92.392289,15:02:28.819,0.003626
15:02:28.820,10.319214,15:02:28.820,92.848156,15:02:28.820,0.001982
15:02:28.821,8.647699,15:02:28.821,93.185836,15:02:28.821,0.001653
15:02:28.822,6.672271,15:02:28.822,92.966344,15:02:28.822,0.001653
15:02:28.823,5.659232,15:02:28.823,93.050764,15:02:28.823,0.003955
15:02:28.824,5.591696,15:02:28.824,93.28714,15:02:28.824,0.00264
15:02:28.825,5.60858,15:02:28.825,93.422211,15:02:28.825,0.001653
15:02:28.826,5.473508,15:02:28.826,92.94946,15:02:28.826,0.003297
15:02:28.827,5.811188,15:02:28.827,92.729968,15:02:28.827,0.00264
15:02:28.828,6.351476,15:02:28.828,92.86504,15:02:28.828,0.002311
15:02:28.829,6.925531,15:02:28.829,92.94946,15:02:28.829,0.001325
15:02:28.830,7.735963,15:02:28.830,92.341637,15:02:28.830,0.00264
15:02:28.831,8.715235,15:02:28.831,92.206565,15:02:28.831,0.003297
15:02:28.832,9.829579,15:02:28.832,92.307869,15:02:28.832,0.002969
15:02:28.833,11.180298,15:02:28.833,92.442941,15:02:28.833,0.002969
15:02:28.834,12.66609,15:02:28.834,92.088377,15:02:28.834,0.002311
15:02:28.835,14.253185,15:02:28.835,92.088377,15:02:28.835,0.001653
15:02:28.836,15.215573,15:02:28.836,92.510476,15:02:28.836,0.00264
15:02:28.837,16.009121,15:02:28.837,92.848156,15:02:28.837,0.001982
15:02:28.838,16.920856,15:02:28.838,92.86504,15:02:28.838,0.001653
15:02:28.839,17.52868,15:02:28.839,93.1183,15:02:28.839,0.002311
15:02:28.840,17.765056,15:02:28.840,93.28714,15:02:28.840,0.001653
15:02:28.841,17.984548,15:02:28.841,93.591051,15:02:28.841,0.003297
15:02:28.842,18.102736,15:02:28.842,93.658587,15:02:28.842,0.002969
15:02:28.843,18.170272,15:02:28.843,93.624819,15:02:28.843,0.00264
15:02:28.844,17.900128,15:02:28.844,93.793659,15:02:28.844,0.00264
15:02:28.845,17.461144,15:02:28.845,93.945615,15:02:28.845,0.001653
15:02:28.846,16.650713,15:02:28.846,93.810543,15:02:28.846,0.00264
15:02:28.847,15.570137,15:02:28.847,93.641703,15:02:28.847,0.001982
15:02:28.848,14.557097,15:02:28.848,93.641703,15:02:28.848,0.003297
15:02:28.849,13.696013,15:02:28.849,93.793659,15:02:28.849,0.002311
15:02:28.850,12.767394,15:02:28.850,93.422211,15:02:28.850,0.002969
15:02:28.851,11.872542,15:02:28.851,93.28714,15:02:28.851,0.002969
15:02:28.852,11.078994,15:02:28.852,93.304024,15:02:28.852,0.002311
15:02:28.853,10.150375,15:02:28.853,93.304024,15:02:28.853,0.003626
15:02:28.854,9.171103,15:02:28.854,93.152068,15:02:28.854,0.003297
15:02:28.855,8.225599,15:02:28.855,93.101416,15:02:28.855,0.003297
15:02:28.856,7.516471,15:02:28.856,93.20272,15:02:28.856,0.002311
15:02:28.857,7.060603,15:02:28.857,93.455979,15:02:28.857,0.002311
15:02:28.858,6.773575,15:02:28.858,93.388444,15:02:28.858,0.00264
15:02:28.859,6.773575,15:02:28.859,93.574167,15:02:28.859,0.002969
15:02:28.860,7.060603,15:02:28.860,93.726123,15:02:28.860,0.002969
15:02:28.861,7.330747,15:02:28.861,94.131339,15:02:28.861,0.003297
15:02:28.862,7.752847,15:02:28.862,94.165107,15:02:28.862,0.00264
15:02:28.863,8.225599,15:02:28.863,94.232643,15:02:28.863,0.003297
15:02:28.864,8.833423,15:02:28.864,94.317063,15:02:28.864,0.001653
15:02:28.865,9.508783,15:02:28.865,94.570322,15:02:28.865,0.002969
15:02:28.866,10.336098,15:02:28.866,94.587206,15:02:28.866,0.003955
15:02:28.867,11.197182,15:02:28.867,94.43525,15:02:28.867,0.00264
15:02:28.868,12.092034,15:02:28.868,94.333947,15:02:28.868,0.001325
15:02:28.869,12.868698,15:02:28.869,94.43525,15:02:28.869,0.002311
15:02:28.870,13.442754,15:02:28.870,94.131339,15:02:28.870,0.00264
15:02:28.871,13.983041,15:02:28.871,93.759891,15:02:28.871,0.004284
15:02:28.872,14.320721,15:02:28.872,93.624819,15:02:28.872,0.001982
15:02:28.873,14.624633,15:02:28.873,93.641703,15:02:28.873,0.00264
15:02:28.874,14.844125,15:02:28.874,93.354676,15:02:28.874,0.002969
15:02:28.875,15.046733,15:02:28.875,93.101416,15:02:28.875,0.00264
15:02:28.876,15.131153,15:02:28.876,92.932576,15:02:28.876,0.002969
15:02:28.877,15.131153,15:02:28.877,93.20272,15:02:28.877,0.001653
15:02:28.878,14.996081,15:02:28.878,93.067648,15:02:28.878,0.002969
15:02:28.879,14.725937,15:02:28.879,92.915692,15:02:28.879,0.00264
15:02:28.880,14.371373,15:02:28.880,92.966344,15:02:28.880,0.003297
15:02:28.881,13.915505,15:02:28.881,93.236488,15:02:28.881,0.002311
15:02:28.882,13.324566,15:02:28.882,93.236488,15:02:28.882,0.00264
15:02:28.883,12.716742,15:02:28.883,93.185836,15:02:28.883,0.002311
15:02:28.884,12.058266,15:02:28.884,93.337792,15:02:28.884,0.001653
15:02:28.885,11.366022,15:02:28.885,93.506631,15:02:28.885,0.002969
15:02:28.886,10.825734,15:02:28.886,93.422211,15:02:28.886,0.002311
15:02:28.887,10.201026,15:02:28.887,93.236488,15:02:28.887,0.003297
15:02:28.888,9.559435,15:02:28.888,93.236488,15:02:28.888,0.002969
15:02:28.889,9.069799,15:02:28.889,93.422211,15:02:28.889,0.003626
15:02:28.890,8.799655,15:02:28.890,93.270256,15:02:28.890,0.002969
15:02:28.891,8.563279,15:02:28.891,93.084532,15:02:28.891,0.002969
15:02:28.892,8.360671,15:02:28.892,92.94946,15:02:28.892,0.002969
15:02:28.893,8.428207,15:02:28.893,93.084532,15:02:28.893,0.001982
15:02:28.894,8.580163,15:02:28.894,92.86504,15:02:28.894,0.001982
15:02:28.895,8.833423,15:02:28.895,92.662432,15:02:28.895,0.002311
15:02:28.896,9.171103,15:02:28.896,92.52736,15:02:28.896,0.003626
15:02:28.897,9.559435,15:02:28.897,92.493592,15:02:28.897,0.002969
15:02:28.898,10.049071,15:02:28.898,92.409173,15:02:28.898,0.003297
15:02:28.899,10.454286,15:02:28.899,92.071493,15:02:28.899,0.00264
15:02:28.900,10.842618,15:02:28.900,92.071493,15:02:28.900,0.003955
15:02:28.901,11.298486,15:02:28.901,92.189681,15:02:28.901,0.00264
15:02:28.902,11.636166,15:02:28.902,92.155913,15:02:28.902,0.003297
15:02:28.903,11.973846,15:02:28.903,91.987073,15:02:28.903,0.001982
15:02:28.904,12.362178,15:02:28.904,91.885769,15:02:28.904,0.00264
15:02:28.905,12.733626,15:02:28.905,92.003957,15:02:28.905,0.002969
15:02:28.906,13.020654,15:02:28.906,92.037725,15:02:28.906,0.00264
15:02:28.907,13.273914,15:02:28.907,91.852001,15:02:28.907,0.00264
15:02:28.908,13.408986,15:02:28.908,91.818233,15:02:28.908,0.004612
15:02:28.909,13.459638,15:02:28.909,91.885769,15:02:28.909,0.004284
15:02:28.910,13.459638,15:02:28.910,91.852001,15:02:28.910,0.003626
15:02:28.911,13.459638,15:02:28.911,91.598741,15:02:28.911,0.003626
15:02:28.912,13.307682,15:02:28.912,91.480553,15:02:28.912,0.003297
15:02:28.913,13.138842,15:02:28.913,91.531205,15:02:28.913,0.002969
15:02:28.914,12.970002,15:02:28.914,91.362366,15:02:28.914,0.001982
15:02:28.915,12.801162,15:02:28.915,90.95715,15:02:28.915,0.003626
15:02:28.916,12.41283,15:02:28.916,90.855846,15:02:28.916,0.00264
15:02:28.917,12.07515,15:02:28.917,90.754542,15:02:28.917,0.002311
15:02:28.918,11.788122,15:02:28.918,90.61947,15:02:28.918,0.002311
15:02:28.919,11.416674,15:02:28.919,90.332443,15:02:28.919,0.00264
15:02:28.920,11.06211,15:02:28.920,90.163603,15:02:28.920,0.001982
15:02:28.921,10.825734,15:02:28.921,90.281791,15:02:28.921,0.003626
15:02:28.922,10.623126,15:02:28.922,90.281791,15:02:28.922,0.001982
15:02:28.923,10.38675,15:02:28.923,90.129835,15:02:28.923,0.002311
15:02:28.924,10.285446,15:02:28.924,90.079183,15:02:28.924,0.00264
15:02:28.925,10.21791,15:02:28.925,90.214255,15:02:28.925,0.004612
15:02:28.926,10.21791,15:02:28.926,90.315559,15:02:28.926,0.002311
15:02:28.927,10.234794,15:02:28.927,90.146719,15:02:28.927,0.002969
15:02:28.928,10.234794,15:02:28.928,90.096067,15:02:28.928,0.00264
15:02:28.929,10.352982,15:02:28.929,90.197371,15:02:28.929,0.003626
15:02:28.930,10.521822,15:02:28.930,90.315559,15:02:28.930,0.001325
15:02:28.931,10.741314,15:02:28.931,90.146719,15:02:28.931,0.00264
15:02:28.932,10.842618,15:02:28.932,90.045415,15:02:28.932,0.002311
15:02:28.933,11.112762,15:02:28.933,90.146719,15:02:28.933,0.000996
15:02:28.934,11.298486,15:02:28.934,90.129835,15:02:28.934,0.002969
15:02:28.935,11.619282,15:02:28.935,89.842807,15:02:28.935,0.002311
15:02:28.936,11.889426,15:02:28.936,89.657083,15:02:28.936,0.00264
15:02:28.937,12.024498,15:02:28.937,89.606431,15:02:28.937,0.003297
15:02:28.938,12.210222,15:02:28.938,89.690851,15:02:28.938,0.002969
15:02:28.939,12.345294,15:02:28.939,89.454476,15:02:28.939,0.003626
15:02:28.940,12.531018,15:02:28.940,89.38694,15:02:28.940,0.003626
15:02:28.941,12.615438,15:02:28.941,89.437592,15:02:28.941,0.002311
15:02:28.942,12.598554,15:02:28.942,89.488244,15:02:28.942,0.001982
15:02:28.943,12.547902,15:02:28.943,89.2181,15:02:28.943,0.00264
15:02:28.944,12.49725,15:02:28.944,89.201216,15:02:28.944,0.003626
15:02:28.945,12.429714,15:02:28.945,89.167448,15:02:28.945,0.004284
15:02:28.946,12.24399,15:02:28.946,89.38694,15:02:28.946,0.003297
15:02:28.947,12.142686,15:02:28.947,89.066144,15:02:28.947,0.00264
15:02:28.948,12.007614,15:02:28.948,89.083028,15:02:28.948,0.001653
15:02:28.949,11.838774,15:02:28.949,89.251868,15:02:28.949,0.003626
15:02:28.950,11.602398,15:02:28.950,89.285636,15:02:28.950,0.002311
15:02:28.951,11.382906,15:02:28.951,89.083028,15:02:28.951,0.00264
15:02:28.952,11.23095,15:02:28.952,89.167448,15:02:28.952,0.003626
15:02:28.953,10.927038,15:02:28.953,89.099912,15:02:28.953,0.001653
15:02:28.954,10.775082,15:02:28.954,89.268752,15:02:28.954,0.003626
15:02:28.955,10.656894,15:02:28.955,89.116796,15:02:28.955,0.002311
15:02:28.956,10.521822,15:02:28.956,88.998608,15:02:28.956,0.002969
15:02:28.957,10.488054,15:02:28.957,89.015492,15:02:28.957,0.001653
15:02:28.958,10.437402,15:02:28.958,89.099912,15:02:28.958,0.002969
15:02:28.959,10.336098,15:02:28.959,88.96484,15:02:28.959,0.003297
15:02:28.960,10.30233,15:02:28.960,88.88042,15:02:28.960,0.003297
15:02:28.961,10.285446,15:02:28.961,88.829768,15:02:28.961,0.003297
15:02:28.962,10.30233,15:02:28.962,88.829768,15:02:28.962,0.002311
15:02:28.963,10.30233,15:02:28.963,88.762232,15:02:28.963,0.002969
15:02:28.964,10.336098,15:02:28.964,88.390785,15:02:28.964,0.00264
15:02:28.965,10.352982,15:02:28.965,88.458321,15:02:28.965,0.001982
15:02:28.966,10.420518,15:02:28.966,88.88042,15:02:28.966,0.004284
15:02:28.967,10.572474,15:02:28.967,88.525856,15:02:28.967,0.002311
15:02:28.968,10.690662,15:02:28.968,88.424553,15:02:28.968,0.003297
15:02:28.969,10.690662,15:02:28.969,88.559624,15:02:28.969,0.002969
15:02:28.970,10.775082,15:02:28.970,88.981724,15:02:28.970,0.003955
15:02:28.971,10.80885,15:02:28.971,88.660928,15:02:28.971,0.002311
15:02:28.972,10.842618,15:02:28.972,88.525856,15:02:28.972,0.002311
15:02:28.973,10.943922,15:02:28.973,88.846652,15:02:28.973,0.00264
15:02:28.974,10.960806,15:02:28.974,89.2181,15:02:28.974,0.002311
15:02:28.975,11.06211,15:02:28.975,88.88042,15:02:28.975,0.003297
15:02:28.976,11.197182,15:02:28.976,88.796,15:02:28.976,0.003626
15:02:28.977,11.163414,15:02:28.977,88.897304,15:02:28.977,0.002969
15:02:28.978,11.112762,15:02:28.978,89.201216,15:02:28.978,0.00264
15:02:28.979,11.06211,15:02:28.979,88.846652,15:02:28.979,0.001982
15:02:28.980,11.06211,15:02:28.980,88.677812,15:02:28.980,0.003297
15:02:28.981,10.97769,15:02:28.981,88.610276,15:02:28.981,0.002311
15:02:28.982,10.943922,15:02:28.982,88.897304,15:02:28.982,0.003626
15:02:28.983,10.994574,15:02:28.983,88.62716,15:02:28.983,0.002311
15:02:28.984,10.910154,15:02:28.984,88.357017,15:02:28.984,0.004612
15:02:28.985,10.89327,15:02:28.985,88.340133,15:02:28.985,0.003297
15:02:28.986,10.927038,15:02:28.986,88.677812,15:02:28.986,0.002969
15:02:28.987,10.943922,15:02:28.987,88.255713,15:02:28.987,0.001653
15:02:28.988,10.876386,15:02:28.988,88.205061,15:02:28.988,0.001653
15:02:28.989,10.876386,15:02:28.989,88.188177,15:02:28.989,0.003297
15:02:28.990,10.80885,15:02:28.990,88.660928,15:02:28.990,0.004284
15:02:28.991,10.741314,15:02:28.991,88.323249,15:02:28.991,0.001982
15:02:28.992,10.707546,15:02:28.992,88.272597,15:02:28.992,0.00264
15:02:28.993,10.606242,15:02:28.993,88.306365,15:02:28.993,0.001325
15:02:28.994,10.55559,15:02:28.994,88.846652,15:02:28.994,0.002969
15:02:28.995,10.606242,15:02:28.995,88.593392,15:02:28.995,0.001653
15:02:28.996,10.55559,15:02:28.996,88.508972,15:02:28.996,0.003297
15:02:28.997,10.521822,15:02:28.997,88.525856,15:02:28.997,0.002969
15:02:28.998,10.47117,15:02:28.998,88.914188,15:02:28.998,0.00264
15:02:28.999,10.420518,15:02:28.999,88.610276,15:02:28.999,0.001982
15:02:29.000,10.454286,15:02:29.000,88.475205,15:02:29.000,0.000996
15:02:29.001,10.521822,15:02:29.001,88.340133,15:02:29.001,0.001653
15:02:29.002,10.420518,15:02:29.002,88.779116,15:02:29.002,0.001982
15:02:29.003,10.437402,15:02:29.003,88.458321,15:02:29.003,0.002969
15:02:29.004,10.521822,15:02:29.004,88.188177,15:02:29.004,0.003955
15:02:29.005,10.504938,15:02:29.005,88.154409,15:02:29.005,0.002311
15:02:29.006,10.521822,15:02:29.006,88.54274,15:02:29.006,0.002969
15:02:29.007,10.521822,15:02:29.007,88.340133,15:02:29.007,0.000996
15:02:29.008,10.521822,15:02:29.008,88.424553,15:02:29.008,0.00264
15:02:29.009,10.589358,15:02:29.009,88.407669,15:02:29.009,0.002969
15:02:29.010,10.64001,15:02:29.010,88.525856,15:02:29.010,0.003626
15:02:29.011,10.589358,15:02:29.011,88.492089,15:02:29.011,0.00264
15:02:29.012,10.673778,15:02:29.012,88.424553,15:02:29.012,0.000996
15:02:29.013,10.707546,15:02:29.013,88.458321,15:02:29.013,0.003955
15:02:29.014,10.690662,15:02:29.014,88.660928,15:02:29.014,0.00264
15:02:29.015,10.741314,15:02:29.015,88.694696,15:02:29.015,0.003626
15:02:29.016,10.775082,15:02:29.016,88.492089,15:02:29.016,0.002311
15:02:29.017,10.72443,15:02:29.017,88.525856,15:02:29.017,0.003626
15:02:29.018,10.80885,15:02:29.018,88.677812,15:02:29.018,0.00264
15:02:29.019,10.80885,15:02:29.019,88.644044,15:02:29.019,0.001653
15:02:29.020,10.825734,15:02:29.020,88.407669,15:02:29.020,0.003297
15:02:29.021,10.791966,15:02:29.021,88.323249,15:02:29.021,0.001653
15:02:29.022,10.758198,15:02:29.022,88.458321,15:02:29.022,0.001982
15:02:29.023,10.707546,15:02:29.023,88.373901,15:02:29.023,0.00264
15:02:29.024,10.656894,15:02:29.024,88.171293,15:02:29.024,0.002311
15:02:29.025,10.606242,15:02:29.025,88.053105,15:02:29.025,0.003297
15:02:29.026,10.589358,15:02:29.026,88.120641,15:02:29.026,0.002311
15:02:29.027,10.488054,15:02:29.027,88.069989,15:02:29.027,0.002969
15:02:29.028,10.488054,15:02:29.028,87.782961,15:02:29.028,0.001653
15:02:29.029,10.454286,15:02:29.029,87.732309,15:02:29.029,0.004284
15:02:29.030,10.454286,15:02:29.030,87.766077,15:02:29.030,0.003297
15:02:29.031,10.369866,15:02:29.031,87.833613,15:02:29.031,0.002311
15:02:29.032,10.336098,15:02:29.032,87.614121,15:02:29.032,0.001982
15:02:29.033,10.285446,15:02:29.033,87.597237,15:02:29.033,0.002969
15:02:29.034,10.336098,15:02:29.034,87.766077,15:02:29.034,0.001653
15:02:29.035,10.336098,15:02:29.035,87.867381,15:02:29.035,0.003626
15:02:29.036,10.251678,15:02:29.036,87.563469,15:02:29.036,0.003297
15:02:29.037,10.268562,15:02:29.037,87.631005,15:02:29.037,0.002969
15:02:29.038,10.234794,15:02:29.038,87.782961,15:02:29.038,0.001653
15:02:29.039,10.251678,15:02:29.039,87.799845,15:02:29.039,0.003955
15:02:29.040,10.268562,15:02:29.040,87.529701,15:02:29.040,0.00264
15:02:29.041,10.234794,15:02:29.041,87.715425,15:02:29.041,0.002969
15:02:29.042,10.150375,15:02:29.042,87.715425,15:02:29.042,0.002969
15:02:29.043,10.21791,15:02:29.043,87.799845,15:02:29.043,0.002311
15:02:29.044,10.184142,15:02:29.044,87.39463,15:02:29.044,0.00264
15:02:29.045,10.184142,15:02:29.045,87.377746,15:02:29.045,0.002311
15:02:29.046,10.21791,15:02:29.046,87.39463,15:02:29.046,0.001982
15:02:29.047,10.21791,15:02:29.047,87.445282,15:02:29.047,0.001653
15:02:29.048,10.150375,15:02:29.048,87.22579,15:02:29.048,0.001982
15:02:29.049,10.201026,15:02:29.049,87.158254,15:02:29.049,0.003626
15:02:29.050,10.201026,15:02:29.050,87.208906,15:02:29.050,0.002969
15:02:29.051,10.21791,15:02:29.051,87.259558,15:02:29.051,0.001982
15:02:29.052,10.268562,15:02:29.052,86.989414,15:02:29.052,0.001982
15:02:29.053,10.201026,15:02:29.053,86.837458,15:02:29.053,0.00264
15:02:29.054,10.268562,15:02:29.054,87.05695,15:02:29.054,0.00264
15:02:29.055,10.234794,15:02:29.055,87.107602,15:02:29.055,0.002969
15:02:29.056,10.336098,15:02:29.056,86.837458,15:02:29.056,0.003955
15:02:29.057,10.369866,15:02:29.057,86.736154,15:02:29.057,0.001982
15:02:29.058,10.30233,15:02:29.058,86.80369,15:02:29.058,0.003297
15:02:29.059,10.285446,15:02:29.059,86.921878,15:02:29.059,0.001653
15:02:29.060,10.184142,15:02:29.060,86.601082,15:02:29.060,0.003955
15:02:29.061,10.184142,15:02:29.061,86.533546,15:02:29.061,0.001982
15:02:29.062,10.150375,15:02:29.062,86.533546,15:02:29.062,0.003626
15:02:29.063,10.116607,15:02:29.063,86.567314,15:02:29.063,0.002311
15:02:29.064,10.150375,15:02:29.064,86.314055,15:02:29.064,0.002969
15:02:29.065,10.099723,15:02:29.065,86.229635,15:02:29.065,0.002969
15:02:29.066,10.015303,15:02:29.066,86.246519,15:02:29.066,0.002311
15:02:29.067,9.964651,15:02:29.067,86.314055,15:02:29.067,0.003626
15:02:29.068,9.981535,15:02:29.068,86.145215,15:02:29.068,0.002311
15:02:29.069,9.897115,15:02:29.069,86.178983,15:02:29.069,0.001653
15:02:29.070,9.880231,15:02:29.070,86.280287,15:02:29.070,0.003955
15:02:29.071,9.913999,15:02:29.071,86.263403,15:02:29.071,0.003297
15:02:29.072,9.846463,15:02:29.072,86.060795,15:02:29.072,0.004612
15:02:29.073,9.880231,15:02:29.073,86.077679,15:02:29.073,0.00264
15:02:29.074,9.795811,15:02:29.074,86.145215,15:02:29.074,0.005599
15:02:29.075,9.846463,15:02:29.075,86.229635,15:02:29.075,0.001982
15:02:29.076,9.863347,15:02:29.076,86.027027,15:02:29.076,0.002311
15:02:29.077,9.795811,15:02:29.077,85.976375,15:02:29.077,0.001325
15:02:29.078,9.762043,15:02:29.078,85.959491,15:02:29.078,0.002969
15:02:29.079,9.812695,15:02:29.079,86.145215,15:02:29.079,0.003297
15:02:29.080,9.880231,15:02:29.080,85.908839,15:02:29.080,0.003626
15:02:29.081,9.795811,15:02:29.081,85.841303,15:02:29.081,0.003626
15:02:29.082,9.897115,15:02:29.082,85.925723,15:02:29.082,0.001653
15:02:29.083,9.795811,15:02:29.083,86.060795,15:02:29.083,0.001325
15:02:29.084,9.880231,15:02:29.084,85.841303,15:02:29.084,0.003955
15:02:29.085,9.846463,15:02:29.085,85.773767,15:02:29.085,0.001982
15:02:29.086,9.897115,15:02:29.086,85.824419,15:02:29.086,0.002969
15:02:29.087,9.930883,15:02:29.087,85.925723,15:02:29.087,0.002311
15:02:29.088,9.947767,15:02:29.088,85.723115,15:02:29.088,0.004284
15:02:29.089,9.930883,15:02:29.089,85.655579,15:02:29.089,0.002969
15:02:29.090,9.930883,15:02:29.090,85.689347,15:02:29.090,0.003297
15:02:29.091,9.863347,15:02:29.091,85.824419,15:02:29.091,0.00264
15:02:29.092,9.913999,15:02:29.092,85.571159,15:02:29.092,0.000996
15:02:29.093,9.897115,15:02:29.093,85.419203,15:02:29.093,0.004284
15:02:29.094,9.998419,15:02:29.094,85.503623,15:02:29.094,0.003955
15:02:29.095,9.913999,15:02:29.095,85.588043,15:02:29.095,0.002969
15:02:29.096,9.897115,15:02:29.096,85.520507,15:02:29.096,0.003297
15:02:29.097,9.897115,15:02:29.097,85.334784,15:02:29.097,0.001325
15:02:29.098,9.981535,15:02:29.098,85.284132,15:02:29.098,0.003297
15:02:29.099,9.913999,15:02:29.099,85.452971,15:02:29.099,0.001982
15:02:29.100,9.880231,15:02:29.100,85.368552,15:02:29.100,0.002969
15:02:29.101,9.880231,15:02:29.101,85.334784,15:02:29.101,0.002969
15:02:29.102,9.778927,15:02:29.102,85.284132,15:02:29.102,0.002311
15:02:29.103,9.711391,15:02:29.103,85.351668,15:02:29.103,0.004284
15:02:29.104,9.711391,15:02:29.104,85.3179,15:02:29.104,0.001982
15:02:29.105,9.626971,15:02:29.105,85.165944,15:02:29.105,0.00264
15:02:29.106,9.559435,15:02:29.106,85.047756,15:02:29.106,0.00264
15:02:29.107,9.576319,15:02:29.107,85.3179,15:02:29.107,0.003626
15:02:29.108,9.525667,15:02:29.108,85.23348,15:02:29.108,0.003626
15:02:29.109,9.508783,15:02:29.109,85.14906,15:02:29.109,0.00264
15:02:29.110,9.491899,15:02:29.110,85.081524,15:02:29.110,0.00264
15:02:29.111,9.508783,15:02:29.111,85.301016,15:02:29.111,0.001653
15:02:29.112,9.475015,15:02:29.112,85.250364,15:02:29.112,0.001653
15:02:29.113,9.491899,15:02:29.113,85.182828,15:02:29.113,0.00264
15:02:29.114,9.576319,15:02:29.114,85.216596,15:02:29.114,0.001653
15:02:29.115,9.610087,15:02:29.115,85.40232,15:02:29.115,0.003626
15:02:29.116,9.610087,15:02:29.116,85.267248,15:02:29.116,0.002311
15:02:29.117,9.610087,15:02:29.117,85.182828,15:02:29.117,0.003955
15:02:29.118,9.643855,15:02:29.118,85.14906,15:02:29.118,0.001325
15:02:29.119,9.626971,15:02:29.119,85.385436,15:02:29.119,0.004612
15:02:29.120,9.626971,15:02:29.120,85.216596,15:02:29.120,0.00264
15:02:29.121,9.610087,15:02:29.121,84.98022,15:02:29.121,0.004284
15:02:29.122,9.593203,15:02:29.122,85.030872,15:02:29.122,0.001982
15:02:29.123,9.576319,15:02:29.123,85.216596,15:02:29.123,0.001982
15:02:29.124,9.559435,15:02:29.124,85.030872,15:02:29.124,0.003297
15:02:29.125,9.542551,15:02:29.125,84.946452,15:02:29.125,0.003955
15:02:29.126,9.542551,15:02:29.126,84.862032,15:02:29.126,0.002311
15:02:29.127,9.542551,15:02:29.127,85.047756,15:02:29.127,0.002969
15:02:29.128,9.542551,15:02:29.128,84.8958,15:02:29.128,0.002311
15:02:29.129,9.458131,15:02:29.129,84.862032,15:02:29.129,0.003297
15:02:29.130,9.424363,15:02:29.130,84.81138,15:02:29.130,0.003297
15:02:29.131,9.390595,15:02:29.131,84.997104,15:02:29.131,0.003297
15:02:29.132,9.475015,15:02:29.132,84.878916,15:02:29.132,0.001653
15:02:29.133,9.390595,15:02:29.133,84.81138,15:02:29.133,0.004941
15:02:29.134,9.390595,15:02:29.134,84.676308,15:02:29.134,0.002969
15:02:29.135,9.407479,15:02:29.135,84.878916,15:02:29.135,0.002311
15:02:29.136,9.407479,15:02:29.136,84.828264,15:02:29.136,0.001653
15:02:29.137,9.390595,15:02:29.137,84.575004,15:02:29.137,0.002311
15:02:29.138,9.339943,15:02:29.138,84.38928,15:02:29.138,0.002311
15:02:29.139,9.306175,15:02:29.139,84.490584,15:02:29.139,0.003955
15:02:29.140,9.323059,15:02:29.140,84.4737,15:02:29.140,0.003297
15:02:29.141,9.323059,15:02:29.141,84.169789,15:02:29.141,0.003297
15:02:29.142,9.221755,15:02:29.142,84.136021,15:02:29.142,0.002311
15:02:29.143,9.221755,15:02:29.143,84.406164,15:02:29.143,0.00264
15:02:29.144,9.204871,15:02:29.144,84.237325,15:02:29.144,0.00264
15:02:29.145,9.238639,15:02:29.145,84.051601,15:02:29.145,0.003626
15:02:29.146,9.187987,15:02:29.146,84.152905,15:02:29.146,0.002969
15:02:29.147,9.137335,15:02:29.147,84.4737,15:02:29.147,0.002311
15:02:29.148,9.120451,15:02:29.148,84.355512,15:02:29.148,0.003297
15:02:29.149,9.187987,15:02:29.149,84.051601,15:02:29.149,0.001325
15:02:29.150,9.171103,15:02:29.150,84.068485,15:02:29.150,0.001653
15:02:29.151,9.120451,15:02:29.151,84.4737,15:02:29.151,0.001653
15:02:29.152,9.137335,15:02:29.152,84.406164,15:02:29.152,0.002969
15:02:29.153,9.187987,15:02:29.153,84.000949,15:02:29.153,0.003297
15:02:29.154,9.171103,15:02:29.154,84.136021,15:02:29.154,0.003297
15:02:29.155,9.238639,15:02:29.155,84.38928,15:02:29.155,0.00264
15:02:29.156,9.187987,15:02:29.156,84.338629,15:02:29.156,0.002311
15:02:29.157,9.272407,15:02:29.157,83.984065,15:02:29.157,0.002311
15:02:29.158,9.238639,15:02:29.158,83.865877,15:02:29.158,0.00264
15:02:29.159,9.204871,15:02:29.159,84.271093,15:02:29.159,0.002969
15:02:29.160,9.204871,15:02:29.160,84.271093,15:02:29.160,0.003626
15:02:29.161,9.238639,15:02:29.161,83.815225,15:02:29.161,0.001982
15:02:29.162,9.204871,15:02:29.162,83.697037,15:02:29.162,0.002969
15:02:29.163,9.171103,15:02:29.163,84.102253,15:02:29.163,0.002311
15:02:29.164,9.171103,15:02:29.164,84.136021,15:02:29.164,0.00527
15:02:29.165,9.154219,15:02:29.165,83.730805,15:02:29.165,0.00264
15:02:29.166,9.171103,15:02:29.166,83.629501,15:02:29.166,0.003626
15:02:29.167,9.154219,15:02:29.167,83.899645,15:02:29.167,0.00264
15:02:29.168,9.154219,15:02:29.168,83.916529,15:02:29.168,0.002969
15:02:29.169,9.137335,15:02:29.169,83.612617,15:02:29.169,0.00264
15:02:29.170,9.086683,15:02:29.170,83.663269,15:02:29.170,0.001653
15:02:29.171,9.137335,15:02:29.171,83.832109,15:02:29.171,0.002969
15:02:29.172,9.154219,15:02:29.172,83.933413,15:02:29.172,0.00264
15:02:29.173,9.137335,15:02:29.173,83.528197,15:02:29.173,0.002311
15:02:29.174,9.069799,15:02:29.174,83.460661,15:02:29.174,0.003626
15:02:29.175,9.086683,15:02:29.175,83.663269,15:02:29.175,0.002311
15:02:29.176,9.019147,15:02:29.176,83.764573,15:02:29.176,0.003955
15:02:29.177,9.103567,15:02:29.177,83.680153,15:02:29.177,0.001982
15:02:29.178,9.019147,15:02:29.178,83.612617,15:02:29.178,0.004941
15:02:29.179,9.036031,15:02:29.179,83.713921,15:02:29.179,0.002311
15:02:29.180,9.002263,15:02:29.180,83.713921,15:02:29.180,0.00264
15:02:29.181,9.052915,15:02:29.181,83.561965,15:02:29.181,0.001653
15:02:29.182,8.951611,15:02:29.182,83.443777,15:02:29.182,0.00264
15:02:29.183,8.917843,15:02:29.183,83.595733,15:02:29.183,0.004612
15:02:29.184,8.900959,15:02:29.184,83.730805,15:02:29.184,0.003297
15:02:29.185,8.934727,15:02:29.185,83.595733,15:02:29.185,0.002311
15:02:29.186,8.951611,15:02:29.186,83.561965,15:02:29.186,0.002969
15:02:29.187,8.850307,15:02:29.187,83.578849,15:02:29.187,0.000338
15:02:29.188,8.799655,15:02:29.188,83.730805,15:02:29.188,0.003626
15:02:29.189,8.867191,15:02:29.189,83.426893,15:02:29.189,0.00264
15:02:29.190,8.833423,15:02:29.190,83.393125,15:02:29.190,0.003297
15:02:29.191,8.765887,15:02:29.191,83.325589,15:02:29.191,0.003626
15:02:29.192,8.833423,15:02:29.192,83.561965,15:02:29.192,0.001982
15:02:29.193,8.833423,15:02:29.193,83.325589,15:02:29.193,0.003297
15:02:29.194,8.816539,15:02:29.194,83.190518,15:02:29.194,0.002311
15:02:29.195,8.884075,15:02:29.195,83.274938,15:02:29.195,0.001982
15:02:29.196,8.833423,15:02:29.196,83.359357,15:02:29.196,0.001325
15:02:29.197,8.917843,15:02:29.197,83.190518,15:02:29.197,0.003297
15:02:29.198,8.850307,15:02:29.198,83.021678,15:02:29.198,0.004612
15:02:29.199,8.867191,15:02:29.199,83.055446,15:02:29.199,0.002969
15:02:29.200,8.833423,15:02:29.200,83.139866,15:02:29.200,0.003297
15:02:29.201,8.799655,15:02:29.201,82.971026,15:02:29.201,0.001653
15:02:29.202,8.749003,15:02:29.202,82.937258,15:02:29.202,0.001653
15:02:29.203,8.732119,15:02:29.203,82.835954,15:02:29.203,0.001982
15:02:29.204,8.715235,15:02:29.204,82.971026,15:02:29.204,0.00264
15:02:29.205,8.681467,15:02:29.205,82.785302,15:02:29.205,0.003626
15:02:29.206,8.715235,15:02:29.206,82.700882,15:02:29.206,0.001653
15:02:29.207,8.698351,15:02:29.207,82.683998,15:02:29.207,0.004612
15:02:29.208,8.664583,15:02:29.208,82.920374,15:02:29.208,0.001653
15:02:29.209,8.647699,15:02:29.209,82.717766,15:02:29.209,0.004612
15:02:29.210,8.630815,15:02:29.210,82.56581,15:02:29.210,0.002969
15:02:29.211,8.613931,15:02:29.211,82.548926,15:02:29.211,0.00264
15:02:29.212,8.630815,15:02:29.212,82.717766,15:02:29.212,0.001982
15:02:29.213,8.597047,15:02:29.213,82.599578,15:02:29.213,0.001653
15:02:29.214,8.630815,15:02:29.214,82.515158,15:02:29.214,0.00264
15:02:29.215,8.647699,15:02:29.215,82.48139,15:02:29.215,0.003955
15:02:29.216,8.647699,15:02:29.216,82.582694,15:02:29.216,0.001653
15:02:29.217,8.647699,15:02:29.217,82.582694,15:02:29.217,0.003626
15:02:29.218,8.647699,15:02:29.218,82.363202,15:02:29.218,0.001325
15:02:29.219,8.563279,15:02:29.219,82.31255,15:02:29.219,0.003297
15:02:29.220,8.597047,15:02:29.220,82.582694,15:02:29.220,0.003626
15:02:29.221,8.630815,15:02:29.221,82.39697,15:02:29.221,0.003626
15:02:29.222,8.597047,15:02:29.222,82.346318,15:02:29.222,0.00264
15:02:29.223,8.613931,15:02:29.223,82.295666,15:02:29.223,0.001982
15:02:29.224,8.529511,15:02:29.224,82.413854,15:02:29.224,0.003297
15:02:29.225,8.461975,15:02:29.225,82.31255,15:02:29.225,0.001653
15:02:29.226,8.580163,15:02:29.226,82.245014,15:02:29.226,0.003626
15:02:29.227,8.563279,15:02:29.227,82.194362,15:02:29.227,0.001982
15:02:29.228,8.495743,15:02:29.228,82.380086,15:02:29.228,0.002969
15:02:29.229,8.546395,15:02:29.229,82.31255,15:02:29.229,0.003626
15:02:29.230,8.495743,15:02:29.230,82.109943,15:02:29.230,0.001982
15:02:29.231,8.478859,15:02:29.231,82.211246,15:02:29.231,0.003955
15:02:29.232,8.529511,15:02:29.232,82.31255,15:02:29.232,0.001325
15:02:29.233,8.461975,15:02:29.233,82.278782,15:02:29.233,0.002311
15:02:29.234,8.512627,15:02:29.234,82.059291,15:02:29.234,0.00264
15:02:29.235,8.512627,15:02:29.235,82.126827,15:02:29.235,0.002311
15:02:29.236,8.478859,15:02:29.236,82.278782,15:02:29.236,0.004284
15:02:29.237,8.512627,15:02:29.237,82.093059,15:02:29.237,0.001982
15:02:29.238,8.529511,15:02:29.238,81.991755,15:02:29.238,0.003955
15:02:29.239,8.495743,15:02:29.239,81.907335,15:02:29.239,0.002311
15:02:29.240,8.461975,15:02:29.240,82.177479,15:02:29.240,0.004612
15:02:29.241,8.360671,15:02:29.241,82.025523,15:02:29.241,0.002969
15:02:29.242,8.394439,15:02:29.242,81.839799,15:02:29.242,0.001653
15:02:29.243,8.428207,15:02:29.243,81.822915,15:02:29.243,0.001653
15:02:29.244,8.360671,15:02:29.244,82.076175,15:02:29.244,0.002311
15:02:29.245,8.343787,15:02:29.245,82.042407,15:02:29.245,0.003297
15:02:29.246,8.360671,15:02:29.246,81.941103,15:02:29.246,0.003297
15:02:29.247,8.310019,15:02:29.247,81.991755,15:02:29.247,0.002311
15:02:29.248,8.259367,15:02:29.248,81.957987,15:02:29.248,0.002969
15:02:29.249,8.276251,15:02:29.249,81.873567,15:02:29.249,0.001325
15:02:29.250,8.377555,15:02:29.250,81.704727,15:02:29.250,0.003297
15:02:29.251,8.293135,15:02:29.251,81.687843,15:02:29.251,0.00264
15:02:29.252,8.259367,15:02:29.252,81.806031,15:02:29.252,0.003626
15:02:29.253,8.242483,15:02:29.253,81.941103,15:02:29.253,0.002969
15:02:29.254,8.276251,15:02:29.254,81.687843,15:02:29.254,0.002311
15:02:29.255,8.326903,15:02:29.255,81.502119,15:02:29.255,0.003626
15:02:29.256,8.259367,15:02:29.256,81.670959,15:02:29.256,0.001982
15:02:29.257,8.242483,15:02:29.257,81.687843,15:02:29.257,0.002969
15:02:29.258,8.326903,15:02:29.258,81.468351,15:02:29.258,0.002311
15:02:29.259,8.259367,15:02:29.259,81.468351,15:02:29.259,0.003626
15:02:29.260,8.242483,15:02:29.260,81.603423,15:02:29.260,0.003626
15:02:29.261,8.293135,15:02:29.261,81.620307,15:02:29.261,0.002311
15:02:29.262,8.191831,15:02:29.262,81.468351,15:02:29.262,0.002311
15:02:29.263,8.141179,15:02:29.263,81.434583,15:02:29.263,0.001325
15:02:29.264,8.191831,15:02:29.264,81.586539,15:02:29.264,0.002311
15:02:29.265,8.191831,15:02:29.265,81.569655,15:02:29.265,0.003626
15:02:29.266,8.174947,15:02:29.266,81.383931,15:02:29.266,0.001982
15:02:29.267,8.124295,15:02:29.267,81.333279,15:02:29.267,0.003626
15:02:29.268,8.141179,15:02:29.268,81.451467,15:02:29.268,0.002311
15:02:29.269,8.141179,15:02:29.269,81.502119,15:02:29.269,0.004284
15:02:29.270,8.056759,15:02:29.270,81.265743,15:02:29.270,0.001982
15:02:29.271,8.039875,15:02:29.271,81.265743,15:02:29.271,0.00527
15:02:29.272,8.039875,15:02:29.272,81.350163,15:02:29.272,0.00264
15:02:29.273,8.039875,15:02:29.273,81.333279,15:02:29.273,0.002311
15:02:29.274,8.039875,15:02:29.274,81.164439,15:02:29.274,0.001653
15:02:29.275,8.073643,15:02:29.275,81.130671,15:02:29.275,0.002311
15:02:29.276,8.039875,15:02:29.276,81.299511,15:02:29.276,0.002969
15:02:29.277,8.039875,15:02:29.277,81.383931,15:02:29.277,0.003955
15:02:29.278,8.039875,15:02:29.278,81.08002,15:02:29.278,0.002969
15:02:29.279,8.090527,15:02:29.279,81.08002,15:02:29.279,0.003626
15:02:29.280,7.989223,15:02:29.280,81.215091,15:02:29.280,0.001325
15:02:29.281,7.989223,15:02:29.281,81.282627,15:02:29.281,0.002969
15:02:29.282,7.972339,15:02:29.282,81.063136,15:02:29.282,0.002969
15:02:29.283,8.006107,15:02:29.283,80.82676,15:02:29.283,0.003297
15:02:29.284,8.022991,15:02:29.284,81.113787,15:02:29.284,0.003297
15:02:29.285,7.989223,15:02:29.285,81.063136,15:02:29.285,0.002311
15:02:29.286,7.921687,15:02:29.286,80.877412,15:02:29.286,0.00264
15:02:29.287,7.938571,15:02:29.287,80.82676,15:02:29.287,0.002311
15:02:29.288,7.972339,15:02:29.288,80.809876,15:02:29.288,0.001982
15:02:29.289,7.955455,15:02:29.289,80.843644,15:02:29.289,0.002969
15:02:29.290,7.955455,15:02:29.290,80.776108,15:02:29.290,0.002311
15:02:29.291,7.904803,15:02:29.291,80.708572,15:02:29.291,0.002969
15:02:29.292,7.955455,15:02:29.292,80.776108,15:02:29.292,0.003297
15:02:29.293,7.955455,15:02:29.293,80.944948,15:02:29.293,0.003297
15:02:29.294,7.904803,15:02:29.294,80.725456,15:02:29.294,0.00264
15:02:29.295,8.006107,15:02:29.295,80.607268,15:02:29.295,0.00264
15:02:29.296,7.938571,15:02:29.296,80.759224,15:02:29.296,0.003297
15:02:29.297,7.955455,15:02:29.297,80.776108,15:02:29.297,0.002311
15:02:29.298,8.006107,15:02:29.298,80.674804,15:02:29.298,0.003955
15:02:29.299,7.972339,15:02:29.299,80.556616,15:02:29.299,0.003955
15:02:29.300,7.887919,15:02:29.300,80.674804,15:02:29.300,0.002311
15:02:29.301,7.904803,15:02:29.301,80.809876,15:02:29.301,0.003297
15:02:29.302,7.837267,15:02:29.302,80.539732,15:02:29.302,0.001982
15:02:29.303,7.887919,15:02:29.303,80.539732,15:02:29.303,0.003297
15:02:29.304,7.837267,15:02:29.304,80.556616,15:02:29.304,0.001982
15:02:29.305,7.769731,15:02:29.305,80.65792,15:02:29.305,0.002311
15:02:29.306,7.769731,15:02:29.306,80.455312,15:02:29.306,0.00264
15:02:29.307,7.786615,15:02:29.307,80.421544,15:02:29.307,0.001982
15:02:29.308,7.685311,15:02:29.308,80.472196,15:02:29.308,0.00264
15:02:29.309,7.634659,15:02:29.309,80.556616,15:02:29.309,0.001325
15:02:29.310,7.702195,15:02:29.310,80.421544,15:02:29.310,0.003297
15:02:29.311,7.651543,15:02:29.311,80.387776,15:02:29.311,0.00264
15:02:29.312,7.685311,15:02:29.312,80.303356,15:02:29.312,0.002969
15:02:29.313,7.685311,15:02:29.313,80.455312,15:02:29.313,0.003626
15:02:29.314,7.668427,15:02:29.314,80.286472,15:02:29.314,0.001982
15:02:29.315,7.735963,15:02:29.315,80.252704,15:02:29.315,0.002969
15:02:29.316,7.719079,15:02:29.316,80.100748,15:02:29.316,0.002969
15:02:29.317,7.685311,15:02:29.317,80.23582,15:02:29.317,0.002311
15:02:29.318,7.769731,15:02:29.318,79.898141,15:02:29.318,0.002969
15:02:29.319,7.820383,15:02:29.319,79.813721,15:02:29.319,0.002969
15:02:29.320,7.752847,15:02:29.320,79.763069,15:02:29.320,0.00264
15:02:29.321,7.769731,15:02:29.321,80.117632,15:02:29.321,0.00264
15:02:29.322,7.752847,15:02:29.322,79.763069,15:02:29.322,0.002969
15:02:29.323,7.702195,15:02:29.323,79.661765,15:02:29.323,0.003955
15:02:29.324,7.719079,15:02:29.324,79.729301,15:02:29.324,0.003297
15:02:29.325,7.651543,15:02:29.325,80.033212,15:02:29.325,0.001653
15:02:29.326,7.702195,15:02:29.326,79.661765,15:02:29.326,0.00264
15:02:29.327,7.685311,15:02:29.327,79.509809,15:02:29.327,0.002311
15:02:29.328,7.685311,15:02:29.328,79.492925,15:02:29.328,0.003626
15:02:29.329,7.685311,15:02:29.329,79.898141,15:02:29.329,0.00264
15:02:29.330,7.668427,15:02:29.330,79.509809,15:02:29.330,0.003297
15:02:29.331,7.617775,15:02:29.331,79.425389,15:02:29.331,0.001982
15:02:29.332,7.617775,15:02:29.332,79.442273,15:02:29.332,0.002311
15:02:29.333,7.550239,15:02:29.333,79.830605,15:02:29.333,0.003626
15:02:29.334,7.584007,15:02:29.334,79.509809,15:02:29.334,0.001653
15:02:29.335,7.567123,15:02:29.335,79.425389,15:02:29.335,0.000996
15:02:29.336,7.584007,15:02:29.336,79.374737,15:02:29.336,0.00264
15:02:29.337,7.533355,15:02:29.337,79.712417,15:02:29.337,0.003297
15:02:29.338,7.550239,15:02:29.338,79.594229,15:02:29.338,0.002969
15:02:29.339,7.617775,15:02:29.339,79.374737,15:02:29.339,0.003626
15:02:29.340,7.516471,15:02:29.340,79.340969,15:02:29.340,0.003297
15:02:29.341,7.567123,15:02:29.341,79.712417,15:02:29.341,0.000996
15:02:29.342,7.550239,15:02:29.342,79.442273,15:02:29.342,0.003626
15:02:29.343,7.448935,15:02:29.343,79.155245,15:02:29.343,0.003626
15:02:29.344,7.432051,15:02:29.344,79.121477,15:02:29.344,0.002311
15:02:29.345,7.364515,15:02:29.345,79.340969,15:02:29.345,0.00264
15:02:29.346,7.381399,15:02:29.346,79.138361,15:02:29.346,0.001653
15:02:29.347,7.415167,15:02:29.347,78.901985,15:02:29.347,0.002311
15:02:29.348,7.347631,15:02:29.348,79.053941,15:02:29.348,0.001653
15:02:29.349,7.330747,15:02:29.349,79.307201,15:02:29.349,0.003955
15:02:29.350,7.246327,15:02:29.350,79.138361,15:02:29.350,0.003626
15:02:29.351,7.313863,15:02:29.351,78.952637,15:02:29.351,0.002969
15:02:29.352,7.364515,15:02:29.352,78.935753,15:02:29.352,0.002311
15:02:29.353,7.313863,15:02:29.353,79.307201,15:02:29.353,0.001325
15:02:29.354,7.330747,15:02:29.354,79.104593,15:02:29.354,0.002311
15:02:29.355,7.432051,15:02:29.355,78.969521,15:02:29.355,0.001653
15:02:29.356,7.381399,15:02:29.356,78.901985,15:02:29.356,0.003297
15:02:29.357,7.364515,15:02:29.357,79.290317,15:02:29.357,0.00264
15:02:29.358,7.415167,15:02:29.358,79.003289,15:02:29.358,0.003297
15:02:29.359,7.448935,15:02:29.359,78.851333,15:02:29.359,0.00264
15:02:29.360,7.415167,15:02:29.360,78.834449,15:02:29.360,0.002311
15:02:29.361,7.381399,15:02:29.361,79.172129,15:02:29.361,0.003297
15:02:29.362,7.313863,15:02:29.362,79.121477,15:02:29.362,0.002969
15:02:29.363,7.330747,15:02:29.363,79.003289,15:02:29.363,0.002969
15:02:29.364,7.296979,15:02:29.364,78.834449,15:02:29.364,0.002311
15:02:29.365,7.280095,15:02:29.365,79.003289,15:02:29.365,0.00264
15:02:29.366,7.280095,15:02:29.366,79.037057,15:02:29.366,0.002311
15:02:29.367,7.280095,15:02:29.367,78.834449,15:02:29.367,0.003297
15:02:29.368,7.229443,15:02:29.368,78.733146,15:02:29.368,0.002969
15:02:29.369,7.263211,15:02:29.369,79.003289,15:02:29.369,0.001982
15:02:29.370,7.229443,15:02:29.370,78.952637,15:02:29.370,0.003297
15:02:29.371,7.246327,15:02:29.371,78.75003,15:02:29.371,0.002969
15:02:29.372,7.161907,15:02:29.372,78.75003,15:02:29.372,0.002311
15:02:29.373,7.145023,15:02:29.373,79.020173,15:02:29.373,0.003626
15:02:29.374,7.145023,15:02:29.374,78.935753,15:02:29.374,0.003297
15:02:29.375,7.195675,15:02:29.375,78.733146,15:02:29.375,0.001982
15:02:29.376,7.212559,15:02:29.376,78.766914,15:02:29.376,0.002969
15:02:29.377,7.161907,15:02:29.377,78.885101,15:02:29.377,0.00264
15:02:29.378,7.145023,15:02:29.378,78.868217,15:02:29.378,0.00264
15:02:29.379,7.145023,15:02:29.379,78.631842,15:02:29.379,0.003626
15:02:29.380,7.111255,15:02:29.380,78.614958,15:02:29.380,0.002969
15:02:29.381,7.077487,15:02:29.381,78.716262,15:02:29.381,0.002311
15:02:29.382,7.060603,15:02:29.382,78.766914,15:02:29.382,0.001325
15:02:29.383,7.077487,15:02:29.383,78.58119,15:02:29.383,0.002311
15:02:29.384,7.111255,15:02:29.384,78.530538,15:02:29.384,0.00264
15:02:29.385,7.060603,15:02:29.385,78.648726,15:02:29.385,0.003955
15:02:29.386,7.026835,15:02:29.386,78.648726,15:02:29.386,0.003626
15:02:29.387,7.026835,15:02:29.387,78.513654,15:02:29.387,0.002311
15:02:29.388,7.043719,15:02:29.388,78.429234,15:02:29.388,0.003626
15:02:29.389,7.009951,15:02:29.389,78.564306,15:02:29.389,0.00264
15:02:29.390,7.026835,15:02:29.390,78.58119,15:02:29.390,0.002969
15:02:29.391,7.077487,15:02:29.391,78.446118,15:02:29.391,0.002969
15:02:29.392,7.094371,15:02:29.392,78.378582,15:02:29.392,0.003297
15:02:29.393,7.077487,15:02:29.393,78.479886,15:02:29.393,0.003955
15:02:29.394,7.077487,15:02:29.394,78.479886,15:02:29.394,0.004612
15:02:29.395,7.145023,15:02:29.395,78.260394,15:02:29.395,0.002969
15:02:29.396,7.094371,15:02:29.396,78.226626,15:02:29.396,0.003626
15:02:29.397,7.060603,15:02:29.397,78.32793,15:02:29.397,0.003297
15:02:29.398,7.094371,15:02:29.398,78.378582,15:02:29.398,0.001653
15:02:29.399,7.111255,15:02:29.399,78.311046,15:02:29.399,0.001325
15:02:29.400,7.145023,15:02:29.400,78.24351,15:02:29.400,0.002311
15:02:29.401,7.060603,15:02:29.401,78.311046,15:02:29.401,0.001325
15:02:29.402,7.009951,15:02:29.402,78.344814,15:02:29.402,0.003955
15:02:29.403,7.026835,15:02:29.403,78.192858,15:02:29.403,0.00264
15:02:29.404,6.976183,15:02:29.404,78.091554,15:02:29.404,0.003297
15:02:29.405,6.959299,15:02:29.405,78.192858,15:02:29.405,0.003297
15:02:29.406,6.976183,15:02:29.406,78.311046,15:02:29.406,0.003297
15:02:29.407,6.874879,15:02:29.407,78.040902,15:02:29.407,0.002311
15:02:29.408,6.925531,15:02:29.408,77.90583,15:02:29.408,0.001982
15:02:29.409,6.841111,15:02:29.409,77.99025,15:02:29.409,0.003297
15:02:29.410,6.874879,15:02:29.410,78.057786,15:02:29.410,0.00264
15:02:29.411,6.874879,15:02:29.411,77.888946,15:02:29.411,0.002969
15:02:29.412,6.857995,15:02:29.412,77.804526,15:02:29.412,0.001982
15:02:29.413,6.874879,15:02:29.413,77.956482,15:02:29.413,0.002311
15:02:29.414,6.807343,15:02:29.414,77.922714,15:02:29.414,0.001325
15:02:29.415,6.739807,15:02:29.415,77.82141,15:02:29.415,0.00264
15:02:29.416,6.807343,15:02:29.416,77.82141,15:02:29.416,0.003626
15:02:29.417,6.824227,15:02:29.417,77.753874,15:02:29.417,0.00264
15:02:29.418,6.756691,15:02:29.418,77.922714,15:02:29.418,0.00264
15:02:29.419,6.824227,15:02:29.419,77.855178,15:02:29.419,0.003297
15:02:29.420,6.807343,15:02:29.420,77.82141,15:02:29.420,0.002311
15:02:29.421,6.756691,15:02:29.421,77.922714,15:02:29.421,0.00264
15:02:29.422,6.706039,15:02:29.422,77.956482,15:02:29.422,0.001982
15:02:29.423,6.689155,15:02:29.423,77.922714,15:02:29.423,0.002311
15:02:29.424,6.773575,15:02:29.424,77.73699,15:02:29.424,0.003297
15:02:29.425,6.739807,15:02:29.425,77.73699,15:02:29.425,0.00264
15:02:29.426,6.807343,15:02:29.426,77.872062,15:02:29.426,0.002311
15:02:29.427,6.689155,15:02:29.427,77.635687,15:02:29.427,0.003955
15:02:29.428,6.655387,15:02:29.428,77.652571,15:02:29.428,0.003626
15:02:29.429,6.739807,15:02:29.429,77.500615,15:02:29.429,0.001325
15:02:29.430,6.672271,15:02:29.430,77.720106,15:02:29.430,0.002969
15:02:29.431,6.672271,15:02:29.431,77.483731,15:02:29.431,0.002969
15:02:29.432,6.689155,15:02:29.432,77.449963,15:02:29.432,0.002969
15:02:29.433,6.672271,15:02:29.433,77.534383,15:02:29.433,0.002311
15:02:29.434,6.689155,15:02:29.434,77.686338,15:02:29.434,0.00264
15:02:29.435,6.790459,15:02:29.435,77.483731,15:02:29.435,0.002311
15:02:29.436,6.773575,15:02:29.436,77.483731,15:02:29.436,0.001982
15:02:29.437,6.706039,15:02:29.437,77.449963,15:02:29.437,0.001982
15:02:29.438,6.739807,15:02:29.438,77.601919,15:02:29.438,0.001982
15:02:29.439,6.706039,15:02:29.439,77.449963,15:02:29.439,0.003955
15:02:29.440,6.638503,15:02:29.440,77.314891,15:02:29.440,0.003626
15:02:29.441,6.672271,15:02:29.441,77.314891,15:02:29.441,0.00264
15:02:29.442,6.638503,15:02:29.442,77.517499,15:02:29.442,0.00264
15:02:29.443,6.554084,15:02:29.443,77.298007,15:02:29.443,0.000996
15:02:29.444,6.587851,15:02:29.444,77.112283,15:02:29.444,0.003297
15:02:29.445,6.604735,15:02:29.445,77.095399,15:02:29.445,0.00264
15:02:29.446,6.587851,15:02:29.446,77.213587,15:02:29.446,0.001653
15:02:29.447,6.5372,15:02:29.447,77.179819,15:02:29.447,0.00264
15:02:29.448,6.5372,15:02:29.448,77.129167,15:02:29.448,0.001982
15:02:29.449,6.5372,15:02:29.449,76.994095,15:02:29.449,0.003297
15:02:29.450,6.435896,15:02:29.450,77.146051,15:02:29.450,0.003955
15:02:29.451,6.486548,15:02:29.451,77.078515,15:02:29.451,0.001653
15:02:29.452,6.570967,15:02:29.452,77.044747,15:02:29.452,0.003626
15:02:29.453,6.503432,15:02:29.453,76.977211,15:02:29.453,0.003297
15:02:29.454,6.469664,15:02:29.454,77.179819,15:02:29.454,0.004284
15:02:29.455,6.520316,15:02:29.455,77.061631,15:02:29.455,0.00264
15:02:29.456,6.520316,15:02:29.456,76.960327,15:02:29.456,0.001982
15:02:29.457,6.486548,15:02:29.457,77.010979,15:02:29.457,0.002969
15:02:29.458,6.503432,15:02:29.458,77.162935,15:02:29.458,0.002969
15:02:29.459,6.469664,15:02:29.459,77.061631,15:02:29.459,0.002969
15:02:29.460,6.469664,15:02:29.460,76.875907,15:02:29.460,0.003297
15:02:29.461,6.469664,15:02:29.461,76.842139,15:02:29.461,0.002969
15:02:29.462,6.419012,15:02:29.462,76.994095,15:02:29.462,0.003626
15:02:29.463,6.45278,15:02:29.463,76.875907,15:02:29.463,0.004284
15:02:29.464,6.435896,15:02:29.464,76.707067,15:02:29.464,0.003297
15:02:29.465,6.435896,15:02:29.465,76.757719,15:02:29.465,0.001982
15:02:29.466,6.385244,15:02:29.466,76.875907,15:02:29.466,0.004284
15:02:29.467,6.419012,15:02:29.467,76.740835,15:02:29.467,0.002969
15:02:29.468,6.45278,15:02:29.468,76.588879,15:02:29.468,0.001325
15:02:29.469,6.385244,15:02:29.469,76.571995,15:02:29.469,0.003297
15:02:29.470,6.435896,15:02:29.470,76.757719,15:02:29.470,0.002311
15:02:29.471,6.351476,15:02:29.471,76.639531,15:02:29.471,0.003626
15:02:29.472,6.351476,15:02:29.472,76.521343,15:02:29.472,0.003297
15:02:29.473,6.385244,15:02:29.473,76.470692,15:02:29.473,0.002969
15:02:29.474,6.419012,15:02:29.474,76.690183,15:02:29.474,0.002969
15:02:29.475,6.351476,15:02:29.475,76.622647,15:02:29.475,0.002311
15:02:29.476,6.402128,15:02:29.476,76.538227,15:02:29.476,0.003297
15:02:29.477,6.419012,15:02:29.477,76.504459,15:02:29.477,0.001653
15:02:29.478,6.351476,15:02:29.478,76.571995,15:02:29.478,0.002311
15:02:29.479,6.385244,15:02:29.479,76.571995,15:02:29.479,0.002969
15:02:29.480,6.334592,15:02:29.480,76.318736,15:02:29.480,0.002969
15:02:29.481,6.334592,15:02:29.481,76.301852,15:02:29.481,0.00264
15:02:29.482,6.300824,15:02:29.482,76.521343,15:02:29.482,0.001982
15:02:29.483,6.334592,15:02:29.483,76.504459,15:02:29.483,0.00264
15:02:29.484,6.250172,15:02:29.484,76.284968,15:02:29.484,0.00264
15:02:29.485,6.233288,15:02:29.485,76.149896,15:02:29.485,0.002311
15:02:29.486,6.233288,15:02:29.486,76.268084,15:02:29.486,0.003955
15:02:29.487,6.216404,15:02:29.487,76.149896,15:02:29.487,0.00264
15:02:29.488,6.250172,15:02:29.488,75.930404,15:02:29.488,0.00264
15:02:29.489,6.182636,15:02:29.489,75.947288,15:02:29.489,0.001982
15:02:29.490,6.19952,15:02:29.490,76.183664,15:02:29.490,0.00264
15:02:29.491,6.216404,15:02:29.491,76.099244,15:02:29.491,0.003297
15:02:29.492,6.233288,15:02:29.492,75.896636,15:02:29.492,0.00264
15:02:29.493,6.148868,15:02:29.493,75.778448,15:02:29.493,0.001325
15:02:29.494,6.131984,15:02:29.494,76.133012,15:02:29.494,0.002311
15:02:29.495,6.250172,15:02:29.495,76.031708,15:02:29.495,0.00264
15:02:29.496,6.250172,15:02:29.496,75.812216,15:02:29.496,0.002969
15:02:29.497,6.267056,15:02:29.497,75.778448,15:02:29.497,0.003297
15:02:29.498,6.182636,15:02:29.498,76.099244,15:02:29.498,0.002969
15:02:29.499,6.19952,15:02:29.499,76.048592,15:02:29.499,0.001982
15:02:29.500,6.267056,15:02:29.500,75.677144,15:02:29.500,0.00264
15:02:29.501,6.182636,15:02:29.501,75.710912,15:02:29.501,0.001325
15:02:29.502,6.182636,15:02:29.502,75.947288,15:02:29.502,0.002969
15:02:29.503,6.148868,15:02:29.503,75.91352,15:02:29.503,0.001982
15:02:29.504,6.148868,15:02:29.504,75.609608,15:02:29.504,0.003626
15:02:29.505,6.131984,15:02:29.505,75.643376,15:02:29.505,0.003955
15:02:29.506,6.1151,15:02:29.506,75.845984,15:02:29.506,0.003297
15:02:29.507,6.098216,15:02:29.507,75.879752,15:02:29.507,0.00264
15:02:29.508,6.1151,15:02:29.508,75.558956,15:02:29.508,0.005599
15:02:29.509,6.131984,15:02:29.509,75.390116,15:02:29.509,0.004284
15:02:29.510,6.03068,15:02:29.510,75.727796,15:02:29.510,0.002969
15:02:29.511,6.064448,15:02:29.511,75.66026,15:02:29.511,0.001325
15:02:29.512,6.047564,15:02:29.512,75.32258,15:02:29.512,0.002311
15:02:29.513,6.064448,15:02:29.513,75.356348,15:02:29.513,0.00264
15:02:29.514,6.013796,15:02:29.514,75.57584,15:02:29.514,0.003297
15:02:29.515,6.064448,15:02:29.515,75.710912,15:02:29.515,0.00264
15:02:29.516,6.1151,15:02:29.516,75.356348,15:02:29.516,0.00264
15:02:29.517,6.081332,15:02:29.517,75.305696,15:02:29.517,0.002311
15:02:29.518,6.131984,15:02:29.518,75.542072,15:02:29.518,0.00264
15:02:29.519,6.03068,15:02:29.519,75.643376,15:02:29.519,0.002311
15:02:29.520,6.03068,15:02:29.520,75.271929,15:02:29.520,0.002969
15:02:29.521,6.03068,15:02:29.521,75.170625,15:02:29.521,0.00264
15:02:29.522,5.996912,15:02:29.522,75.457652,15:02:29.522,0.002969
15:02:29.523,5.929376,15:02:29.523,75.57584,15:02:29.523,0.003955
15:02:29.524,5.996912,15:02:29.524,75.221277,15:02:29.524,0.00264
15:02:29.525,5.963144,15:02:29.525,75.136857,15:02:29.525,0.00264
15:02:29.526,5.895608,15:02:29.526,75.373232,15:02:29.526,0.003297
15:02:29.527,5.912492,15:02:29.527,75.423884,15:02:29.527,0.002311
15:02:29.528,5.929376,15:02:29.528,75.069321,15:02:29.528,0.002969
15:02:29.529,5.878724,15:02:29.529,75.001785,15:02:29.529,0.001982
15:02:29.530,5.878724,15:02:29.530,75.170625,15:02:29.530,0.00264
15:02:29.531,5.878724,15:02:29.531,75.390116,15:02:29.531,0.003297
15:02:29.532,5.86184,15:02:29.532,75.086205,15:02:29.532,0.00264
15:02:29.533,5.844956,15:02:29.533,75.035553,15:02:29.533,0.003297
15:02:29.534,5.878724,15:02:29.534,75.356348,15:02:29.534,0.002311
15:02:29.535,5.828072,15:02:29.535,75.390116,15:02:29.535,0.004612
15:02:29.536,5.929376,15:02:29.536,75.238161,15:02:29.536,0.003626
15:02:29.537,5.86184,15:02:29.537,75.136857,15:02:29.537,0.00264
15:02:29.538,5.929376,15:02:29.538,75.136857,15:02:29.538,0.003626
15:02:29.539,5.844956,15:02:29.539,75.288812,15:02:29.539,0.002311
15:02:29.540,5.912492,15:02:29.540,75.187509,15:02:29.540,0.002969
15:02:29.541,5.912492,15:02:29.541,75.187509,15:02:29.541,0.003297
15:02:29.542,5.828072,15:02:29.542,75.170625,15:02:29.542,0.002311
15:02:29.543,5.794304,15:02:29.543,75.238161,15:02:29.543,0.00264
15:02:29.544,5.828072,15:02:29.544,75.052437,15:02:29.544,0.00264
15:02:29.545,5.811188,15:02:29.545,75.035553,15:02:29.545,0.003297
15:02:29.546,5.828072,15:02:29.546,75.052437,15:02:29.546,0.002311
15:02:29.547,5.743652,15:02:29.547,75.187509,15:02:29.547,0.002311
15:02:29.548,5.77742,15:02:29.548,75.035553,15:02:29.548,0.002969
15:02:29.549,5.760536,15:02:29.549,74.917365,15:02:29.549,0.00264
15:02:29.550,5.743652,15:02:29.550,74.934249,15:02:29.550,0.003297
15:02:29.551,5.760536,15:02:29.551,75.119973,15:02:29.551,0.003297
15:02:29.552,5.709884,15:02:29.552,74.917365,15:02:29.552,0.002969
15:02:29.553,5.693,15:02:29.553,74.816061,15:02:29.553,0.002311
15:02:29.554,5.726768,15:02:29.554,74.816061,15:02:29.554,0.00264
15:02:29.555,5.726768,15:02:29.555,74.984901,15:02:29.555,0.001653
15:02:29.556,5.760536,15:02:29.556,74.849829,15:02:29.556,0.00264
15:02:29.557,5.760536,15:02:29.557,74.782293,15:02:29.557,0.00264
15:02:29.558,5.726768,15:02:29.558,74.765409,15:02:29.558,0.003626
15:02:29.559,5.760536,15:02:29.559,74.900481,15:02:29.559,0.003626
15:02:29.560,5.726768,15:02:29.560,74.680989,15:02:29.560,0.003297
15:02:29.561,5.659232,15:02:29.561,74.714757,15:02:29.561,0.00264
15:02:29.562,5.625464,15:02:29.562,74.697873,15:02:29.562,0.003626
15:02:29.563,5.693,15:02:29.563,74.799177,15:02:29.563,0.001982
15:02:29.564,5.659232,15:02:29.564,74.579685,15:02:29.564,0.003626
15:02:29.565,5.625464,15:02:29.565,74.512149,15:02:29.565,0.002311
15:02:29.566,5.625464,15:02:29.566,74.545917,15:02:29.566,0.000996
15:02:29.567,5.557928,15:02:29.567,74.613453,15:02:29.567,0.003626
15:02:29.568,5.591696,15:02:29.568,74.495265,15:02:29.568,0.00264
15:02:29.569,5.557928,15:02:29.569,74.410845,15:02:29.569,0.003297
15:02:29.570,5.60858,15:02:29.570,74.478381,15:02:29.570,0.000338
15:02:29.571,5.52416,15:02:29.571,74.680989,15:02:29.571,0.003297
15:02:29.572,5.591696,15:02:29.572,74.579685,15:02:29.572,0.00264
15:02:29.573,5.591696,15:02:29.573,74.495265,15:02:29.573,0.003955
15:02:29.574,5.557928,15:02:29.574,74.326425,15:02:29.574,0.003955
15:02:29.575,5.642348,15:02:29.575,74.579685,15:02:29.575,0.002311
15:02:29.576,5.60858,15:02:29.576,74.461497,15:02:29.576,0.003626
15:02:29.577,5.52416,15:02:29.577,74.360193,15:02:29.577,0.002311
15:02:29.578,5.625464,15:02:29.578,74.393961,15:02:29.578,0.002311
15:02:29.579,5.591696,15:02:29.579,74.562801,15:02:29.579,0.005928
15:02:29.580,5.591696,15:02:29.580,74.360193,15:02:29.580,1.457903
15:02:29.581,5.60858,15:02:29.581,74.292657,15:02:29.581,7.142484
15:02:29.582,5.507276,15:02:29.582,74.242005,15:02:29.582,8.487587
15:02:29.583,5.52416,15:02:29.583,74.410845,15:02:29.583,8.514548
15:02:29.584,5.591696,15:02:29.584,74.377077,15:02:29.584,8.546441
15:02:29.585,5.60858,15:02:29.585,74.090049,15:02:29.585,8.66152
15:02:29.586,5.52416,15:02:29.586,74.157585,15:02:29.586,8.708209
15:02:29.587,5.372204,15:02:29.587,74.208237,15:02:29.587,8.724648
15:02:29.588,5.287784,15:02:29.588,74.157585,15:02:29.588,8.741417
15:02:29.589,5.254016,15:02:29.589,74.039398,15:02:29.589,8.756541
15:02:29.590,5.389088,15:02:29.590,74.039398,15:02:29.590,8.709524
15:02:29.591,5.473508,15:02:29.591,74.174469,15:02:29.591,8.690782
15:02:29.592,5.77742,15:02:29.592,74.039398,15:02:29.592,8.709524
15:02:29.593,6.621619,15:02:29.593,73.988746,15:02:29.593,8.780872
15:02:29.594,7.786615,15:02:29.594,73.92121,15:02:29.594,8.778571
15:02:29.595,9.829579,15:02:29.595,74.022514,15:02:29.595,8.767392
15:02:29.596,13.611593,15:02:29.596,74.073165,15:02:29.596,8.725964
15:02:29.597,20.652219,15:02:29.597,74.022514,15:02:29.597,8.689467
15:02:29.598,29.263056,15:02:29.598,74.056282,15:02:29.598,8.695714
15:02:29.599,38.042732,15:02:29.599,74.275773,15:02:29.599,8.764433
15:02:29.600,47.075668,15:02:29.600,74.242005,15:02:29.600,8.77068
15:02:29.601,56.56447,15:02:29.601,74.090049,15:02:29.601,8.785147
15:02:29.602,66.390951,15:02:29.602,74.123817,15:02:29.602,8.749966
15:02:29.603,75.964172,15:02:29.603,74.275773,15:02:29.603,8.698345
15:02:29.604,85.199712,15:02:29.604,74.275773,15:02:29.604,8.695386
15:02:29.605,94.587206,15:02:29.605,74.106933,15:02:29.605,8.770351
15:02:29.606,104.143539,15:02:29.606,74.073165,15:02:29.606,8.774625
15:02:29.607,113.429728,15:02:29.607,73.92121,15:02:29.607,8.760158
15:02:29.608,121.179473,15:02:29.608,73.651066,15:02:29.608,8.741088
15:02:29.609,125.079671,15:02:29.609,73.549762,15:02:29.609,8.688481
15:02:29.610,124.201704,15:02:29.610,73.617298,15:02:29.610,8.673685
15:02:29.611,121.331428,15:02:29.611,73.853674,15:02:29.611,8.74043
15:02:29.612,116.671451,15:02:29.612,74.123817,15:02:29.612,8.750294
15:02:29.613,106.94628,15:02:29.613,74.00563,15:02:29.613,8.749966
15:02:29.614,97.558787,15:02:29.614,74.106933,15:02:29.614,8.739115
15:02:29.615,92.61178,15:02:29.615,74.275773,15:02:29.615,8.682891
15:02:29.616,83.967181,15:02:29.616,74.326425,15:02:29.616,8.650998
15:02:29.617,72.418535,15:02:29.617,73.684834,15:02:29.617,8.723004
15:02:29.618,64.060961,15:02:29.618,74.208237,15:02:29.618,8.755226
15:02:29.619,58.134681,15:02:29.619,74.360193,15:02:29.619,8.762131
15:02:29.620,54.352667,15:02:29.620,74.393961,15:02:29.620,8.766734
15:02:29.621,54.217596,15:02:29.621,74.073165,15:02:29.621,8.733526
15:02:29.622,57.577509,15:02:29.622,74.140701,15:02:29.622,8.689796
15:02:29.623,64.297337,15:02:29.623,74.292657,15:02:29.623,8.681576
15:02:29.624,72.350999,15:02:29.624,74.495265,15:02:29.624,8.762789
15:02:29.625,80.691688,15:02:29.625,74.495265,15:02:29.625,8.774625
15:02:29.626,89.2181,15:02:29.626,74.680989,15:02:29.626,8.775612
15:02:29.627,96.883428,15:02:29.627,75.052437,15:02:29.627,8.779886
15:02:29.628,101.256379,15:02:29.628,75.339464,15:02:29.628,8.720703
15:02:29.629,102.370721,15:02:29.629,75.373232,15:02:29.629,8.668096
15:02:29.630,102.573329,15:02:29.630,75.57584,15:02:29.630,8.694728
15:02:29.631,101.746014,15:02:29.631,75.8291,15:02:29.631,8.742403
15:02:29.632,99.280953,15:02:29.632,75.99794,15:02:29.632,8.756213
15:02:29.633,96.410676,15:02:29.633,75.862868,15:02:29.633,8.771008
15:02:29.634,95.127494,15:02:29.634,75.795332,15:02:29.634,8.705907
15:02:29.635,96.208068,15:02:29.635,76.116128,15:02:29.635,8.696372
15:02:29.636,98.639362,15:02:29.636,76.403156,15:02:29.636,8.680919
15:02:29.637,100.935583,15:02:29.637,76.352504,15:02:29.637,8.756541
15:02:29.638,103.231804,15:02:29.638,76.504459,15:02:29.638,8.750294
15:02:29.639,105.257882,15:02:29.639,76.740835,15:02:29.639,8.759172
15:02:29.640,107.587871,15:02:29.640,76.960327,15:02:29.640,8.759172
15:02:29.641,108.617794,15:02:29.641,76.960327,15:02:29.641,8.697687
15:02:29.642,106.794324,15:02:29.642,77.146051,15:02:29.642,8.660533
15:02:29.643,105.815053,15:02:29.643,77.585035,15:02:29.643,8.674014
15:02:29.644,104.734479,15:02:29.644,77.922714,15:02:29.644,8.735827
15:02:29.645,102.809705,15:02:29.645,78.040902,15:02:29.645,8.750294
15:02:29.646,102.184998,15:02:29.646,78.209742,15:02:29.646,8.745362
15:02:29.647,104.025352,15:02:29.647,78.66561,15:02:29.647,8.695386
15:02:29.648,108.871054,15:02:29.648,79.256549,15:02:29.648,8.663164
15:02:29.649,115.253197,15:02:29.649,79.611113,15:02:29.649,8.679603
15:02:29.650,122.108091,15:02:29.650,80.387776,15:02:29.650,8.738129
15:02:29.651,128.000598,15:02:29.651,81.400815,15:02:29.651,8.745034
15:02:29.652,132.407315,15:02:29.652,82.751534,15:02:29.652,8.74043
15:02:29.653,135.125635,15:02:29.653,84.136021,15:02:29.653,8.743718
15:02:29.654,135.851645,15:02:29.654,85.908839,15:02:29.654,8.716757
15:02:29.655,134.771071,15:02:29.655,87.968685,15:02:29.655,8.668424
15:02:29.656,133.032022,15:02:29.656,90.180487,15:02:29.656,8.672699
15:02:29.657,128.962985,15:02:29.657,91.514321,15:02:29.657,8.725964
15:02:29.658,125.484886,15:02:29.658,91.733813,15:02:29.658,8.755226
15:02:29.659,120.875561,15:02:29.659,90.61947,15:02:29.659,8.746678
15:02:29.660,117.26239,15:02:29.660,90.146719,15:02:29.660,8.736814
15:02:29.661,114.71291,15:02:29.661,90.264907,15:02:29.661,8.729909
15:02:29.662,114.814214,15:02:29.662,90.822078,15:02:29.662,8.670726
15:02:29.663,117.481882,15:02:29.663,91.227294,15:02:29.663,8.647053
15:02:29.664,120.841793,15:02:29.664,91.446786,15:02:29.664,8.651327
15:02:29.665,123.340622,15:02:29.665,91.075338,15:02:29.665,8.708866
15:02:29.666,125.704378,15:02:29.666,91.024686,15:02:29.666,8.711168
15:02:29.667,127.173284,15:02:29.667,90.940266,15:02:29.667,8.714127
15:02:29.668,127.662919,15:02:29.668,91.058454,15:02:29.668,8.72136
15:02:29.669,125.957638,15:02:29.669,91.666277,15:02:29.669,8.706893
15:02:29.670,122.935406,15:02:29.670,93.135184,15:02:29.670,8.649025
15:02:29.671,119.220932,15:02:29.671,94.367714,15:02:29.671,8.631928
15:02:29.672,115.962324,15:02:29.672,95.701549,15:02:29.672,8.668096
15:02:29.673,111.217927,15:02:29.673,95.498941,15:02:29.673,8.753911
15:02:29.674,108.499606,15:02:29.674,94.317063,15:02:29.674,8.75161
15:02:29.675,106.69302,15:02:29.675,92.594896,15:02:29.675,8.733526
15:02:29.676,108.448954,15:02:29.676,91.29483,15:02:29.676,1.798209
15:02:29.677,110.728291,15:02:29.677,90.78831,15:02:29.677,1.334932
15:02:29.678,113.733639,15:02:29.678,91.277946,15:02:29.678,0.912755
15:02:29.679,117.43123,15:02:29.679,91.784465,15:02:29.679,0.586586
15:02:29.680,120.959981,15:02:29.680,92.578012,15:02:29.680,0.30086
15:02:29.681,121.38208,15:02:29.681,93.253372,15:02:29.681,0.063796
15:02:29.682,121.365196,15:02:29.682,94.401482,15:02:29.682,-0.045036
15:02:29.683,119.879407,15:02:29.683,95.144378,15:02:29.683,-0.066408
15:02:29.684,117.194854,15:02:29.684,96.208068,15:02:29.684,-0.066737
15:02:29.685,113.007628,15:02:29.685,96.866544,15:02:29.685,-0.061147
15:02:29.686,109.377573,15:02:29.686,98.048422,15:02:29.686,-0.053256
15:02:29.687,105.20723,15:02:29.687,99.297837,15:02:29.687,-0.043392
15:02:29.688,101.914854,15:02:29.688,100.749859,15:02:29.688,-0.023664
15:02:29.689,97.491251,15:02:29.689,102.269418,15:02:29.689,-0.006895
15:02:29.690,95.482057,15:02:29.690,102.759053,15:02:29.690,0.000996
15:02:29.691,94.030035,15:02:29.691,101.948622,15:02:29.691,0.001653
15:02:29.692,92.544244,15:02:29.692,101.003119,15:02:29.692,0.002969
15:02:29.693,88.779116,15:02:29.693,98.740666,15:02:29.693,0.004284
15:02:29.694,83.15675,15:02:29.694,97.525019,15:02:29.694,0.003297
15:02:29.695,77.99025,15:02:29.695,97.339295,15:02:29.695,0.002311
15:02:29.696,73.971862,15:02:29.696,98.75755,15:02:29.696,0.002311
15:02:29.697,70.088545,15:02:29.697,99.416025,15:02:29.697,0.003955
15:02:29.698,66.931239,15:02:29.698,99.922544,15:02:29.698,0.00264
15:02:29.699,64.922044,15:02:29.699,100.260224,15:02:29.699,0.003297
15:02:29.700,64.179149,15:02:29.700,100.682323,15:02:29.700,0.000996
15:02:29.701,64.398641,15:02:29.701,100.108268,15:02:29.701,0.003297
15:02:29.702,64.922044,15:02:29.702,99.584865,15:02:29.702,0.00264
15:02:29.703,65.192188,15:02:29.703,99.652401,15:02:29.703,0.00264
15:02:29.704,65.445448,15:02:29.704,101.374567,15:02:29.704,0.003626
15:02:29.705,65.107768,15:02:29.705,102.691517,15:02:29.705,0.002969
15:02:29.706,64.820741,15:02:29.706,103.012313,15:02:29.706,0.003297
15:02:29.707,64.533713,15:02:29.707,102.657749,15:02:29.707,0.00264
15:02:29.708,63.773933,15:02:29.708,102.978545,15:02:29.708,0.002969
15:02:29.709,61.342639,15:02:29.709,103.046081,15:02:29.709,0.00264
15:02:29.710,58.624317,15:02:29.710,102.725285,15:02:29.710,0.003297
15:02:29.711,56.007298,15:02:29.711,102.134346,15:02:29.711,0.001325
15:02:29.712,53.592888,15:02:29.712,102.438257,15:02:29.712,0.001982
15:02:29.713,50.857682,15:02:29.713,102.911009,15:02:29.713,0.003297
15:02:29.714,48.156243,15:02:29.714,103.400644,15:02:29.714,0.002311
15:02:29.715,46.130164,15:02:29.715,103.772092,15:02:29.715,0.003297
15:02:29.716,44.441765,15:02:29.716,104.092887,15:02:29.716,0.00264
15:02:29.717,43.53003,15:02:29.717,103.349992,15:02:29.717,0.002311
15:02:29.718,43.209234,15:02:29.718,102.218766,15:02:29.718,0.00264
15:02:29.719,42.837786,15:02:29.719,101.155075,15:02:29.719,0.004284
15:02:29.720,42.51699,15:02:29.720,100.851163,15:02:29.720,0.00264
15:02:29.721,41.807862,15:02:29.721,100.749859,15:02:29.721,0.00264
15:02:29.722,41.183155,15:02:29.722,101.391451,15:02:29.722,0.003297
15:02:29.723,40.642867,15:02:29.723,102.06681,15:02:29.723,0.003297
15:02:29.724,40.220767,15:02:29.724,102.809705,15:02:29.724,0.002311
15:02:29.725,39.646711,15:02:29.725,103.079849,15:02:29.725,0.002969
15:02:29.726,39.460988,15:02:29.726,103.21492,15:02:29.726,0.00264
15:02:29.727,39.612943,15:02:29.727,103.349992,15:02:29.727,0.00264
15:02:29.728,39.866203,15:02:29.728,103.586368,15:02:29.728,0.00264
15:02:29.729,40.220767,15:02:29.729,103.38376,15:02:29.729,0.002311
15:02:29.730,40.237651,15:02:29.730,103.198037,15:02:29.730,0.002969
15:02:29.731,40.288303,15:02:29.731,103.265572,15:02:29.731,0.00264
15:02:29.732,40.305187,15:02:29.732,103.417528,15:02:29.732,0.002311
15:02:29.733,40.186999,15:02:29.733,103.130501,15:02:29.733,0.003626
15:02:29.734,39.815551,15:02:29.734,102.252534,15:02:29.734,0.003297
15:02:29.735,39.376568,15:02:29.735,101.442103,15:02:29.735,0.00264
15:02:29.736,38.684324,15:02:29.736,100.952467,15:02:29.736,0.002311
15:02:29.737,38.008964,15:02:29.737,100.479716,15:02:29.737,0.002311
15:02:29.738,37.350489,15:02:29.738,100.260224,15:02:29.738,0.004284
15:02:29.739,36.742665,15:02:29.739,100.344644,15:02:29.739,0.003955
15:02:29.740,35.678973,15:02:29.740,100.699207,15:02:29.740,0.002969
15:02:29.741,32.606087,15:02:29.741,101.070655,15:02:29.741,0.00264
15:02:29.742,26.375893,15:02:29.742,100.901815,15:02:29.742,0.004941
15:02:29.743,19.926207,15:02:29.743,100.682323,15:02:29.743,0.00264
15:02:29.744,14.084345,15:02:29.744,100.58102,15:02:29.744,0.003626
15:02:29.745,8.141179,15:02:29.745,100.15892,15:02:29.745,0.001982
15:02:29.746,2.029173,15:02:29.746,99.584865,15:02:29.746,0.002311
15:02:29.747,-2.445086,15:02:29.747,99.264069,15:02:29.747,0.00264
15:02:29.748,-3.356822,15:02:29.748,99.432909,15:02:29.748,0.002969
15:02:29.749,-3.39059,15:02:29.749,99.449793,15:02:29.749,0.003297
15:02:29.750,-3.39059,15:02:29.750,99.230301,15:02:29.750,0.002969
15:02:29.751,-3.407474,15:02:29.751,99.247185,15:02:29.751,0.003297
15:02:29.752,-3.407474,15:02:29.752,99.196533,15:02:29.752,0.002969
15:02:29.753,-3.407474,15:02:29.753,99.179649,15:02:29.753,0.00264
15:02:29.754,-3.407474,15:02:29.754,98.926389,15:02:29.754,0.00264
15:02:29.755,-3.407474,15:02:29.755,98.909505,15:02:29.755,0.001982
15:02:29.756,-3.373706,15:02:29.756,99.128997,15:02:29.756,0.00264
15:02:29.757,-3.356822,15:02:29.757,99.348489,15:02:29.757,0.003626
15:02:29.758,-3.255518,15:02:29.758,99.145881,15:02:29.758,0.00264
15:02:29.759,-2.478854,15:02:29.759,98.926389,15:02:29.759,0.001982
15:02:29.760,-0.013791,15:02:29.760,98.825086,15:02:29.760,0.001653
15:02:29.761,3.531848,15:02:29.761,98.41987,15:02:29.761,0.002311
15:02:29.762,7.533355,15:02:29.762,97.609439,15:02:29.762,0.00264
15:02:29.763,11.467326,15:02:29.763,97.035384,15:02:29.763,0.001982
15:02:29.764,15.215573,15:02:29.764,96.714588,15:02:29.764,0.002311
15:02:29.765,18.474184,15:02:29.765,96.495096,15:02:29.765,0.004612
15:02:29.766,21.175623,15:02:29.766,96.022345,15:02:29.766,0.002311
15:02:29.767,23.184818,15:02:29.767,95.718433,15:02:29.767,0.002311
15:02:29.768,24.50177,15:02:29.768,95.549593,15:02:29.768,0.001325
15:02:29.769,24.991406,15:02:29.769,95.414521,15:02:29.769,0.003626
15:02:29.770,24.822566,15:02:29.770,95.076842,15:02:29.770,0.003955
15:02:29.771,24.029018,15:02:29.771,94.94177,15:02:29.771,0.002969
15:02:29.772,22.81337,15:02:29.772,94.94177,15:02:29.772,0.00264
15:02:29.773,21.175623,15:02:29.773,95.093726,15:02:29.773,0.003626
15:02:29.774,19.3015,15:02:29.774,94.908002,15:02:29.774,0.003955
15:02:29.775,17.224768,15:02:29.775,95.043074,15:02:29.775,0.00264
15:02:29.776,15.012965,15:02:29.776,95.093726,15:02:29.776,0.00264
15:02:29.777,12.615438,15:02:29.777,95.245682,15:02:29.777,0.002311
15:02:29.778,10.049071,15:02:29.778,94.891118,15:02:29.778,0.002969
15:02:29.779,7.533355,15:02:29.779,94.68851,15:02:29.779,0.00264
15:02:29.780,5.085176,15:02:29.780,94.68851,15:02:29.780,0.00264
15:02:29.781,2.856488,15:02:29.781,94.68851,15:02:29.781,0.002969
15:02:29.782,0.999249,15:02:29.782,94.198875,15:02:29.782,0.00527
15:02:29.783,-0.537195,15:02:29.783,94.030035,15:02:29.783,0.003297
15:02:29.784,-1.550234,15:02:29.784,94.013151,15:02:29.784,0.002311
15:02:29.785,-2.141174,15:02:29.785,93.996267,15:02:29.785,0.003297
15:02:29.786,-2.394434,15:02:29.786,93.523515,15:02:29.786,0.002311
15:02:29.787,-2.394434,15:02:29.787,93.270256,15:02:29.787,0.004612
15:02:29.788,-2.310014,15:02:29.788,93.185836,15:02:29.788,0.00527
15:02:29.789,-1.95545,15:02:29.789,93.050764,15:02:29.789,0.00264
15:02:29.790,-1.195671,15:02:29.790,92.628664,15:02:29.790,0.004284
15:02:29.791,0.036861,15:02:29.791,92.409173,15:02:29.791,0.001325
15:02:29.792,1.573305,15:02:29.792,92.307869,15:02:29.792,0.000996
15:02:29.793,3.227936,15:02:29.793,92.493592,15:02:29.793,0.001982
15:02:29.794,5.034524,15:02:29.794,92.206565,15:02:29.794,0.002311
15:02:29.795,7.077487,15:02:29.795,92.054609,15:02:29.795,0.00264
15:02:29.796,9.204871,15:02:29.796,92.139029,15:02:29.796,0.002311
15:02:29.797,11.366022,15:02:29.797,92.274101,15:02:29.797,0.002311
15:02:29.798,13.392102,15:02:29.798,92.392289,15:02:29.798,0.001653
15:02:29.799,15.198689,15:02:29.799,92.476708,15:02:29.799,0.002311
15:02:29.800,16.85332,15:02:29.800,92.662432,15:02:29.800,0.003955
15:02:29.801,18.254692,15:02:29.801,92.94946,15:02:29.801,0.003297
15:02:29.802,19.098892,15:02:29.802,92.746852,15:02:29.802,0.002311
15:02:29.803,19.520992,15:02:29.803,92.61178,15:02:29.803,0.001982
15:02:29.804,19.504108,15:02:29.804,92.476708,15:02:29.804,0.002969
15:02:29.805,19.504108,15:02:29.805,92.561128,15:02:29.805,0.002969
15:02:29.806,19.183312,15:02:29.806,91.987073,15:02:29.806,0.002969
15:02:29.807,18.187156,15:02:29.807,91.700045,15:02:29.807,0.003626
15:02:29.808,16.971508,15:02:29.808,91.396134,15:02:29.808,0.003626
15:02:29.809,16.346801,15:02:29.809,91.413018,15:02:29.809,0.003297
15:02:29.810,15.451949,15:02:29.810,91.092222,15:02:29.810,0.002969
15:02:29.811,13.17261,15:02:29.811,90.838962,15:02:29.811,0.002311
15:02:29.812,10.876386,15:02:29.812,90.838962,15:02:29.812,0.001653
15:02:29.813,8.850307,15:02:29.813,91.244178,15:02:29.813,0.003297
15:02:29.814,6.773575,15:02:29.814,91.362366,15:02:29.814,0.00264
15:02:29.815,5.642348,15:02:29.815,91.362366,15:02:29.815,0.00264
15:02:29.816,5.051408,15:02:29.816,91.733813,15:02:29.816,0.003955
15:02:29.817,4.17344,15:02:29.817,92.476708,15:02:29.817,0.002311
15:02:29.818,3.717572,15:02:29.818,92.662432,15:02:29.818,0.00264
15:02:29.819,3.32924,15:02:29.819,92.814388,15:02:29.819,0.000667
15:02:29.820,2.805836,15:02:29.820,92.86504,15:02:29.820,0.001325
15:02:29.821,2.046057,15:02:29.821,93.185836,15:02:29.821,0.003297
15:02:29.822,1.353813,15:02:29.822,93.067648,15:02:29.822,0.002969
15:02:29.823,1.877217,15:02:29.823,92.78062,15:02:29.823,0.003955
15:02:29.824,3.32924,15:02:29.824,92.662432,15:02:29.824,0.001982
15:02:29.825,4.443584,15:02:29.825,92.679316,15:02:29.825,0.003955
15:02:29.826,5.726768,15:02:29.826,92.307869,15:02:29.826,0.001653
15:02:29.827,7.330747,15:02:29.827,92.054609,15:02:29.827,0.003297
15:02:29.828,8.647699,15:02:29.828,91.666277,15:02:29.828,0.00264
15:02:29.829,9.812695,15:02:29.829,91.835117,15:02:29.829,0.000996
15:02:29.830,10.89327,15:02:29.830,91.632509,15:02:29.830,0.003297
15:02:29.831,11.973846,15:02:29.831,91.514321,15:02:29.831,0.002311
15:02:29.832,13.08819,15:02:29.832,91.666277,15:02:29.832,0.001653
15:02:29.833,14.354489,15:02:29.833,91.936421,15:02:29.833,0.002311
15:02:29.834,15.451949,15:02:29.834,92.139029,15:02:29.834,0.002311
15:02:29.835,16.363685,15:02:29.835,92.240333,15:02:29.835,0.00264
15:02:29.836,16.7689,15:02:29.836,92.442941,15:02:29.836,0.003626
15:02:29.837,16.903972,15:02:29.837,92.797504,15:02:29.837,0.004612
15:02:29.838,16.785784,15:02:29.838,93.000112,15:02:29.838,0.000996
15:02:29.839,16.245497,15:02:29.839,92.983228,15:02:29.839,0.004284
15:02:29.840,15.536369,15:02:29.840,93.185836,15:02:29.840,0.002311
15:02:29.841,14.844125,15:02:29.841,93.439095,15:02:29.841,0.003955
15:02:29.842,14.219417,15:02:29.842,93.405327,15:02:29.842,0.002311
15:02:29.843,13.324566,15:02:29.843,93.320908,15:02:29.843,0.003297
15:02:29.844,12.480366,15:02:29.844,93.185836,15:02:29.844,0.00264
15:02:29.845,11.197182,15:02:29.845,93.320908,15:02:29.845,0.001653
15:02:29.846,9.643855,15:02:29.846,93.152068,15:02:29.846,0.003297
15:02:29.847,8.225599,15:02:29.847,92.898808,15:02:29.847,0.002969
15:02:29.848,6.959299,15:02:29.848,92.746852,15:02:29.848,0.003297
15:02:29.849,5.996912,15:02:29.849,92.78062,15:02:29.849,0.00264
15:02:29.850,5.152712,15:02:29.850,92.713084,15:02:29.850,0.001982
15:02:29.851,4.59554,15:02:29.851,92.578012,15:02:29.851,0.003626
15:02:29.852,4.038368,15:02:29.852,92.52736,15:02:29.852,0.002311
15:02:29.853,3.5825,15:02:29.853,92.746852,15:02:29.853,0.004284
15:02:29.854,3.126632,15:02:29.854,92.746852,15:02:29.854,0.001653
15:02:29.855,2.890256,15:02:29.855,92.645548,15:02:29.855,0.00527
15:02:29.856,2.957792,15:02:29.856,92.713084,15:02:29.856,0.003955
15:02:29.857,3.312356,15:02:29.857,93.050764,15:02:29.857,0.00264
15:02:29.858,3.953948,15:02:29.858,92.983228,15:02:29.858,0.001982
15:02:29.859,4.781264,15:02:29.859,92.86504,15:02:29.859,0.002311
15:02:29.860,5.557928,15:02:29.860,93.03388,15:02:29.860,0.003626
15:02:29.861,6.334592,15:02:29.861,93.591051,15:02:29.861,0.002969
15:02:29.862,7.145023,15:02:29.862,93.692355,15:02:29.862,0.001653
15:02:29.863,8.039875,15:02:29.863,93.489747,15:02:29.863,0.00264
15:02:29.864,8.951611,15:02:29.864,93.472863,15:02:29.864,0.000667
15:02:29.865,9.846463,15:02:29.865,93.759891,15:02:29.865,0.004284
15:02:29.866,10.80885,15:02:29.866,93.810543,15:02:29.866,0.001653
15:02:29.867,11.602398,15:02:29.867,93.422211,15:02:29.867,0.003955
15:02:29.868,12.277758,15:02:29.868,93.152068,15:02:29.868,0.003297
15:02:29.869,12.699858,15:02:29.869,93.270256,15:02:29.869,0.00264
15:02:29.870,12.986886,15:02:29.870,93.236488,15:02:29.870,0.002969
15:02:29.871,13.08819,15:02:29.871,92.645548,15:02:29.871,0.002311
15:02:29.872,13.138842,15:02:29.872,92.442941,15:02:29.872,0.002311
15:02:29.873,13.020654,15:02:29.873,92.679316,15:02:29.873,0.003626
15:02:29.874,12.83493,15:02:29.874,92.628664,15:02:29.874,0.003297
15:02:29.875,12.514134,15:02:29.875,92.172797,15:02:29.875,0.003955
15:02:29.876,12.142686,15:02:29.876,92.105261,15:02:29.876,0.002969
15:02:29.877,11.636166,15:02:29.877,92.442941,15:02:29.877,0.003626
15:02:29.878,11.011458,15:02:29.878,92.679316,15:02:29.878,0.001653
15:02:29.879,10.234794,15:02:29.879,92.257217,15:02:29.879,0.003297
15:02:29.880,9.424363,15:02:29.880,92.409173,15:02:29.880,0.00264
15:02:29.881,8.580163,15:02:29.881,92.729968,15:02:29.881,0.003297
15:02:29.882,7.685311,15:02:29.882,92.932576,15:02:29.882,0.003297
15:02:29.883,7.009951,15:02:29.883,92.61178,15:02:29.883,0.002969
15:02:29.884,6.351476,15:02:29.884,92.578012,15:02:29.884,0.002969
15:02:29.885,5.709884,15:02:29.885,92.932576,15:02:29.885,0.001982
15:02:29.886,5.35532,15:02:29.886,93.084532,15:02:29.886,0.001325
15:02:29.887,4.950104,15:02:29.887,92.544244,15:02:29.887,0.002969
15:02:29.888,4.798148,15:02:29.888,92.392289,15:02:29.888,0.00264
15:02:29.889,4.67996,15:02:29.889,92.594896,15:02:29.889,0.004284
15:02:29.890,4.781264,15:02:29.890,92.61178,15:02:29.890,0.002969
15:02:29.891,4.966988,15:02:29.891,91.970189,15:02:29.891,0.00264
15:02:29.892,5.389088,15:02:29.892,91.852001,15:02:29.892,0.001982
15:02:29.893,5.878724,15:02:29.893,91.936421,15:02:29.893,0.002311
15:02:29.894,6.402128,15:02:29.894,91.902653,15:02:29.894,0.002969
15:02:29.895,7.060603,15:02:29.895,91.37925,15:02:29.895,0.00264
15:02:29.896,7.617775,15:02:29.896,91.29483,15:02:29.896,0.003297
15:02:29.897,8.141179,15:02:29.897,91.396134,15:02:29.897,0.000996
15:02:29.898,8.681467,15:02:29.898,91.564973,15:02:29.898,0.003297
15:02:29.899,9.323059,15:02:29.899,91.024686,15:02:29.899,0.002311
15:02:29.900,9.812695,15:02:29.900,90.940266,15:02:29.900,0.002969
15:02:29.901,10.30233,15:02:29.901,91.193526,15:02:29.901,0.002969
15:02:29.902,10.690662,15:02:29.902,91.429902,15:02:29.902,0.003955
15:02:29.903,11.078994,15:02:29.903,91.058454,15:02:29.903,0.003297
15:02:29.904,11.31537,15:02:29.904,91.04157,15:02:29.904,0.00264
15:02:29.905,11.416674,15:02:29.905,91.227294,15:02:29.905,0.003626
15:02:29.906,11.450442,15:02:29.906,91.429902,15:02:29.906,0.002311
15:02:29.907,11.39979,15:02:29.907,90.95715,15:02:29.907,0.001982
15:02:29.908,11.264718,15:02:29.908,90.95715,15:02:29.908,0.003626
15:02:29.909,11.011458,15:02:29.909,91.277946,15:02:29.909,0.000996
15:02:29.910,10.758198,15:02:29.910,91.244178,15:02:29.910,0.00264
15:02:29.911,10.38675,15:02:29.911,90.974034,15:02:29.911,0.002311
15:02:29.912,9.964651,15:02:29.912,90.687006,15:02:29.912,0.002969
15:02:29.913,9.508783,15:02:29.913,90.61947,15:02:29.913,0.001653
15:02:29.914,9.036031,15:02:29.914,90.399979,15:02:29.914,0.004284
15:02:29.915,8.597047,15:02:29.915,90.197371,15:02:29.915,0.002311
15:02:29.916,8.124295,15:02:29.916,89.977879,15:02:29.916,0.002969
15:02:29.917,7.702195,15:02:29.917,89.927227,15:02:29.917,0.001982
15:02:29.918,7.364515,15:02:29.918,89.944111,15:02:29.918,0.002969
15:02:29.919,7.060603,15:02:29.919,89.741503,15:02:29.919,0.002969
15:02:29.920,6.891763,15:02:29.920,89.555779,15:02:29.920,0.002311
15:02:29.921,6.824227,15:02:29.921,89.673967,15:02:29.921,0.001982
15:02:29.922,6.706039,15:02:29.922,89.876575,15:02:29.922,0.002969
15:02:29.923,6.807343,15:02:29.923,89.657083,15:02:29.923,0.002969
15:02:29.924,6.773575,15:02:29.924,89.707735,15:02:29.924,0.002311
15:02:29.925,7.009951,15:02:29.925,89.707735,15:02:29.925,0.00264
15:02:29.926,7.161907,15:02:29.926,89.944111,15:02:29.926,0.001982
15:02:29.927,7.499587,15:02:29.927,89.775271,15:02:29.927,0.002969
15:02:29.928,7.752847,15:02:29.928,89.707735,15:02:29.928,0.001653
15:02:29.929,8.090527,15:02:29.929,89.657083,15:02:29.929,0.003955
15:02:29.930,8.495743,15:02:29.930,89.809039,15:02:29.930,0.002311
15:02:29.931,8.799655,15:02:29.931,89.623315,15:02:29.931,0.002311
15:02:29.932,9.137335,15:02:29.932,89.505128,15:02:29.932,0.002969
15:02:29.933,9.525667,15:02:29.933,89.30252,15:02:29.933,0.001982
15:02:29.934,9.846463,15:02:29.934,89.353172,15:02:29.934,0.003626
15:02:29.935,10.133491,15:02:29.935,89.150564,15:02:29.935,0.002311
15:02:29.936,10.319214,15:02:29.936,88.88042,15:02:29.936,0.002969
15:02:29.937,10.403634,15:02:29.937,88.829768,15:02:29.937,0.001653
15:02:29.938,10.403634,15:02:29.938,88.897304,15:02:29.938,0.002311
15:02:29.939,10.403634,15:02:29.939,88.829768,15:02:29.939,0.002969
15:02:29.940,10.403634,15:02:29.940,88.796,15:02:29.940,0.00264
15:02:29.941,10.30233,15:02:29.941,88.745348,15:02:29.941,0.001653
15:02:29.942,10.099723,15:02:29.942,88.914188,15:02:29.942,0.001982
15:02:29.943,9.880231,15:02:29.943,88.914188,15:02:29.943,0.001982
15:02:29.944,9.593203,15:02:29.944,88.694696,15:02:29.944,0.00264
15:02:29.945,9.339943,15:02:29.945,88.677812,15:02:29.945,0.002969
15:02:29.946,8.951611,15:02:29.946,88.931072,15:02:29.946,0.003297
15:02:29.947,8.647699,15:02:29.947,88.796,15:02:29.947,0.002969
15:02:29.948,8.343787,15:02:29.948,88.762232,15:02:29.948,0.003626
15:02:29.949,8.090527,15:02:29.949,88.677812,15:02:29.949,0.001982
15:02:29.950,7.685311,15:02:29.950,88.863536,15:02:29.950,0.004941
15:02:29.951,7.465819,15:02:29.951,88.779116,15:02:29.951,0.002969
15:02:29.952,7.280095,15:02:29.952,88.593392,15:02:29.952,0.001982
15:02:29.953,7.195675,15:02:29.953,88.54274,15:02:29.953,0.000667
15:02:29.954,7.094371,15:02:29.954,88.728464,15:02:29.954,0.002311
15:02:29.955,7.077487,15:02:29.955,88.54274,15:02:29.955,0.003626
15:02:29.956,7.077487,15:02:29.956,88.458321,15:02:29.956,0.003626
15:02:29.957,7.111255,15:02:29.957,88.323249,15:02:29.957,0.003626
15:02:29.958,7.178791,15:02:29.958,88.508972,15:02:29.958,0.002969
15:02:29.959,7.212559,15:02:29.959,88.441437,15:02:29.959,0.000996
15:02:29.960,7.330747,15:02:29.960,88.340133,15:02:29.960,0.002969
15:02:29.961,7.398283,15:02:29.961,88.205061,15:02:29.961,0.00264
15:02:29.962,7.600891,15:02:29.962,88.340133,15:02:29.962,0.003626
15:02:29.963,7.803499,15:02:29.963,88.323249,15:02:29.963,0.002969
15:02:29.964,7.887919,15:02:29.964,88.154409,15:02:29.964,0.001982
15:02:29.965,8.158063,15:02:29.965,88.205061,15:02:29.965,0.00264
15:02:29.966,8.259367,15:02:29.966,88.475205,15:02:29.966,0.001653
15:02:29.967,8.310019,15:02:29.967,88.475205,15:02:29.967,0.001982
15:02:29.968,8.495743,15:02:29.968,88.407669,15:02:29.968,0.002969
15:02:29.969,8.461975,15:02:29.969,88.508972,15:02:29.969,0.003626
15:02:29.970,8.495743,15:02:29.970,88.71158,15:02:29.970,0.003626
15:02:29.971,8.597047,15:02:29.971,88.660928,15:02:29.971,0.001653
15:02:29.972,8.613931,15:02:29.972,88.54274,15:02:29.972,0.002969
15:02:29.973,8.597047,15:02:29.973,88.694696,15:02:29.973,0.002311
15:02:29.974,8.546395,15:02:29.974,88.863536,15:02:29.974,0.002311
15:02:29.975,8.461975,15:02:29.975,88.694696,15:02:29.975,0.00264
15:02:29.976,8.394439,15:02:29.976,88.559624,15:02:29.976,0.00264
15:02:29.977,8.360671,15:02:29.977,88.492089,15:02:29.977,0.003626
15:02:29.978,8.191831,15:02:29.978,88.593392,15:02:29.978,0.001653
15:02:29.979,8.039875,15:02:29.979,88.62716,15:02:29.979,0.003955
15:02:29.980,8.022991,15:02:29.980,88.323249,15:02:29.980,0.002311
15:02:29.981,7.904803,15:02:29.981,88.188177,15:02:29.981,0.004612
15:02:29.982,7.820383,15:02:29.982,88.255713,15:02:29.982,0.002969
15:02:29.983,7.769731,15:02:29.983,88.340133,15:02:29.983,0.001653
15:02:29.984,7.617775,15:02:29.984,88.069989,15:02:29.984,0.002969
15:02:29.985,7.634659,15:02:29.985,88.053105,15:02:29.985,0.002311
15:02:29.986,7.533355,15:02:29.986,88.221945,15:02:29.986,0.002969
15:02:29.987,7.499587,15:02:29.987,88.357017,15:02:29.987,0.003955
15:02:29.988,7.499587,15:02:29.988,88.289481,15:02:29.988,0.002969
15:02:29.989,7.482703,15:02:29.989,88.272597,15:02:29.989,0.00264
15:02:29.990,7.499587,15:02:29.990,88.492089,15:02:29.990,0.001325
15:02:29.991,7.482703,15:02:29.991,88.677812,15:02:29.991,0.003297
15:02:29.992,7.584007,15:02:29.992,88.492089,15:02:29.992,0.003297
15:02:29.993,7.584007,15:02:29.993,88.357017,15:02:29.993,0.003626
15:02:29.994,7.651543,15:02:29.994,88.660928,15:02:29.994,0.001982
15:02:29.995,7.668427,15:02:29.995,88.62716,15:02:29.995,0.00264
15:02:29.996,7.769731,15:02:29.996,88.390785,15:02:29.996,0.002969
15:02:29.997,7.803499,15:02:29.997,88.289481,15:02:29.997,0.002311
15:02:29.998,7.904803,15:02:29.998,88.407669,15:02:29.998,0.000996
15:02:29.999,7.955455,15:02:29.999,88.441437,15:02:29.999,0.001653
15:02:30.000,7.938571,15:02:30.000,88.188177,15:02:30.000,0.002969
15:02:30.001,8.039875,15:02:30.001,88.103757,15:02:30.001,0.003626
15:02:30.002,7.921687,15:02:30.002,88.053105,15:02:30.002,0.002969
15:02:30.003,7.955455,15:02:30.003,88.188177,15:02:30.003,0.003297
15:02:30.004,7.938571,15:02:30.004,87.884265,15:02:30.004,0.001653
15:02:30.005,8.006107,15:02:30.005,87.918033,15:02:30.005,0.003297
15:02:30.006,7.989223,15:02:30.006,88.053105,15:02:30.006,0.003297
15:02:30.007,7.938571,15:02:30.007,88.036221,15:02:30.007,0.001982
15:02:30.008,7.955455,15:02:30.008,87.968685,15:02:30.008,0.004284
15:02:30.009,7.904803,15:02:30.009,87.918033,15:02:30.009,0.001653
15:02:30.010,7.871035,15:02:30.010,88.002453,15:02:30.010,0.003626
15:02:30.011,7.752847,15:02:30.011,88.137525,15:02:30.011,0.001653
15:02:30.012,7.786615,15:02:30.012,88.103757,15:02:30.012,0.002969
15:02:30.013,7.803499,15:02:30.013,88.036221,15:02:30.013,0.00264
15:02:30.014,7.803499,15:02:30.014,88.137525,15:02:30.014,0.003626
15:02:30.015,7.837267,15:02:30.015,88.221945,15:02:30.015,0.002311
15:02:30.016,7.854151,15:02:30.016,88.053105,15:02:30.016,0.00264
15:02:30.017,7.871035,15:02:30.017,88.053105,15:02:30.017,0.003297
15:02:30.018,7.854151,15:02:30.018,88.002453,15:02:30.018,0.002969
15:02:30.019,7.904803,15:02:30.019,88.103757,15:02:30.019,0.003297
15:02:30.020,7.871035,15:02:30.020,87.918033,15:02:30.020,0.00264
15:02:30.021,7.904803,15:02:30.021,87.766077,15:02:30.021,0.001325
15:02:30.022,7.820383,15:02:30.022,87.799845,15:02:30.022,0.004284
15:02:30.023,7.820383,15:02:30.023,87.867381,15:02:30.023,0.002311
15:02:30.024,7.769731,15:02:30.024,87.597237,15:02:30.024,0.003297
15:02:30.025,7.786615,15:02:30.025,87.445282,15:02:30.025,0.00264
15:02:30.026,7.820383,15:02:30.026,87.47905,15:02:30.026,0.004284
15:02:30.027,7.820383,15:02:30.027,87.614121,15:02:30.027,0.002969
15:02:30.028,7.769731,15:02:30.028,87.411514,15:02:30.028,0.002311
15:02:30.029,7.820383,15:02:30.029,87.31021,15:02:30.029,0.00264
15:02:30.030,7.735963,15:02:30.030,87.377746,15:02:30.030,0.002311
15:02:30.031,7.719079,15:02:30.031,87.546585,15:02:30.031,0.00264
15:02:30.032,7.719079,15:02:30.032,87.293326,15:02:30.032,0.003297
15:02:30.033,7.668427,15:02:30.033,87.31021,15:02:30.033,0.002969
15:02:30.034,7.617775,15:02:30.034,87.276442,15:02:30.034,0.002969
15:02:30.035,7.634659,15:02:30.035,87.495933,15:02:30.035,0.001325
15:02:30.036,7.651543,15:02:30.036,87.293326,15:02:30.036,0.001982
15:02:30.037,7.634659,15:02:30.037,87.192022,15:02:30.037,0.002969
15:02:30.038,7.567123,15:02:30.038,87.073834,15:02:30.038,0.003626
15:02:30.039,7.448935,15:02:30.039,87.31021,15:02:30.039,0.00264
15:02:30.040,7.448935,15:02:30.040,87.124486,15:02:30.040,0.001982
15:02:30.041,7.381399,15:02:30.041,86.97253,15:02:30.041,0.00264
15:02:30.042,7.432051,15:02:30.042,86.837458,15:02:30.042,0.001325
15:02:30.043,7.381399,15:02:30.043,86.921878,15:02:30.043,0.002969
15:02:30.044,7.296979,15:02:30.044,86.55043,15:02:30.044,0.001982
15:02:30.045,7.415167,15:02:30.045,86.398475,15:02:30.045,0.002311
15:02:30.046,7.381399,15:02:30.046,86.482894,15:02:30.046,0.002969
15:02:30.047,7.296979,15:02:30.047,86.80369,15:02:30.047,0.00264
15:02:30.048,7.280095,15:02:30.048,86.415359,15:02:30.048,0.003297
15:02:30.049,7.330747,15:02:30.049,86.314055,15:02:30.049,0.002969
15:02:30.050,7.296979,15:02:30.050,86.297171,15:02:30.050,0.003297
15:02:30.051,7.313863,15:02:30.051,86.617966,15:02:30.051,0.002311
15:02:30.052,7.465819,15:02:30.052,86.314055,15:02:30.052,0.00264
15:02:30.053,7.465819,15:02:30.053,86.195867,15:02:30.053,0.003297
15:02:30.054,7.465819,15:02:30.054,86.043911,15:02:30.054,0.002311
15:02:30.055,7.448935,15:02:30.055,86.415359,15:02:30.055,0.003955
15:02:30.056,7.499587,15:02:30.056,86.060795,15:02:30.056,0.003297
15:02:30.057,7.482703,15:02:30.057,85.942607,15:02:30.057,0.004941
15:02:30.058,7.499587,15:02:30.058,85.807535,15:02:30.058,0.002969
15:02:30.059,7.432051,15:02:30.059,86.111447,15:02:30.059,0.000996
15:02:30.060,7.499587,15:02:30.060,85.891955,15:02:30.060,0.000996
15:02:30.061,7.482703,15:02:30.061,85.604927,15:02:30.061,0.00264
15:02:30.062,7.432051,15:02:30.062,85.554275,15:02:30.062,0.002969
15:02:30.063,7.381399,15:02:30.063,85.925723,15:02:30.063,0.002969
15:02:30.064,7.330747,15:02:30.064,85.638695,15:02:30.064,0.003297
15:02:30.065,7.330747,15:02:30.065,85.503623,15:02:30.065,0.00264
15:02:30.066,7.280095,15:02:30.066,85.452971,15:02:30.066,0.000667
15:02:30.067,7.145023,15:02:30.067,85.824419,15:02:30.067,0.003626
15:02:30.068,7.195675,15:02:30.068,85.638695,15:02:30.068,0.002969
15:02:30.069,7.145023,15:02:30.069,85.419203,15:02:30.069,0.003626
15:02:30.070,7.111255,15:02:30.070,85.452971,15:02:30.070,0.001982
15:02:30.071,6.976183,15:02:30.071,85.655579,15:02:30.071,0.001653
15:02:30.072,7.077487,15:02:30.072,85.40232,15:02:30.072,0.003626
15:02:30.073,7.009951,15:02:30.073,85.199712,15:02:30.073,0.003297
15:02:30.074,7.009951,15:02:30.074,85.165944,15:02:30.074,0.00264
15:02:30.075,6.959299,15:02:30.075,85.604927,15:02:30.075,0.001982
15:02:30.076,7.043719,15:02:30.076,85.334784,15:02:30.076,0.00264
15:02:30.077,7.026835,15:02:30.077,85.165944,15:02:30.077,0.00264
15:02:30.078,7.009951,15:02:30.078,85.115292,15:02:30.078,0.003297
15:02:30.079,6.993067,15:02:30.079,85.436087,15:02:30.079,0.003626
15:02:30.080,7.043719,15:02:30.080,85.216596,15:02:30.080,0.001982
15:02:30.081,7.094371,15:02:30.081,85.06464,15:02:30.081,0.002311
15:02:30.082,7.094371,15:02:30.082,85.047756,15:02:30.082,0.001982
15:02:30.083,7.043719,15:02:30.083,85.436087,15:02:30.083,0.002311
15:02:30.084,7.145023,15:02:30.084,85.250364,15:02:30.084,0.004284
15:02:30.085,7.128139,15:02:30.085,85.030872,15:02:30.085,0.00264
15:02:30.086,7.280095,15:02:30.086,84.946452,15:02:30.086,0.003297
15:02:30.087,7.229443,15:02:30.087,85.334784,15:02:30.087,0.001653
15:02:30.088,7.178791,15:02:30.088,85.132176,15:02:30.088,0.004284
15:02:30.089,7.246327,15:02:30.089,84.8958,15:02:30.089,0.003297
15:02:30.090,7.229443,15:02:30.090,84.845148,15:02:30.090,0.003297
15:02:30.091,7.195675,15:02:30.091,85.165944,15:02:30.091,0.002311
15:02:30.092,7.246327,15:02:30.092,85.047756,15:02:30.092,0.002311
15:02:30.093,7.195675,15:02:30.093,85.030872,15:02:30.093,0.003297
15:02:30.094,7.212559,15:02:30.094,84.946452,15:02:30.094,0.001982
15:02:30.095,7.229443,15:02:30.095,85.06464,15:02:30.095,0.001982
15:02:30.096,7.145023,15:02:30.096,85.030872,15:02:30.096,0.00264
15:02:30.097,7.178791,15:02:30.097,84.963336,15:02:30.097,0.00264
15:02:30.098,7.128139,15:02:30.098,84.8958,15:02:30.098,0.003955
15:02:30.099,7.060603,15:02:30.099,85.14906,15:02:30.099,0.003297
15:02:30.100,6.976183,15:02:30.100,85.115292,15:02:30.100,0.004941
15:02:30.101,6.891763,15:02:30.101,84.946452,15:02:30.101,0.002969
15:02:30.102,6.841111,15:02:30.102,84.878916,15:02:30.102,0.00527
15:02:30.103,6.790459,15:02:30.103,84.963336,15:02:30.103,0.00264
15:02:30.104,6.790459,15:02:30.104,85.030872,15:02:30.104,0.001982
15:02:30.105,6.739807,15:02:30.105,84.828264,15:02:30.105,0.001653
15:02:30.106,6.706039,15:02:30.106,84.676308,15:02:30.106,0.00264
15:02:30.107,6.655387,15:02:30.107,84.862032,15:02:30.107,0.003297
15:02:30.108,6.638503,15:02:30.108,84.997104,15:02:30.108,0.003626
15:02:30.109,6.672271,15:02:30.109,84.659424,15:02:30.109,0.002311
15:02:30.110,6.672271,15:02:30.110,84.625656,15:02:30.110,0.00264
15:02:30.111,6.689155,15:02:30.111,84.777612,15:02:30.111,0.001653
15:02:30.112,6.756691,15:02:30.112,84.8958,15:02:30.112,0.003297
15:02:30.113,6.807343,15:02:30.113,84.591888,15:02:30.113,0.00264
15:02:30.114,6.790459,15:02:30.114,84.575004,15:02:30.114,0.003297
15:02:30.115,6.841111,15:02:30.115,84.845148,15:02:30.115,0.003297
15:02:30.116,6.908647,15:02:30.116,84.862032,15:02:30.116,0.002311
15:02:30.117,6.908647,15:02:30.117,84.760728,15:02:30.117,0.003297
15:02:30.118,6.942415,15:02:30.118,84.575004,15:02:30.118,0.001982
15:02:30.119,6.942415,15:02:30.119,84.693192,15:02:30.119,0.003297
15:02:30.120,6.993067,15:02:30.120,84.760728,15:02:30.120,0.001653
15:02:30.121,6.959299,15:02:30.121,84.608772,15:02:30.121,0.002311
15:02:30.122,6.908647,15:02:30.122,84.456816,15:02:30.122,0.00264
15:02:30.123,6.959299,15:02:30.123,84.591888,15:02:30.123,0.002969
15:02:30.124,6.874879,15:02:30.124,84.710076,15:02:30.124,0.003297
15:02:30.125,6.874879,15:02:30.125,84.524352,15:02:30.125,0.002311
15:02:30.126,6.925531,15:02:30.126,84.406164,15:02:30.126,0.00264
15:02:30.127,6.807343,15:02:30.127,84.524352,15:02:30.127,0.002311
15:02:30.128,6.824227,15:02:30.128,84.575004,15:02:30.128,0.001325
15:02:30.129,6.807343,15:02:30.129,84.321745,15:02:30.129,0.003955
15:02:30.130,6.706039,15:02:30.130,84.271093,15:02:30.130,0.002311
15:02:30.131,6.655387,15:02:30.131,84.321745,15:02:30.131,0.002969
15:02:30.132,6.638503,15:02:30.132,84.38928,15:02:30.132,0.00264
15:02:30.133,6.638503,15:02:30.133,84.254209,15:02:30.133,0.004941
15:02:30.134,6.621619,15:02:30.134,84.203557,15:02:30.134,0.003626
15:02:30.135,6.554084,15:02:30.135,84.355512,15:02:30.135,0.00264
15:02:30.136,6.638503,15:02:30.136,84.423048,15:02:30.136,0.00264
15:02:30.137,6.604735,15:02:30.137,84.186673,15:02:30.137,0.001653
15:02:30.138,6.554084,15:02:30.138,84.203557,15:02:30.138,0.00264
15:02:30.139,6.570967,15:02:30.139,84.220441,15:02:30.139,0.004284
15:02:30.140,6.503432,15:02:30.140,84.372396,15:02:30.140,0.002311
15:02:30.141,6.435896,15:02:30.141,84.119137,15:02:30.141,0.003626
15:02:30.142,6.503432,15:02:30.142,84.136021,15:02:30.142,0.001653
15:02:30.143,6.503432,15:02:30.143,84.136021,15:02:30.143,0.002311
15:02:30.144,6.45278,15:02:30.144,84.152905,15:02:30.144,0.003297
15:02:30.145,6.435896,15:02:30.145,84.017833,15:02:30.145,0.002311
15:02:30.146,6.435896,15:02:30.146,83.916529,15:02:30.146,0.002969
15:02:30.147,6.45278,15:02:30.147,84.017833,15:02:30.147,0.003297
15:02:30.148,6.435896,15:02:30.148,84.136021,15:02:30.148,0.003297
15:02:30.149,6.435896,15:02:30.149,83.984065,15:02:30.149,0.001653
15:02:30.150,6.469664,15:02:30.150,83.984065,15:02:30.150,0.002969
15:02:30.151,6.486548,15:02:30.151,84.000949,15:02:30.151,0.00264
15:02:30.152,6.435896,15:02:30.152,84.102253,15:02:30.152,0.00264
15:02:30.153,6.486548,15:02:30.153,83.967181,15:02:30.153,0.002969
15:02:30.154,6.486548,15:02:30.154,83.848993,15:02:30.154,0.003626
15:02:30.155,6.469664,15:02:30.155,83.882761,15:02:30.155,0.002969
15:02:30.156,6.486548,15:02:30.156,84.000949,15:02:30.156,0.002311
15:02:30.157,6.554084,15:02:30.157,83.933413,15:02:30.157,0.001982
15:02:30.158,6.45278,15:02:30.158,83.832109,15:02:30.158,0.002311
15:02:30.159,6.486548,15:02:30.159,83.781457,15:02:30.159,0.001982
15:02:30.160,6.469664,15:02:30.160,83.967181,15:02:30.160,0.004284
15:02:30.161,6.419012,15:02:30.161,83.899645,15:02:30.161,0.001982
15:02:30.162,6.419012,15:02:30.162,83.798341,15:02:30.162,0.003955
15:02:30.163,6.385244,15:02:30.163,83.511313,15:02:30.163,0.001982
15:02:30.164,6.419012,15:02:30.164,83.798341,15:02:30.164,0.004941
15:02:30.165,6.334592,15:02:30.165,83.612617,15:02:30.165,0.003297
15:02:30.166,6.334592,15:02:30.166,83.443777,15:02:30.166,0.002311
15:02:30.167,6.317708,15:02:30.167,83.494429,15:02:30.167,0.00264
15:02:30.168,6.351476,15:02:30.168,83.730805,15:02:30.168,0.001653
15:02:30.169,6.334592,15:02:30.169,83.410009,15:02:30.169,0.002969
15:02:30.170,6.267056,15:02:30.170,83.359357,15:02:30.170,0.003955
15:02:30.171,6.267056,15:02:30.171,83.426893,15:02:30.171,0.003626
15:02:30.172,6.28394,15:02:30.172,83.612617,15:02:30.172,0.003297
15:02:30.173,6.216404,15:02:30.173,83.410009,15:02:30.173,0.001325
15:02:30.174,6.28394,15:02:30.174,83.342473,15:02:30.174,0.002969
15:02:30.175,6.385244,15:02:30.175,83.325589,15:02:30.175,0.003297
15:02:30.176,6.36836,15:02:30.176,83.494429,15:02:30.176,0.004612
15:02:30.177,6.334592,15:02:30.177,83.359357,15:02:30.177,0.002311
15:02:30.178,6.36836,15:02:30.178,83.291821,15:02:30.178,0.002969
15:02:30.179,6.351476,15:02:30.179,83.224286,15:02:30.179,0.003297
15:02:30.180,6.28394,15:02:30.180,83.342473,15:02:30.180,0.00264
15:02:30.181,6.351476,15:02:30.181,83.207402,15:02:30.181,0.000996
15:02:30.182,6.233288,15:02:30.182,83.07233,15:02:30.182,0.001982
15:02:30.183,6.334592,15:02:30.183,82.971026,15:02:30.183,0.002969
15:02:30.184,6.267056,15:02:30.184,83.139866,15:02:30.184,0.004612
15:02:30.185,6.216404,15:02:30.185,82.971026,15:02:30.185,0.002969
15:02:30.186,6.28394,15:02:30.186,82.886606,15:02:30.186,0.002311
15:02:30.187,6.233288,15:02:30.187,82.852838,15:02:30.187,0.000667
15:02:30.188,6.148868,15:02:30.188,83.021678,15:02:30.188,0.00264
15:02:30.189,6.19952,15:02:30.189,82.954142,15:02:30.189,0.002311
15:02:30.190,6.182636,15:02:30.190,82.768418,15:02:30.190,0.003626
15:02:30.191,6.19952,15:02:30.191,82.768418,15:02:30.191,0.003626
15:02:30.192,6.182636,15:02:30.192,82.920374,15:02:30.192,0.001325
15:02:30.193,6.165752,15:02:30.193,82.785302,15:02:30.193,0.003626
15:02:30.194,6.1151,15:02:30.194,82.73465,15:02:30.194,0.002311
15:02:30.195,6.182636,15:02:30.195,82.633346,15:02:30.195,0.00527
15:02:30.196,6.19952,15:02:30.196,82.802186,15:02:30.196,0.002311
15:02:30.197,6.1151,15:02:30.197,82.852838,15:02:30.197,0.003626
15:02:30.198,6.19952,15:02:30.198,82.548926,15:02:30.198,0.001982
15:02:30.199,6.131984,15:02:30.199,82.65023,15:02:30.199,0.00264
15:02:30.200,6.148868,15:02:30.200,82.751534,15:02:30.200,0.003297
15:02:30.201,6.064448,15:02:30.201,82.599578,15:02:30.201,0.003955
15:02:30.202,6.081332,15:02:30.202,82.48139,15:02:30.202,0.002311
15:02:30.203,6.064448,15:02:30.203,82.413854,15:02:30.203,0.002969
15:02:30.204,5.980028,15:02:30.204,82.548926,15:02:30.204,0.001325
15:02:30.205,6.047564,15:02:30.205,82.413854,15:02:30.205,0.003626
15:02:30.206,5.86184,15:02:30.206,82.278782,15:02:30.206,0.002311
15:02:30.207,5.980028,15:02:30.207,82.245014,15:02:30.207,0.003955
15:02:30.208,5.929376,15:02:30.208,82.346318,15:02:30.208,0.003297
15:02:30.209,5.963144,15:02:30.209,82.329434,15:02:30.209,0.00264
15:02:30.210,5.912492,15:02:30.210,82.194362,15:02:30.210,0.003626
15:02:30.211,5.912492,15:02:30.211,82.059291,15:02:30.211,0.00264
15:02:30.212,5.912492,15:02:30.212,82.22813,15:02:30.212,0.002969
15:02:30.213,5.844956,15:02:30.213,82.22813,15:02:30.213,0.00264
15:02:30.214,5.94626,15:02:30.214,82.059291,15:02:30.214,0.00264
15:02:30.215,5.980028,15:02:30.215,82.076175,15:02:30.215,0.003626
15:02:30.216,5.844956,15:02:30.216,82.160595,15:02:30.216,0.002311
15:02:30.217,5.963144,15:02:30.217,82.245014,15:02:30.217,0.003297
15:02:30.218,5.963144,15:02:30.218,82.076175,15:02:30.218,0.001982
15:02:30.219,5.996912,15:02:30.219,82.076175,15:02:30.219,0.003297
15:02:30.220,5.895608,15:02:30.220,82.008639,15:02:30.220,0.002969
15:02:30.221,5.94626,15:02:30.221,82.042407,15:02:30.221,0.002311
15:02:30.222,5.878724,15:02:30.222,81.806031,15:02:30.222,0.003297
15:02:30.223,5.929376,15:02:30.223,81.704727,15:02:30.223,0.002311
15:02:30.224,5.828072,15:02:30.224,81.941103,15:02:30.224,0.003297
15:02:30.225,5.811188,15:02:30.225,81.856683,15:02:30.225,0.002311
15:02:30.226,5.844956,15:02:30.226,81.687843,15:02:30.226,0.005599
15:02:30.227,5.912492,15:02:30.227,81.654075,15:02:30.227,0.003297
15:02:30.228,5.844956,15:02:30.228,81.806031,15:02:30.228,0.002311
15:02:30.229,5.828072,15:02:30.229,81.755379,15:02:30.229,0.001653
15:02:30.230,5.86184,15:02:30.230,81.316395,15:02:30.230,0.002969
15:02:30.231,5.878724,15:02:30.231,81.434583,15:02:30.231,0.003955
15:02:30.232,5.86184,15:02:30.232,81.654075,15:02:30.232,0.00264
15:02:30.233,5.811188,15:02:30.233,81.738495,15:02:30.233,0.003297
15:02:30.234,5.895608,15:02:30.234,81.367047,15:02:30.234,0.001982
15:02:30.235,5.86184,15:02:30.235,81.215091,15:02:30.235,0.001325
15:02:30.236,5.912492,15:02:30.236,81.654075,15:02:30.236,0.003626
15:02:30.237,5.77742,15:02:30.237,81.654075,15:02:30.237,0.003626
15:02:30.238,5.895608,15:02:30.238,81.265743,15:02:30.238,0.002969
15:02:30.239,5.86184,15:02:30.239,81.198207,15:02:30.239,0.00264
15:02:30.240,5.811188,15:02:30.240,81.434583,15:02:30.240,0.002969
15:02:30.241,5.726768,15:02:30.241,81.519003,15:02:30.241,0.003297
15:02:30.242,5.811188,15:02:30.242,81.164439,15:02:30.242,0.003626
15:02:30.243,5.77742,15:02:30.243,81.046252,15:02:30.243,0.001982
15:02:30.244,5.676116,15:02:30.244,81.231975,15:02:30.244,0.00264
15:02:30.245,5.726768,15:02:30.245,81.350163,15:02:30.245,0.003955
15:02:30.246,5.794304,15:02:30.246,80.877412,15:02:30.246,0.003955
15:02:30.247,5.676116,15:02:30.247,80.944948,15:02:30.247,0.002311
15:02:30.248,5.676116,15:02:30.248,81.096903,15:02:30.248,0.001982
15:02:30.249,5.642348,15:02:30.249,81.367047,15:02:30.249,0.002311
15:02:30.250,5.676116,15:02:30.250,80.9956,15:02:30.250,0.001653
15:02:30.251,5.693,15:02:30.251,80.928064,15:02:30.251,0.001982
15:02:30.252,5.693,15:02:30.252,81.181323,15:02:30.252,0.001653
15:02:30.253,5.625464,15:02:30.253,81.333279,15:02:30.253,0.002311
15:02:30.254,5.726768,15:02:30.254,80.860528,15:02:30.254,0.001653
15:02:30.255,5.743652,15:02:30.255,80.91118,15:02:30.255,0.003626
15:02:30.256,5.726768,15:02:30.256,81.063136,15:02:30.256,0.002969
15:02:30.257,5.676116,15:02:30.257,81.265743,15:02:30.257,0.004284
15:02:30.258,5.743652,15:02:30.258,80.860528,15:02:30.258,0.001653
15:02:30.259,5.693,15:02:30.259,80.74234,15:02:30.259,0.000996
15:02:30.260,5.625464,15:02:30.260,80.91118,15:02:30.260,0.003626
15:02:30.261,5.574812,15:02:30.261,81.029368,15:02:30.261,0.002311
15:02:30.262,5.574812,15:02:30.262,80.691688,15:02:30.262,0.002311
15:02:30.263,5.591696,15:02:30.263,80.624152,15:02:30.263,0.002311
15:02:30.264,5.541044,15:02:30.264,80.725456,15:02:30.264,0.001653
15:02:30.265,5.490392,15:02:30.265,80.961832,15:02:30.265,0.002969
15:02:30.266,5.456624,15:02:30.266,80.539732,15:02:30.266,0.00264
15:02:30.267,5.490392,15:02:30.267,80.48908,15:02:30.267,0.004284
15:02:30.268,5.422856,15:02:30.268,80.624152,15:02:30.268,0.002311
15:02:30.269,5.456624,15:02:30.269,80.877412,15:02:30.269,0.004284
15:02:30.270,5.372204,15:02:30.270,80.539732,15:02:30.270,0.002311
15:02:30.271,5.43974,15:02:30.271,80.539732,15:02:30.271,0.003626
15:02:30.272,5.372204,15:02:30.272,80.590384,15:02:30.272,0.001982
15:02:30.273,5.43974,15:02:30.273,80.978716,15:02:30.273,0.002969
15:02:30.274,5.473508,15:02:30.274,80.455312,15:02:30.274,0.001653
15:02:30.275,5.43974,15:02:30.275,80.387776,15:02:30.275,0.002969
15:02:30.276,5.507276,15:02:30.276,80.522848,15:02:30.276,0.002969
15:02:30.277,5.405972,15:02:30.277,80.792992,15:02:30.277,0.002311
15:02:30.278,5.473508,15:02:30.278,80.505964,15:02:30.278,0.001982
15:02:30.279,5.422856,15:02:30.279,80.354008,15:02:30.279,0.002311
15:02:30.280,5.43974,15:02:30.280,80.48908,15:02:30.280,0.001982
15:02:30.281,5.405972,15:02:30.281,80.674804,15:02:30.281,0.003955
15:02:30.282,5.422856,15:02:30.282,80.641036,15:02:30.282,0.000667
15:02:30.283,5.422856,15:02:30.283,80.455312,15:02:30.283,0.003626
15:02:30.284,5.456624,15:02:30.284,80.505964,15:02:30.284,0.00264
15:02:30.285,5.35532,15:02:30.285,80.539732,15:02:30.285,0.00264
15:02:30.286,5.422856,15:02:30.286,80.455312,15:02:30.286,0.00264
15:02:30.287,5.304668,15:02:30.287,80.387776,15:02:30.287,0.00264
15:02:30.288,5.372204,15:02:30.288,80.387776,15:02:30.288,0.002969
15:02:30.289,5.35532,15:02:30.289,80.641036,15:02:30.289,0.002311
15:02:30.290,5.2709,15:02:30.290,80.455312,15:02:30.290,0.002311
15:02:30.291,5.372204,15:02:30.291,80.354008,15:02:30.291,0.001653
15:02:30.292,5.35532,15:02:30.292,80.286472,15:02:30.292,0.002311
15:02:30.293,5.321552,15:02:30.293,80.505964,15:02:30.293,0.002969
15:02:30.294,5.389088,15:02:30.294,80.40466,15:02:30.294,0.002969
15:02:30.295,5.389088,15:02:30.295,80.286472,15:02:30.295,0.003626
15:02:30.296,5.35532,15:02:30.296,80.218936,15:02:30.296,0.003626
15:02:30.297,5.338436,15:02:30.297,80.421544,15:02:30.297,0.002969
15:02:30.298,5.338436,15:02:30.298,80.354008,15:02:30.298,0.003297
15:02:30.299,5.304668,15:02:30.299,80.23582,15:02:30.299,0.00264
15:02:30.300,5.254016,15:02:30.300,80.1514,15:02:30.300,0.002311
15:02:30.301,5.304668,15:02:30.301,80.269588,15:02:30.301,0.003297
15:02:30.302,5.237132,15:02:30.302,80.185168,15:02:30.302,0.001653
15:02:30.303,5.220248,15:02:30.303,80.016328,15:02:30.303,0.003626
15:02:30.304,5.220248,15:02:30.304,80.016328,15:02:30.304,0.002969
15:02:30.305,5.135828,15:02:30.305,80.117632,15:02:30.305,0.00264
15:02:30.306,5.18648,15:02:30.306,80.033212,15:02:30.306,0.001653
15:02:30.307,5.18648,15:02:30.307,79.898141,15:02:30.307,0.002969
15:02:30.308,5.085176,15:02:30.308,79.915025,15:02:30.308,0.003297
15:02:30.309,5.169596,15:02:30.309,80.083864,15:02:30.309,0.003626
15:02:30.310,5.169596,15:02:30.310,80.050096,15:02:30.310,0.002969
15:02:30.311,5.152712,15:02:30.311,79.847489,15:02:30.311,0.00264
15:02:30.312,5.118944,15:02:30.312,79.813721,15:02:30.312,0.002311
15:02:30.313,5.10206,15:02:30.313,80.016328,15:02:30.313,0.00264
15:02:30.314,5.203364,15:02:30.314,79.965676,15:02:30.314,0.003297
15:02:30.315,5.18648,15:02:30.315,79.864373,15:02:30.315,0.002969
15:02:30.316,5.169596,15:02:30.316,79.779953,15:02:30.316,0.002969
15:02:30.317,5.169596,15:02:30.317,79.898141,15:02:30.317,0.00264
15:02:30.318,5.18648,15:02:30.318,79.864373,15:02:30.318,0.002311
15:02:30.319,5.118944,15:02:30.319,79.678649,15:02:30.319,0.002969
15:02:30.320,5.135828,15:02:30.320,79.644881,15:02:30.320,0.001982
15:02:30.321,5.169596,15:02:30.321,79.881257,15:02:30.321,0.000996
15:02:30.322,5.135828,15:02:30.322,79.695533,15:02:30.322,0.00264
15:02:30.323,5.068292,15:02:30.323,79.543577,15:02:30.323,0.002311
15:02:30.324,5.169596,15:02:30.324,79.408505,15:02:30.324,0.001982
15:02:30.325,5.10206,15:02:30.325,79.644881,15:02:30.325,0.001653
15:02:30.326,5.034524,15:02:30.326,79.695533,15:02:30.326,0.003297
15:02:30.327,5.051408,15:02:30.327,79.459157,15:02:30.327,0.002969
15:02:30.328,5.068292,15:02:30.328,79.374737,15:02:30.328,0.00264
15:02:30.329,5.068292,15:02:30.329,79.543577,15:02:30.329,0.002969
15:02:30.330,5.034524,15:02:30.330,79.543577,15:02:30.330,0.00264
15:02:30.331,5.034524,15:02:30.331,79.290317,15:02:30.331,0.003297
15:02:30.332,5.01764,15:02:30.332,79.324085,15:02:30.332,0.00264
15:02:30.333,5.01764,15:02:30.333,79.509809,15:02:30.333,0.003626
15:02:30.334,4.966988,15:02:30.334,79.425389,15:02:30.334,0.002311
15:02:30.335,5.000756,15:02:30.335,79.222781,15:02:30.335,0.003297
15:02:30.336,5.068292,15:02:30.336,79.273433,15:02:30.336,0.00264
15:02:30.337,4.983872,15:02:30.337,79.340969,15:02:30.337,0.002969
15:02:30.338,4.983872,15:02:30.338,79.459157,15:02:30.338,0.004284
15:02:30.339,5.000756,15:02:30.339,79.189013,15:02:30.339,0.001982
15:02:30.340,4.950104,15:02:30.340,79.037057,15:02:30.340,0.002311
15:02:30.341,4.865684,15:02:30.341,79.239665,15:02:30.341,0.00264
15:02:30.342,4.882568,15:02:30.342,79.290317,15:02:30.342,0.001982
15:02:30.343,4.899452,15:02:30.343,79.053941,15:02:30.343,0.002311
15:02:30.344,4.8488,15:02:30.344,79.037057,15:02:30.344,0.003297
15:02:30.345,4.8488,15:02:30.345,79.104593,15:02:30.345,0.00264
15:02:30.346,4.882568,15:02:30.346,79.121477,15:02:30.346,0.002969
15:02:30.347,4.8488,15:02:30.347,78.986405,15:02:30.347,0.002311
15:02:30.348,4.882568,15:02:30.348,79.104593,15:02:30.348,0.002969
15:02:30.349,4.815032,15:02:30.349,79.138361,15:02:30.349,0.003297
15:02:30.350,4.865684,15:02:30.350,79.104593,15:02:30.350,0.002969
15:02:30.351,4.8488,15:02:30.351,78.969521,15:02:30.351,0.001653
15:02:30.352,4.815032,15:02:30.352,78.918869,15:02:30.352,0.001982
15:02:30.353,4.798148,15:02:30.353,78.918869,15:02:30.353,0.003626
15:02:30.354,4.8488,15:02:30.354,79.037057,15:02:30.354,0.002969
15:02:30.355,4.916336,15:02:30.355,78.817566,15:02:30.355,0.00264
15:02:30.356,4.93322,15:02:30.356,78.800682,15:02:30.356,0.00264
15:02:30.357,4.865684,15:02:30.357,78.834449,15:02:30.357,0.003626
15:02:30.358,4.865684,15:02:30.358,78.969521,15:02:30.358,0.001653
15:02:30.359,4.916336,15:02:30.359,78.614958,15:02:30.359,0.004284
15:02:30.360,4.899452,15:02:30.360,78.58119,15:02:30.360,0.00264
15:02:30.361,4.899452,15:02:30.361,78.733146,15:02:30.361,0.001982
15:02:30.362,4.815032,15:02:30.362,78.851333,15:02:30.362,0.00264
15:02:30.363,4.882568,15:02:30.363,78.564306,15:02:30.363,0.002311
15:02:30.364,4.798148,15:02:30.364,78.513654,15:02:30.364,0.00264
15:02:30.365,4.747496,15:02:30.365,78.682494,15:02:30.365,0.00264
15:02:30.366,4.747496,15:02:30.366,78.699378,15:02:30.366,0.002311
15:02:30.367,4.815032,15:02:30.367,78.463002,15:02:30.367,0.002311
15:02:30.368,4.747496,15:02:30.368,78.49677,15:02:30.368,0.004284
15:02:30.369,4.730612,15:02:30.369,78.513654,15:02:30.369,0.001982
15:02:30.370,4.730612,15:02:30.370,78.614958,15:02:30.370,0.00264
15:02:30.371,4.59554,15:02:30.371,78.463002,15:02:30.371,0.001982
15:02:30.372,4.730612,15:02:30.372,78.395466,15:02:30.372,0.002311
15:02:30.373,4.696844,15:02:30.373,78.361698,15:02:30.373,0.001982
15:02:30.374,4.67996,15:02:30.374,78.513654,15:02:30.374,0.00264
15:02:30.375,4.696844,15:02:30.375,78.32793,15:02:30.375,0.001982
15:02:30.376,4.663076,15:02:30.376,78.294162,15:02:30.376,0.002311
15:02:30.377,4.612424,15:02:30.377,78.378582,15:02:30.377,0.003955
15:02:30.378,4.629308,15:02:30.378,78.446118,15:02:30.378,0.00264
15:02:30.379,4.696844,15:02:30.379,78.277278,15:02:30.379,0.001982
15:02:30.380,4.612424,15:02:30.380,78.192858,15:02:30.380,0.001982
15:02:30.381,4.612424,15:02:30.381,78.277278,15:02:30.381,0.00264
15:02:30.382,4.578656,15:02:30.382,78.395466,15:02:30.382,0.003297
15:02:30.383,4.544888,15:02:30.383,78.294162,15:02:30.383,0.001653
15:02:30.384,4.561772,15:02:30.384,78.091554,15:02:30.384,0.002969
15:02:30.385,4.578656,15:02:30.385,78.091554,15:02:30.385,0.002969
15:02:30.386,4.528004,15:02:30.386,78.277278,15:02:30.386,0.002311
15:02:30.387,4.561772,15:02:30.387,78.108438,15:02:30.387,0.002311
15:02:30.388,4.561772,15:02:30.388,78.125322,15:02:30.388,0.002311
15:02:30.389,4.578656,15:02:30.389,78.07467,15:02:30.389,0.00264
15:02:30.390,4.578656,15:02:30.390,78.192858,15:02:30.390,0.003626
15:02:30.391,4.544888,15:02:30.391,78.024018,15:02:30.391,0.003297
15:02:30.392,4.629308,15:02:30.392,77.99025,15:02:30.392,0.00264
15:02:30.393,4.59554,15:02:30.393,77.956482,15:02:30.393,0.001982
15:02:30.394,4.612424,15:02:30.394,78.15909,15:02:30.394,0.002969
15:02:30.395,4.646192,15:02:30.395,77.90583,15:02:30.395,0.001982
15:02:30.396,4.612424,15:02:30.396,77.855178,15:02:30.396,0.001982
15:02:30.397,4.747496,15:02:30.397,77.804526,15:02:30.397,0.00264
15:02:30.398,4.629308,15:02:30.398,77.939598,15:02:30.398,0.002969
15:02:30.399,4.629308,15:02:30.399,77.855178,15:02:30.399,0.003297
15:02:30.400,4.59554,15:02:30.400,77.770758,15:02:30.400,0.00264
15:02:30.401,4.578656,15:02:30.401,77.770758,15:02:30.401,0.003297
15:02:30.402,4.494236,15:02:30.402,77.922714,15:02:30.402,0.001325
15:02:30.403,4.578656,15:02:30.403,77.753874,15:02:30.403,0.002311
15:02:30.404,4.578656,15:02:30.404,77.534383,15:02:30.404,0.001982
15:02:30.405,4.544888,15:02:30.405,77.551267,15:02:30.405,0.001982
15:02:30.406,4.477352,15:02:30.406,77.82141,15:02:30.406,0.001653
15:02:30.407,4.460468,15:02:30.407,77.517499,15:02:30.407,0.002311
15:02:30.408,4.4267,15:02:30.408,77.500615,15:02:30.408,0.002311
15:02:30.409,4.443584,15:02:30.409,77.551267,15:02:30.409,0.000996
15:02:30.410,4.443584,15:02:30.410,77.652571,15:02:30.410,0.00264
15:02:30.411,4.409816,15:02:30.411,77.601919,15:02:30.411,0.002311
15:02:30.412,4.409816,15:02:30.412,77.500615,15:02:30.412,0.001982
15:02:30.413,4.4267,15:02:30.413,77.449963,15:02:30.413,0.001982
15:02:30.414,4.409816,15:02:30.414,77.669454,15:02:30.414,0.001982
15:02:30.415,4.494236,15:02:30.415,77.652571,15:02:30.415,0.00264
15:02:30.416,4.460468,15:02:30.416,77.298007,15:02:30.416,0.002311
15:02:30.417,4.51112,15:02:30.417,77.179819,15:02:30.417,0.00264
15:02:30.418,4.443584,15:02:30.418,77.517499,15:02:30.418,0.003297
15:02:30.419,4.392932,15:02:30.419,77.213587,15:02:30.419,0.003297
15:02:30.420,4.409816,15:02:30.420,77.179819,15:02:30.420,0.001982
15:02:30.421,4.409816,15:02:30.421,77.010979,15:02:30.421,0.00264
15:02:30.422,4.325396,15:02:30.422,77.298007,15:02:30.422,0.002311
15:02:30.423,4.376048,15:02:30.423,77.095399,15:02:30.423,0.002311
15:02:30.424,4.376048,15:02:30.424,76.842139,15:02:30.424,0.002969
15:02:30.425,4.376048,15:02:30.425,76.859023,15:02:30.425,0.001982
15:02:30.426,4.325396,15:02:30.426,77.078515,15:02:30.426,0.002311
15:02:30.427,4.291628,15:02:30.427,76.977211,15:02:30.427,0.001982
15:02:30.428,4.392932,15:02:30.428,76.842139,15:02:30.428,0.003297
15:02:30.429,4.291628,15:02:30.429,76.808371,15:02:30.429,0.002311
15:02:30.430,4.274744,15:02:30.430,77.129167,15:02:30.430,0.003297
15:02:30.431,4.325396,15:02:30.431,76.960327,15:02:30.431,0.003955
15:02:30.432,4.274744,15:02:30.432,76.842139,15:02:30.432,0.002311
15:02:30.433,4.376048,15:02:30.433,76.791487,15:02:30.433,0.002969
15:02:30.434,4.291628,15:02:30.434,77.095399,15:02:30.434,0.003626
15:02:30.435,4.376048,15:02:30.435,76.960327,15:02:30.435,0.00264
15:02:30.436,4.392932,15:02:30.436,76.774603,15:02:30.436,0.002311
15:02:30.437,4.325396,15:02:30.437,76.723951,15:02:30.437,0.001982
15:02:30.438,4.291628,15:02:30.438,77.044747,15:02:30.438,0.002311
15:02:30.439,4.25786,15:02:30.439,76.875907,15:02:30.439,0.00264
15:02:30.440,4.291628,15:02:30.440,76.639531,15:02:30.440,0.00264
15:02:30.441,4.240976,15:02:30.441,76.470692,15:02:30.441,0.002311
15:02:30.442,4.190324,15:02:30.442,76.774603,15:02:30.442,0.003297
15:02:30.443,4.190324,15:02:30.443,76.757719,15:02:30.443,0.004941
15:02:30.444,4.224092,15:02:30.444,76.403156,15:02:30.444,0.000996
15:02:30.445,4.25786,15:02:30.445,76.352504,15:02:30.445,0.00264
15:02:30.446,4.156556,15:02:30.446,76.707067,15:02:30.446,0.00264
15:02:30.447,4.190324,15:02:30.447,76.673299,15:02:30.447,0.002311
15:02:30.448,4.17344,15:02:30.448,76.436924,15:02:30.448,0.002311
15:02:30.449,4.207208,15:02:30.449,76.403156,15:02:30.449,0.004284
15:02:30.450,4.17344,15:02:30.450,76.690183,15:02:30.450,0.002311
15:02:30.451,4.105904,15:02:30.451,76.673299,15:02:30.451,0.001982
15:02:30.452,4.25786,15:02:30.452,76.453808,15:02:30.452,0.00264
15:02:30.453,4.207208,15:02:30.453,76.403156,15:02:30.453,0.002311
15:02:30.454,4.139672,15:02:30.454,76.673299,15:02:30.454,0.00264
15:02:30.455,4.207208,15:02:30.455,76.656415,15:02:30.455,0.001982
15:02:30.456,4.190324,15:02:30.456,76.352504,15:02:30.456,0.002311
15:02:30.457,4.224092,15:02:30.457,76.369388,15:02:30.457,0.00264
15:02:30.458,4.17344,15:02:30.458,76.555111,15:02:30.458,0.001325
15:02:30.459,4.190324,15:02:30.459,76.571995,15:02:30.459,0.001653
15:02:30.460,4.240976,15:02:30.460,76.183664,15:02:30.460,0.00264
15:02:30.461,4.240976,15:02:30.461,76.048592,15:02:30.461,0.00264
15:02:30.462,4.122788,15:02:30.462,76.318736,15:02:30.462,0.001653
15:02:30.463,4.105904,15:02:30.463,76.436924,15:02:30.463,0.003297
15:02:30.464,4.156556,15:02:30.464,75.99794,15:02:30.464,0.002311
15:02:30.465,4.17344,15:02:30.465,76.031708,15:02:30.465,0.003626
15:02:30.466,4.055252,15:02:30.466,76.268084,15:02:30.466,0.003297
15:02:30.467,4.139672,15:02:30.467,76.369388,15:02:30.467,0.004284
15:02:30.468,4.105904,15:02:30.468,76.048592,15:02:30.468,0.001653
15:02:30.469,4.072136,15:02:30.469,76.149896,15:02:30.469,0.001325
15:02:30.470,4.0046,15:02:30.470,76.369388,15:02:30.470,0.003297
15:02:30.471,4.021484,15:02:30.471,76.403156,15:02:30.471,0.00264
15:02:30.472,4.072136,15:02:30.472,76.234316,15:02:30.472,0.00264
15:02:30.473,4.038368,15:02:30.473,76.16678,15:02:30.473,0.002311
15:02:30.474,4.08902,15:02:30.474,76.301852,15:02:30.474,0.002969
15:02:30.475,4.038368,15:02:30.475,76.33562,15:02:30.475,0.002969
15:02:30.476,4.055252,15:02:30.476,76.16678,15:02:30.476,0.001653
15:02:30.477,4.055252,15:02:30.477,76.16678,15:02:30.477,0.003955
15:02:30.478,4.0046,15:02:30.478,76.133012,15:02:30.478,0.002311
15:02:30.479,3.953948,15:02:30.479,76.099244,15:02:30.479,0.002311
15:02:30.480,3.987716,15:02:30.480,76.065476,15:02:30.480,0.001982
15:02:30.481,3.953948,15:02:30.481,75.91352,15:02:30.481,0.003297
15:02:30.482,3.953948,15:02:30.482,76.08236,15:02:30.482,0.002969
15:02:30.483,3.903296,15:02:30.483,76.099244,15:02:30.483,0.002311
15:02:30.484,3.886412,15:02:30.484,75.8291,15:02:30.484,0.002311
15:02:30.485,3.953948,15:02:30.485,75.862868,15:02:30.485,0.001653
15:02:30.486,3.903296,15:02:30.486,75.896636,15:02:30.486,0.00264
15:02:30.487,3.852644,15:02:30.487,76.014824,15:02:30.487,0.003297
15:02:30.488,3.92018,15:02:30.488,75.896636,15:02:30.488,0.002969
15:02:30.489,3.886412,15:02:30.489,75.845984,15:02:30.489,0.002969
15:02:30.490,3.818876,15:02:30.490,75.896636,15:02:30.490,0.00264
15:02:30.491,3.801992,15:02:30.491,75.845984,15:02:30.491,0.001653
15:02:30.492,3.886412,15:02:30.492,75.795332,15:02:30.492,0.002311
15:02:30.493,3.886412,15:02:30.493,75.795332,15:02:30.493,0.002969
15:02:30.494,3.937064,15:02:30.494,75.812216,15:02:30.494,0.00264
15:02:30.495,3.953948,15:02:30.495,75.896636,15:02:30.495,0.002969
15:02:30.496,3.953948,15:02:30.496,75.845984,15:02:30.496,0.002969
15:02:30.497,3.937064,15:02:30.497,75.761564,15:02:30.497,0.00264
15:02:30.498,3.953948,15:02:30.498,75.727796,15:02:30.498,0.002311
15:02:30.499,3.886412,15:02:30.499,75.879752,15:02:30.499,0.004612
15:02:30.500,3.869528,15:02:30.500,75.66026,15:02:30.500,0.002311
15:02:30.501,3.903296,15:02:30.501,75.592724,15:02:30.501,0.001325
15:02:30.502,3.852644,15:02:30.502,75.57584,15:02:30.502,0.003626
15:02:30.503,3.937064,15:02:30.503,75.626492,15:02:30.503,0.003297
15:02:30.504,3.83576,15:02:30.504,75.542072,15:02:30.504,0.00264
15:02:30.505,3.83576,15:02:30.505,75.423884,15:02:30.505,0.001982
15:02:30.506,3.83576,15:02:30.506,75.390116,15:02:30.506,0.002969
15:02:30.507,3.768224,15:02:30.507,75.542072,15:02:30.507,0.00264
15:02:30.508,3.818876,15:02:30.508,75.356348,15:02:30.508,0.00264
15:02:30.509,3.801992,15:02:30.509,75.305696,15:02:30.509,0.001325
15:02:30.510,3.801992,15:02:30.510,75.407,15:02:30.510,0.002969
15:02:30.511,3.734456,15:02:30.511,75.609608,15:02:30.511,0.001325
15:02:30.512,3.734456,15:02:30.512,75.49142,15:02:30.512,0.003626
15:02:30.513,3.768224,15:02:30.513,75.373232,15:02:30.513,0.002969
15:02:30.514,3.869528,15:02:30.514,75.32258,15:02:30.514,0.003297
15:02:30.515,3.785108,15:02:30.515,75.592724,15:02:30.515,0.001653
15:02:30.516,3.801992,15:02:30.516,75.390116,15:02:30.516,0.00264
15:02:30.517,3.852644,15:02:30.517,75.221277,15:02:30.517,0.00264
15:02:30.518,3.801992,15:02:30.518,75.288812,15:02:30.518,0.003626
15:02:30.519,3.717572,15:02:30.519,75.474536,15:02:30.519,0.001982
15:02:30.520,3.734456,15:02:30.520,75.271929,15:02:30.520,0.001653
15:02:30.521,3.717572,15:02:30.521,75.103089,15:02:30.521,0.00264
15:02:30.522,3.734456,15:02:30.522,75.018669,15:02:30.522,0.002969
15:02:30.523,3.700688,15:02:30.523,75.221277,15:02:30.523,0.001982
15:02:30.524,3.700688,15:02:30.524,75.035553,15:02:30.524,0.003297
15:02:30.525,3.717572,15:02:30.525,75.018669,15:02:30.525,0.001982
15:02:30.526,3.66692,15:02:30.526,75.001785,15:02:30.526,0.001325
15:02:30.527,3.66692,15:02:30.527,75.086205,15:02:30.527,0.003297
15:02:30.528,3.633152,15:02:30.528,75.119973,15:02:30.528,0.002311
15:02:30.529,3.599384,15:02:30.529,74.951133,15:02:30.529,0.004284
15:02:30.530,3.650036,15:02:30.530,74.984901,15:02:30.530,0.00264
15:02:30.531,3.633152,15:02:30.531,75.119973,15:02:30.531,0.002969
15:02:30.532,3.66692,15:02:30.532,75.035553,15:02:30.532,0.002311
15:02:30.533,3.66692,15:02:30.533,75.018669,15:02:30.533,0.002311
15:02:30.534,3.650036,15:02:30.534,75.086205,15:02:30.534,0.003626
15:02:30.535,3.650036,15:02:30.535,75.136857,15:02:30.535,0.00264
15:02:30.536,3.633152,15:02:30.536,75.069321,15:02:30.536,0.001982
15:02:30.537,3.717572,15:02:30.537,74.900481,15:02:30.537,0.00264
15:02:30.538,3.66692,15:02:30.538,74.934249,15:02:30.538,0.003297
15:02:30.539,3.650036,15:02:30.539,75.001785,15:02:30.539,0.001653
15:02:30.540,3.633152,15:02:30.540,74.900481,15:02:30.540,0.003297
15:02:30.541,3.650036,15:02:30.541,74.714757,15:02:30.541,0.00264
15:02:30.542,3.565616,15:02:30.542,74.647221,15:02:30.542,0.002969
15:02:30.543,3.599384,15:02:30.543,74.765409,15:02:30.543,0.00264
15:02:30.544,3.565616,15:02:30.544,74.765409,15:02:30.544,0.002311
15:02:30.545,3.5825,15:02:30.545,74.647221,15:02:30.545,0.002969
15:02:30.546,3.531848,15:02:30.546,74.596569,15:02:30.546,0.003297
15:02:30.547,3.5825,15:02:30.547,74.748525,15:02:30.547,0.00264
15:02:30.548,3.565616,15:02:30.548,74.680989,15:02:30.548,0.002311
15:02:30.549,3.531848,15:02:30.549,74.562801,15:02:30.549,0.000996
15:02:30.550,3.49808,15:02:30.550,74.461497,15:02:30.550,0.004941
15:02:30.551,3.5825,15:02:30.551,74.596569,15:02:30.551,0.002969
15:02:30.552,3.514964,15:02:30.552,74.630337,15:02:30.552,0.002311
15:02:30.553,3.565616,15:02:30.553,74.512149,15:02:30.553,0.001325
15:02:30.554,3.5825,15:02:30.554,74.495265,15:02:30.554,0.001982
15:02:30.555,3.565616,15:02:30.555,74.562801,15:02:30.555,0.001982
15:02:30.556,3.565616,15:02:30.556,74.579685,15:02:30.556,0.002311
15:02:30.557,3.633152,15:02:30.557,74.461497,15:02:30.557,0.00264
15:02:30.558,3.633152,15:02:30.558,74.377077,15:02:30.558,0.001982
15:02:30.559,3.565616,15:02:30.559,74.579685,15:02:30.559,0.003955
15:02:30.560,3.565616,15:02:30.560,74.444613,15:02:30.560,0.003297
15:02:30.561,3.531848,15:02:30.561,74.258889,15:02:30.561,0.003626
15:02:30.562,3.531848,15:02:30.562,74.225121,15:02:30.562,0.002311
15:02:30.563,3.481196,15:02:30.563,74.360193,15:02:30.563,0.002969
15:02:30.564,3.514964,15:02:30.564,74.427729,15:02:30.564,0.003626
15:02:30.565,3.41366,15:02:30.565,74.208237,15:02:30.565,0.001653
15:02:30.566,3.430544,15:02:30.566,74.123817,15:02:30.566,0.002311
15:02:30.567,3.41366,15:02:30.567,74.258889,15:02:30.567,0.00264
15:02:30.568,3.447428,15:02:30.568,74.208237,15:02:30.568,0.001982
15:02:30.569,3.430544,15:02:30.569,74.056282,15:02:30.569,0.002311
15:02:30.570,3.430544,15:02:30.570,74.106933,15:02:30.570,0.002969
15:02:30.571,3.481196,15:02:30.571,74.191353,15:02:30.571,0.002969
15:02:30.572,3.396776,15:02:30.572,74.275773,15:02:30.572,0.001982
15:02:30.573,3.49808,15:02:30.573,74.056282,15:02:30.573,0.001982
15:02:30.574,3.430544,15:02:30.574,74.073165,15:02:30.574,0.003297
15:02:30.575,3.481196,15:02:30.575,74.242005,15:02:30.575,0.003297
15:02:30.576,3.481196,15:02:30.576,74.309541,15:02:30.576,0.00264
15:02:30.577,3.481196,15:02:30.577,74.140701,15:02:30.577,0.001982
15:02:30.578,3.447428,15:02:30.578,74.039398,15:02:30.578,0.003297
15:02:30.579,3.430544,15:02:30.579,74.090049,15:02:30.579,0.706598
15:02:30.580,3.481196,15:02:30.580,74.090049,15:02:30.580,6.528621
15:02:30.581,3.447428,15:02:30.581,73.786138,15:02:30.581,8.434322
15:02:30.582,3.447428,15:02:30.582,73.938094,15:02:30.582,8.50304
15:02:30.583,3.430544,15:02:30.583,74.00563,15:02:30.583,8.531317
15:02:30.584,3.447428,15:02:30.584,74.056282,15:02:30.584,8.560908
15:02:30.585,3.430544,15:02:30.585,73.684834,15:02:30.585,8.596747
15:02:30.586,3.312356,15:02:30.586,73.634182,15:02:30.586,8.695714
15:02:30.587,3.1604,15:02:30.587,73.803022,15:02:30.587,8.713141
15:02:30.588,3.143516,15:02:30.588,73.819906,15:02:30.588,8.730567
15:02:30.589,3.177284,15:02:30.589,73.634182,15:02:30.589,8.72432
15:02:30.590,3.24482,15:02:30.590,73.617298,15:02:30.590,8.689467
15:02:30.591,3.633152,15:02:30.591,73.684834,15:02:30.591,8.643765
15:02:30.592,4.291628,15:02:30.592,73.819906,15:02:30.592,8.669082
15:02:30.593,5.591696,15:02:30.593,73.735486,15:02:30.593,8.748979
15:02:30.594,7.719079,15:02:30.594,73.634182,15:02:30.594,8.760487
15:02:30.595,11.298486,15:02:30.595,73.769254,15:02:30.595,8.766405
15:02:30.596,17.646868,15:02:30.596,74.00563,15:02:30.596,8.73517
15:02:30.597,25.700533,15:02:30.597,73.83679,15:02:30.597,8.689796
15:02:30.598,34.378906,15:02:30.598,73.803022,15:02:30.598,8.686837
15:02:30.599,43.394958,15:02:30.599,73.701718,15:02:30.599,8.755226
15:02:30.600,53.204556,15:02:30.600,73.786138,15:02:30.600,8.771337
15:02:30.601,62.845314,15:02:30.601,73.41469,15:02:30.601,8.779886
15:02:30.602,72.452303,15:02:30.602,73.24585,15:02:30.602,8.77331
15:02:30.603,81.789147,15:02:30.603,73.515994,15:02:30.603,8.699331
15:02:30.604,91.159758,15:02:30.604,73.718602,15:02:30.604,8.692755
15:02:30.605,100.260224,15:02:30.605,73.397806,15:02:30.605,8.759829
15:02:30.606,109.630833,15:02:30.606,73.33027,15:02:30.606,8.781201
15:02:30.607,118.781948,15:02:30.607,73.212082,15:02:30.607,8.798627
15:02:30.608,125.130323,15:02:30.608,73.364038,15:02:30.608,8.724648
15:02:30.609,124.944599,15:02:30.609,72.941938,15:02:30.609,8.71051
15:02:30.610,121.685992,15:02:30.610,72.925054,15:02:30.610,8.758843
15:02:30.611,117.802678,15:02:30.611,73.397806,15:02:30.611,8.763117
15:02:30.612,110.238656,15:02:30.612,73.769254,15:02:30.612,8.778242
15:02:30.613,99.753705,15:02:30.613,73.549762,15:02:30.613,8.782516
15:02:30.614,94.620974,15:02:30.614,73.684834,15:02:30.614,8.715771
15:02:30.615,89.454476,15:02:30.615,73.701718,15:02:30.615,8.681576
15:02:30.616,79.425389,15:02:30.616,73.988746,15:02:30.616,8.7161
15:02:30.617,70.088545,15:02:30.617,73.566646,15:02:30.617,8.767392
15:02:30.618,63.723281,15:02:30.618,73.515994,15:02:30.618,8.777256
15:02:30.619,58.387941,15:02:30.619,73.701718,15:02:30.619,8.733197
15:02:30.620,55.399475,15:02:30.620,73.954978,15:02:30.620,8.700318
15:02:30.621,54.842303,15:02:30.621,73.786138,15:02:30.621,8.75161
15:02:30.622,58.945113,15:02:30.622,73.634182,15:02:30.622,8.775283
15:02:30.623,67.336455,15:02:30.623,73.819906,15:02:30.623,8.778242
15:02:30.624,77.669454,15:02:30.624,74.157585,15:02:30.624,8.786791
15:02:30.625,87.580353,15:02:30.625,74.191353,15:02:30.625,8.733526
15:02:30.626,97.457483,15:02:30.626,74.242005,15:02:30.626,8.710181
15:02:30.627,105.139694,15:02:30.627,74.478381,15:02:30.627,8.723662
15:02:30.628,109.377573,15:02:30.628,74.968017,15:02:30.628,8.787119
15:02:30.629,109.647717,15:02:30.629,74.900481,15:02:30.629,8.781859
15:02:30.630,107.689175,15:02:30.630,74.900481,15:02:30.630,8.765748
15:02:30.631,103.873396,15:02:30.631,75.119973,15:02:30.631,8.717086
15:02:30.632,100.142036,15:02:30.632,75.66026,15:02:30.632,8.684864
15:02:30.633,97.727627,15:02:30.633,75.525188,15:02:30.633,8.685522
15:02:30.634,98.723782,15:02:30.634,75.440768,15:02:30.634,8.730567
15:02:30.635,101.121307,15:02:30.635,75.694028,15:02:30.635,8.729909
15:02:30.636,104.126655,15:02:30.636,76.099244,15:02:30.636,8.740759
15:02:30.637,106.591716,15:02:30.637,75.981056,15:02:30.637,8.741746
15:02:30.638,111.386766,15:02:30.638,76.065476,15:02:30.638,8.680261
15:02:30.639,111.116623,15:02:30.639,76.16678,15:02:30.639,8.654944
15:02:30.640,111.336114,15:02:30.640,76.774603,15:02:30.640,8.673685
15:02:30.641,109.394457,15:02:30.641,76.960327,15:02:30.641,8.763117
15:02:30.642,107.0307,15:02:30.642,77.061631,15:02:30.642,8.762789
15:02:30.643,105.359186,15:02:30.643,77.146051,15:02:30.643,8.744047
15:02:30.644,106.051429,15:02:30.644,77.804526,15:02:30.644,8.725635
15:02:30.645,108.34765,15:02:30.645,77.922714,15:02:30.645,8.668096
15:02:30.646,111.217927,15:02:30.646,78.15909,15:02:30.646,8.639819
15:02:30.647,114.999937,15:02:30.647,78.800682,15:02:30.647,8.624695
15:02:30.648,119.778103,15:02:30.648,79.661765,15:02:30.648,8.688152
15:02:30.649,123.104246,15:02:30.649,80.455312,15:02:30.649,8.704921
15:02:30.650,124.708223,15:02:30.650,81.434583,15:02:30.650,8.699331
15:02:30.651,125.535538,15:02:30.651,82.920374,15:02:30.651,8.695714
15:02:30.652,125.383582,15:02:30.652,84.591888,15:02:30.652,8.69144
15:02:30.653,123.610765,15:02:30.653,85.655579,15:02:30.653,8.682563
15:02:30.654,122.023671,15:02:30.654,86.80369,15:02:30.654,8.614831
15:02:30.655,119.693683,15:02:30.655,87.867381,15:02:30.655,8.600364
15:02:30.656,117.836446,15:02:30.656,88.644044,15:02:30.656,8.633901
15:02:30.657,116.620799,15:02:30.657,89.353172,15:02:30.657,8.714456
15:02:30.658,116.705219,15:02:30.658,89.994763,15:02:30.658,8.722676
15:02:30.659,119.457307,15:02:30.659,90.214255,15:02:30.659,8.718401
15:02:30.660,123.340622,15:02:30.660,90.349327,15:02:30.660,8.722676
15:02:30.661,126.042057,15:02:30.661,90.70389,15:02:30.661,8.725635
15:02:30.662,128.895449,15:02:30.662,91.261062,15:02:30.662,8.651656
15:02:30.663,129.688996,15:02:30.663,91.058454,15:02:30.663,8.633243
15:02:30.664,128.557769,15:02:30.664,91.092222,15:02:30.664,8.633901
15:02:30.665,125.805682,15:02:30.665,91.244178,15:02:30.665,8.717415
15:02:30.666,122.86787,15:02:30.666,90.95715,15:02:30.666,8.731882
15:02:30.667,118.646876,15:02:30.667,90.214255,15:02:30.667,8.739773
15:02:30.668,114.442766,15:02:30.668,89.859691,15:02:30.668,8.74043
15:02:30.669,110.441264,15:02:30.669,90.70389,15:02:30.669,8.749966
15:02:30.670,106.372225,15:02:30.670,91.37925,15:02:30.670,8.682891
15:02:30.671,104.261727,15:02:30.671,92.088377,15:02:30.671,8.646724
15:02:30.672,103.046081,15:02:30.672,92.881924,15:02:30.672,8.66678
15:02:30.673,102.505793,15:02:30.673,94.35083,15:02:30.673,8.729251
15:02:30.674,102.691517,15:02:30.674,95.971693,15:02:30.674,8.741746
15:02:30.675,105.105926,15:02:30.675,97.592555,15:02:30.675,2.379854
15:02:30.676,110.069816,15:02:30.676,97.795163,15:02:30.676,1.935647
15:02:30.677,114.983053,15:02:30.677,97.525019,15:02:30.677,1.541418
15:02:30.678,119.507959,15:02:30.678,97.237991,15:02:30.678,1.202426
15:02:30.679,122.766566,15:02:30.679,96.866544,15:02:30.679,0.945963
15:02:30.680,124.758875,15:02:30.680,96.292488,15:02:30.680,0.725339
15:02:30.681,125.045903,15:02:30.681,96.140533,15:02:30.681,0.535951
15:02:30.682,123.171782,15:02:30.682,96.731472,15:02:30.682,0.346234
15:02:30.683,119.862523,15:02:30.683,96.697704,15:02:30.683,0.173615
15:02:30.684,115.793484,15:02:30.684,95.650897,15:02:30.684,0.013819
15:02:30.685,112.467341,15:02:30.685,94.215759,15:02:30.685,-0.014129
15:02:30.686,107.841131,15:02:30.686,94.43525,15:02:30.686,0.004284
15:02:30.687,103.096733,15:02:30.687,96.191185,15:02:30.687,0.001325
15:02:30.688,99.145881,15:02:30.688,97.271759,15:02:30.688,0.003297
15:02:30.689,94.418366,15:02:30.689,98.149726,15:02:30.689,0.00264
15:02:30.690,92.358521,15:02:30.690,98.892622,15:02:30.690,0.003297
15:02:30.691,91.970189,15:02:30.691,98.943273,15:02:30.691,0.001653
15:02:30.692,90.568818,15:02:30.692,98.774434,15:02:30.692,0.003297
15:02:30.693,88.171293,15:02:30.693,98.960157,15:02:30.693,0.000996
15:02:30.694,85.976375,15:02:30.694,99.855008,15:02:30.694,0.00264
15:02:30.695,84.828264,15:02:30.695,100.884931,15:02:30.695,0.002969
15:02:30.696,82.937258,15:02:30.696,101.425219,15:02:30.696,0.002311
15:02:30.697,79.864373,15:02:30.697,101.72913,15:02:30.697,0.003626
15:02:30.698,76.217432,15:02:30.698,101.948622,15:02:30.698,0.00264
15:02:30.699,73.16143,15:02:30.699,102.573329,15:02:30.699,0.002969
15:02:30.700,71.16912,15:02:30.700,103.029197,15:02:30.700,0.001982
15:02:30.701,69.278113,15:02:30.701,103.38376,15:02:30.701,0.002311
15:02:30.702,67.100079,15:02:30.702,103.113617,15:02:30.702,0.002969
15:02:30.703,65.310376,15:02:30.703,103.586368,15:02:30.703,0.003297
15:02:30.704,64.111613,15:02:30.704,104.126655,15:02:30.704,0.002311
15:02:30.705,64.331105,15:02:30.705,103.772092,15:02:30.705,0.003297
15:02:30.706,64.533713,15:02:30.706,102.607097,15:02:30.706,0.002969
15:02:30.707,64.229801,15:02:30.707,101.72913,15:02:30.707,0.001325
15:02:30.708,63.33495,15:02:30.708,101.931738,15:02:30.708,0.004284
15:02:30.709,62.642706,15:02:30.709,102.303186,15:02:30.709,0.002969
15:02:30.710,61.612783,15:02:30.710,101.847318,15:02:30.710,0.00264
15:02:30.711,60.717931,15:02:30.711,101.509639,15:02:30.711,0.002311
15:02:30.712,58.911345,15:02:30.712,101.56029,15:02:30.712,0.003626
15:02:30.713,56.699542,15:02:30.713,102.033042,15:02:30.713,0.003297
15:02:30.714,54.757883,15:02:30.714,102.505793,15:02:30.714,0.003297
15:02:30.715,53.035716,15:02:30.715,103.349992,15:02:30.715,0.00264
15:02:30.716,51.718765,15:02:30.716,104.430567,15:02:30.716,0.001982
15:02:30.717,49.945946,15:02:30.717,104.903318,15:02:30.717,0.003297
15:02:30.718,48.308199,15:02:30.718,104.785131,15:02:30.718,0.002311
15:02:30.719,46.53538,15:02:30.719,104.768247,15:02:30.719,0.00264
15:02:30.720,45.302849,15:02:30.720,105.004622,15:02:30.720,0.002969
15:02:30.721,44.543069,15:02:30.721,105.37607,15:02:30.721,0.002969
15:02:30.722,43.378074,15:02:30.722,104.751363,15:02:30.722,0.00264
15:02:30.723,42.668946,15:02:30.723,103.940932,15:02:30.723,0.003626
15:02:30.724,42.398802,15:02:30.724,103.282456,15:02:30.724,0.003626
15:02:30.725,42.500106,15:02:30.725,102.809705,15:02:30.725,0.00264
15:02:30.726,42.955974,15:02:30.726,101.965506,15:02:30.726,0.002969
15:02:30.727,43.10793,15:02:30.727,101.509639,15:02:30.727,0.002311
15:02:30.728,42.972858,15:02:30.728,101.256379,15:02:30.728,0.001982
15:02:30.729,42.888438,15:02:30.729,101.290147,15:02:30.729,0.004284
15:02:30.730,42.702714,15:02:30.730,101.256379,15:02:30.730,0.002311
15:02:30.731,42.449454,15:02:30.731,101.492755,15:02:30.731,0.003297
15:02:30.732,42.314382,15:02:30.732,101.847318,15:02:30.732,0.004941
15:02:30.733,42.246846,15:02:30.733,102.590213,15:02:30.733,0.00264
15:02:30.734,41.58837,15:02:30.734,102.725285,15:02:30.734,0.001325
15:02:30.735,40.929895,15:02:30.735,102.742169,15:02:30.735,0.003297
15:02:30.736,40.220767,15:02:30.736,102.978545,15:02:30.736,0.002969
15:02:30.737,39.444104,15:02:30.737,103.5526,15:02:30.737,0.003297
15:02:30.738,38.768744,15:02:30.738,103.282456,15:02:30.738,0.003955
15:02:30.739,38.16092,15:02:30.739,103.062965,15:02:30.739,0.002311
15:02:30.740,38.0765,15:02:30.740,102.775937,15:02:30.740,0.001653
15:02:30.741,38.363528,15:02:30.741,102.623981,15:02:30.741,0.002969
15:02:30.742,38.599904,15:02:30.742,102.016158,15:02:30.742,0.001653
15:02:30.743,38.4986,15:02:30.743,101.458987,15:02:30.743,0.00264
15:02:30.744,36.945273,15:02:30.744,101.138191,15:02:30.744,0.00264
15:02:30.745,32.251523,15:02:30.745,100.884931,15:02:30.745,0.003626
15:02:30.746,26.223937,15:02:30.746,100.310876,15:02:30.746,0.00264
15:02:30.747,21.158739,15:02:30.747,100.15892,15:02:30.747,0.001982
15:02:30.748,15.958469,15:02:30.748,99.922544,15:02:30.748,0.004284
15:02:30.749,10.47117,15:02:30.749,100.040732,15:02:30.749,0.003955
15:02:30.750,5.051408,15:02:30.750,100.006964,15:02:30.750,0.001325
15:02:30.751,0.391425,15:02:30.751,99.770589,15:02:30.751,0.001325
15:02:30.752,-2.37755,15:02:30.752,99.719937,15:02:30.752,0.002969
15:02:30.753,-3.154214,15:02:30.753,99.922544,15:02:30.753,0.001982
15:02:30.754,-3.289286,15:02:30.754,99.804356,15:02:30.754,0.002311
15:02:30.755,-3.339938,15:02:30.755,99.567981,15:02:30.755,0.001325
15:02:30.756,-3.356822,15:02:30.756,99.483561,15:02:30.756,0.001982
15:02:30.757,-3.356822,15:02:30.757,99.500445,15:02:30.757,0.00264
15:02:30.758,-3.323054,15:02:30.758,99.179649,15:02:30.758,0.002969
15:02:30.759,-3.238634,15:02:30.759,98.75755,15:02:30.759,0.002969
15:02:30.760,-3.103562,15:02:30.760,98.386102,15:02:30.760,0.004284
15:02:30.761,-2.495738,15:02:30.761,98.267914,15:02:30.761,0.002311
15:02:30.762,-0.722919,15:02:30.762,97.879583,15:02:30.762,0.00264
15:02:30.763,2.130477,15:02:30.763,97.474367,15:02:30.763,0.001982
15:02:30.764,5.43974,15:02:30.764,97.254875,15:02:30.764,0.003297
15:02:30.765,9.086683,15:02:30.765,97.187339,15:02:30.765,0.003626
15:02:30.766,12.649206,15:02:30.766,96.900312,15:02:30.766,0.003297
15:02:30.767,16.194845,15:02:30.767,96.562632,15:02:30.767,0.003955
15:02:30.768,19.47034,15:02:30.768,96.360024,15:02:30.768,0.001325
15:02:30.769,22.408155,15:02:30.769,96.444444,15:02:30.769,0.002311
15:02:30.770,24.890102,15:02:30.770,96.022345,15:02:30.770,0.002969
15:02:30.771,26.679805,15:02:30.771,95.769085,15:02:30.771,0.001653
15:02:30.772,27.827917,15:02:30.772,95.617129,15:02:30.772,0.000338
15:02:30.773,28.35132,15:02:30.773,95.769085,15:02:30.773,0.001982
15:02:30.774,28.216248,15:02:30.774,95.583361,15:02:30.774,0.002311
15:02:30.775,27.540889,15:02:30.775,95.296333,15:02:30.775,0.002311
15:02:30.776,26.409661,15:02:30.776,95.178146,15:02:30.776,0.003297
15:02:30.777,24.856334,15:02:30.777,95.279449,15:02:30.777,0.004284
15:02:30.778,22.965326,15:02:30.778,95.127494,15:02:30.778,0.003297
15:02:30.779,20.989899,15:02:30.779,94.908002,15:02:30.779,0.002969
15:02:30.780,18.727444,15:02:30.780,94.806698,15:02:30.780,0.003955
15:02:30.781,16.397453,15:02:30.781,94.789814,15:02:30.781,0.00264
15:02:30.782,13.949273,15:02:30.782,94.68851,15:02:30.782,0.00264
15:02:30.783,11.602398,15:02:30.783,94.452134,15:02:30.783,0.002311
15:02:30.784,9.424363,15:02:30.784,94.198875,15:02:30.784,0.001653
15:02:30.785,7.347631,15:02:30.785,94.232643,15:02:30.785,0.003626
15:02:30.786,5.473508,15:02:30.786,94.148223,15:02:30.786,0.002311
15:02:30.787,3.92018,15:02:30.787,93.709239,15:02:30.787,0.002311
15:02:30.788,2.620113,15:02:30.788,93.591051,15:02:30.788,0.002311
15:02:30.789,1.657725,15:02:30.789,93.759891,15:02:30.789,0.001653
15:02:30.790,1.134321,15:02:30.790,93.489747,15:02:30.790,0.00264
15:02:30.791,1.201857,15:02:30.791,93.000112,15:02:30.791,0.000667
15:02:30.792,1.573305,15:02:30.792,93.03388,15:02:30.792,0.003626
15:02:30.793,2.366853,15:02:30.793,93.253372,15:02:30.793,0.003955
15:02:30.794,3.514964,15:02:30.794,93.253372,15:02:30.794,0.00264
15:02:30.795,4.983872,15:02:30.795,92.746852,15:02:30.795,0.00264
15:02:30.796,6.621619,15:02:30.796,92.729968,15:02:30.796,0.00264
15:02:30.797,8.428207,15:02:30.797,93.000112,15:02:30.797,0.001653
15:02:30.798,10.319214,15:02:30.798,92.983228,15:02:30.798,0.001982
15:02:30.799,12.176454,15:02:30.799,92.510476,15:02:30.799,0.003626
15:02:30.800,14.236301,15:02:30.800,92.375405,15:02:30.800,0.002311
15:02:30.801,16.228613,15:02:30.801,92.645548,15:02:30.801,0.002969
15:02:30.802,18.102736,15:02:30.802,92.578012,15:02:30.802,0.002969
15:02:30.803,19.993743,15:02:30.803,92.071493,15:02:30.803,0.002969
15:02:30.804,21.411999,15:02:30.804,91.868885,15:02:30.804,0.00264
15:02:30.805,22.138011,15:02:30.805,92.139029,15:02:30.805,0.003297
15:02:30.806,22.408155,15:02:30.806,92.189681,15:02:30.806,0.003297
15:02:30.807,23.100398,15:02:30.807,91.700045,15:02:30.807,0.002969
15:02:30.808,23.48873,15:02:30.808,91.531205,15:02:30.808,0.004284
15:02:30.809,22.509459,15:02:30.809,91.818233,15:02:30.809,0.001982
15:02:30.810,21.445767,15:02:30.810,91.885769,15:02:30.810,0.002969
15:02:30.811,20.669103,15:02:30.811,91.581857,15:02:30.811,0.003297
15:02:30.812,19.402804,15:02:30.812,91.581857,15:02:30.812,0.003297
15:02:30.813,18.558604,15:02:30.813,91.919537,15:02:30.813,0.002311
15:02:30.814,17.69752,15:02:30.814,92.071493,15:02:30.814,0.003626
15:02:30.815,16.380569,15:02:30.815,91.868885,15:02:30.815,0.001982
15:02:30.816,15.012965,15:02:30.816,92.054609,15:02:30.816,0.003297
15:02:30.817,13.814201,15:02:30.817,92.459824,15:02:30.817,0.003955
15:02:30.818,12.345294,15:02:30.818,92.746852,15:02:30.818,0.001982
15:02:30.819,10.572474,15:02:30.819,92.544244,15:02:30.819,0.003297
15:02:30.820,8.630815,15:02:30.820,92.645548,15:02:30.820,0.002311
15:02:30.821,7.752847,15:02:30.821,92.94946,15:02:30.821,0.002311
15:02:30.822,7.617775,15:02:30.822,93.050764,15:02:30.822,0.003297
15:02:30.823,7.415167,15:02:30.823,92.52736,15:02:30.823,0.001653
15:02:30.824,7.128139,15:02:30.824,92.561128,15:02:30.824,0.003297
15:02:30.825,7.296979,15:02:30.825,92.729968,15:02:30.825,0.002311
15:02:30.826,7.567123,15:02:30.826,92.679316,15:02:30.826,0.003955
15:02:30.827,8.107411,15:02:30.827,92.122145,15:02:30.827,0.002311
15:02:30.828,8.749003,15:02:30.828,91.936421,15:02:30.828,0.004941
15:02:30.829,9.626971,15:02:30.829,92.139029,15:02:30.829,0.002969
15:02:30.830,10.623126,15:02:30.830,92.240333,15:02:30.830,0.003297
15:02:30.831,11.73747,15:02:30.831,91.835117,15:02:30.831,0.001653
15:02:30.832,13.17261,15:02:30.832,91.936421,15:02:30.832,0.00264
15:02:30.833,14.506445,15:02:30.833,92.206565,15:02:30.833,0.004284
15:02:30.834,15.435065,15:02:30.834,92.594896,15:02:30.834,0.002969
15:02:30.835,16.245497,15:02:30.835,92.476708,15:02:30.835,0.00264
15:02:30.836,17.089696,15:02:30.836,92.594896,15:02:30.836,0.002969
15:02:30.837,17.629984,15:02:30.837,93.067648,15:02:30.837,0.000996
15:02:30.838,18.187156,15:02:30.838,93.607935,15:02:30.838,0.003955
15:02:30.839,18.4573,15:02:30.839,93.337792,15:02:30.839,0.00264
15:02:30.840,18.761212,15:02:30.840,93.472863,15:02:30.840,0.003955
15:02:30.841,18.811864,15:02:30.841,93.607935,15:02:30.841,0.002969
15:02:30.842,18.828748,15:02:30.842,93.844311,15:02:30.842,0.002969
15:02:30.843,18.389764,15:02:30.843,93.523515,15:02:30.843,0.002969
15:02:30.844,17.798824,15:02:30.844,93.320908,15:02:30.844,0.002311
15:02:30.845,17.005276,15:02:30.845,93.37156,15:02:30.845,0.00264
15:02:30.846,16.144193,15:02:30.846,93.472863,15:02:30.846,0.00264
15:02:30.847,15.367529,15:02:30.847,93.1183,15:02:30.847,0.003955
15:02:30.848,14.523329,15:02:30.848,92.898808,15:02:30.848,0.003297
15:02:30.849,13.712897,15:02:30.849,92.763736,15:02:30.849,0.002969
15:02:30.850,12.801162,15:02:30.850,92.983228,15:02:30.850,0.003297
15:02:30.851,11.82189,15:02:30.851,92.814388,15:02:30.851,0.000667
15:02:30.852,10.825734,15:02:30.852,92.848156,15:02:30.852,0.00264
15:02:30.853,9.863347,15:02:30.853,92.898808,15:02:30.853,0.002311
15:02:30.854,9.221755,15:02:30.854,93.28714,15:02:30.854,0.003297
15:02:30.855,8.613931,15:02:30.855,93.405327,15:02:30.855,0.003626
15:02:30.856,8.377555,15:02:30.856,93.506631,15:02:30.856,0.001982
15:02:30.857,8.326903,15:02:30.857,93.675471,15:02:30.857,0.003297
15:02:30.858,8.394439,15:02:30.858,94.131339,15:02:30.858,0.001982
15:02:30.859,8.563279,15:02:30.859,94.148223,15:02:30.859,0.002311
15:02:30.860,8.951611,15:02:30.860,94.198875,15:02:30.860,0.002969
15:02:30.861,9.339943,15:02:30.861,94.266411,15:02:30.861,0.003626
15:02:30.862,9.829579,15:02:30.862,94.51967,15:02:30.862,0.004612
15:02:30.863,10.454286,15:02:30.863,94.469018,15:02:30.863,0.002969
15:02:30.864,11.180298,15:02:30.864,94.198875,15:02:30.864,0.002311
15:02:30.865,12.041382,15:02:30.865,94.063803,15:02:30.865,0.00264
15:02:30.866,12.75051,15:02:30.866,94.266411,15:02:30.866,0.001653
15:02:30.867,13.476522,15:02:30.867,93.996267,15:02:30.867,0.003297
15:02:30.868,14.084345,15:02:30.868,93.861195,15:02:30.868,0.003626
15:02:30.869,14.675285,15:02:30.869,93.607935,15:02:30.869,0.003626
15:02:30.870,15.063617,15:02:30.870,93.692355,15:02:30.870,0.001982
15:02:30.871,15.418181,15:02:30.871,93.304024,15:02:30.871,0.003626
15:02:30.872,15.688325,15:02:30.872,93.28714,15:02:30.872,0.002311
15:02:30.873,15.941585,15:02:30.873,93.152068,15:02:30.873,0.003297
15:02:30.874,16.093541,15:02:30.874,93.28714,15:02:30.874,0.002311
15:02:30.875,16.144193,15:02:30.875,93.320908,15:02:30.875,0.002969
15:02:30.876,16.093541,15:02:30.876,93.1183,15:02:30.876,0.001982
15:02:30.877,15.924701,15:02:30.877,93.1183,15:02:30.877,0.001653
15:02:30.878,15.536369,15:02:30.878,93.388444,15:02:30.878,0.003626
15:02:30.879,15.080501,15:02:30.879,93.304024,15:02:30.879,0.00264
15:02:30.880,14.540213,15:02:30.880,93.219604,15:02:30.880,0.00264
15:02:30.881,13.847969,15:02:30.881,93.270256,15:02:30.881,0.002969
15:02:30.882,13.375218,15:02:30.882,93.523515,15:02:30.882,0.00264
15:02:30.883,12.733626,15:02:30.883,93.455979,15:02:30.883,0.003626
15:02:30.884,12.227106,15:02:30.884,93.28714,15:02:30.884,0.001325
15:02:30.885,11.669934,15:02:30.885,93.20272,15:02:30.885,0.003626
15:02:30.886,10.994574,15:02:30.886,93.422211,15:02:30.886,0.001653
15:02:30.887,10.64001,15:02:30.887,93.219604,15:02:30.887,0.003626
15:02:30.888,10.319214,15:02:30.888,93.000112,15:02:30.888,0.001982
15:02:30.889,10.015303,15:02:30.889,92.881924,15:02:30.889,0.002311
15:02:30.890,9.880231,15:02:30.890,93.016996,15:02:30.890,0.00264
15:02:30.891,9.897115,15:02:30.891,92.848156,15:02:30.891,0.002311
15:02:30.892,9.998419,15:02:30.892,92.61178,15:02:30.892,0.003297
15:02:30.893,10.184142,15:02:30.893,92.392289,15:02:30.893,0.003955
15:02:30.894,10.454286,15:02:30.894,92.544244,15:02:30.894,0.003626
15:02:30.895,10.741314,15:02:30.895,92.409173,15:02:30.895,0.00264
15:02:30.896,11.095878,15:02:30.896,92.189681,15:02:30.896,0.001653
15:02:30.897,11.467326,15:02:30.897,92.189681,15:02:30.897,0.003297
15:02:30.898,11.686818,15:02:30.898,92.274101,15:02:30.898,0.003626
15:02:30.899,12.007614,15:02:30.899,92.240333,15:02:30.899,0.004284
15:02:30.900,12.480366,15:02:30.900,92.003957,15:02:30.900,0.002311
15:02:30.901,12.801162,15:02:30.901,91.970189,15:02:30.901,0.004941
15:02:30.902,13.155726,15:02:30.902,92.071493,15:02:30.902,0.001653
15:02:30.903,13.527174,15:02:30.903,92.054609,15:02:30.903,0.00264
15:02:30.904,13.847969,15:02:30.904,91.818233,15:02:30.904,0.000996
15:02:30.905,14.118113,15:02:30.905,91.852001,15:02:30.905,0.00264
15:02:30.906,14.303837,15:02:30.906,91.987073,15:02:30.906,0.003626
15:02:30.907,14.405141,15:02:30.907,91.936421,15:02:30.907,0.003297
15:02:30.908,14.523329,15:02:30.908,91.700045,15:02:30.908,0.003297
15:02:30.909,14.438909,15:02:30.909,91.480553,15:02:30.909,0.002969
15:02:30.910,14.371373,15:02:30.910,91.581857,15:02:30.910,0.000996
15:02:30.911,14.320721,15:02:30.911,91.497437,15:02:30.911,0.003626
15:02:30.912,14.168765,15:02:30.912,91.227294,15:02:30.912,0.00264
15:02:30.913,13.915505,15:02:30.913,91.12599,15:02:30.913,0.003955
15:02:30.914,13.645361,15:02:30.914,91.092222,15:02:30.914,0.002311
15:02:30.915,13.34145,15:02:30.915,90.889614,15:02:30.915,0.003297
15:02:30.916,13.020654,15:02:30.916,90.53505,15:02:30.916,0.003297
15:02:30.917,12.716742,15:02:30.917,90.383095,15:02:30.917,0.002311
15:02:30.918,12.41283,15:02:30.918,90.399979,15:02:30.918,0.000667
15:02:30.919,12.125802,15:02:30.919,90.467515,15:02:30.919,0.001325
15:02:30.920,11.940078,15:02:30.920,90.231139,15:02:30.920,0.002969
15:02:30.921,11.73747,15:02:30.921,90.096067,15:02:30.921,0.003955
15:02:30.922,11.602398,15:02:30.922,90.231139,15:02:30.922,0.001653
15:02:30.923,11.48421,15:02:30.923,90.383095,15:02:30.923,0.002311
15:02:30.924,11.467326,15:02:30.924,90.264907,15:02:30.924,0.001653
15:02:30.925,11.501094,15:02:30.925,90.248023,15:02:30.925,0.003626
15:02:30.926,11.467326,15:02:30.926,90.332443,15:02:30.926,0.00264
15:02:30.927,11.534862,15:02:30.927,90.467515,15:02:30.927,0.003626
15:02:30.928,11.720586,15:02:30.928,90.180487,15:02:30.928,0.003626
15:02:30.929,11.838774,15:02:30.929,90.163603,15:02:30.929,0.002311
15:02:30.930,11.973846,15:02:30.930,90.180487,15:02:30.930,0.002969
15:02:30.931,12.176454,15:02:30.931,90.146719,15:02:30.931,0.001653
15:02:30.932,12.345294,15:02:30.932,89.994763,15:02:30.932,0.003626
15:02:30.933,12.615438,15:02:30.933,89.724619,15:02:30.933,0.001982
15:02:30.934,12.784278,15:02:30.934,89.673967,15:02:30.934,0.002969
15:02:30.935,13.020654,15:02:30.935,89.657083,15:02:30.935,0.003626
15:02:30.936,13.223262,15:02:30.936,89.454476,15:02:30.936,0.00264
15:02:30.937,13.375218,15:02:30.937,89.285636,15:02:30.937,0.002969
15:02:30.938,13.42587,15:02:30.938,89.319404,15:02:30.938,0.002311
15:02:30.939,13.493406,15:02:30.939,89.38694,15:02:30.939,0.001653
15:02:30.940,13.577825,15:02:30.940,89.2181,15:02:30.940,0.001982
15:02:30.941,13.577825,15:02:30.941,89.116796,15:02:30.941,0.002311
15:02:30.942,13.544058,15:02:30.942,89.285636,15:02:30.942,0.003626
15:02:30.943,13.459638,15:02:30.943,89.30252,15:02:30.943,0.002311
15:02:30.944,13.358334,15:02:30.944,89.184332,15:02:30.944,0.002969
15:02:30.945,13.25703,15:02:30.945,89.201216,15:02:30.945,0.001325
15:02:30.946,13.08819,15:02:30.946,89.30252,15:02:30.946,0.003297
15:02:30.947,13.00377,15:02:30.947,89.437592,15:02:30.947,0.001982
15:02:30.948,12.767394,15:02:30.948,89.167448,15:02:30.948,0.001653
15:02:30.949,12.514134,15:02:30.949,89.066144,15:02:30.949,0.002311
15:02:30.950,12.32841,15:02:30.950,89.184332,15:02:30.950,0.002969
15:02:30.951,12.210222,15:02:30.951,89.268752,15:02:30.951,0.003955
15:02:30.952,12.024498,15:02:30.952,89.032376,15:02:30.952,0.00264
15:02:30.953,11.872542,15:02:30.953,89.032376,15:02:30.953,0.00264
15:02:30.954,11.73747,15:02:30.954,88.947956,15:02:30.954,0.002969
15:02:30.955,11.703702,15:02:30.955,89.04926,15:02:30.955,0.001982
15:02:30.956,11.619282,15:02:30.956,88.796,15:02:30.956,0.004284
15:02:30.957,11.56863,15:02:30.957,88.812884,15:02:30.957,0.003626
15:02:30.958,11.551746,15:02:30.958,88.745348,15:02:30.958,0.003297
15:02:30.959,11.534862,15:02:30.959,88.863536,15:02:30.959,0.001653
15:02:30.960,11.48421,15:02:30.960,88.796,15:02:30.960,0.004941
15:02:30.961,11.450442,15:02:30.961,88.593392,15:02:30.961,0.003626
15:02:30.962,11.450442,15:02:30.962,88.660928,15:02:30.962,0.003297
15:02:30.963,11.551746,15:02:30.963,88.796,15:02:30.963,0.001982
15:02:30.964,11.602398,15:02:30.964,88.779116,15:02:30.964,0.002311
15:02:30.965,11.602398,15:02:30.965,88.610276,15:02:30.965,0.003626
15:02:30.966,11.771238,15:02:30.966,88.660928,15:02:30.966,0.003297
15:02:30.967,11.771238,15:02:30.967,88.998608,15:02:30.967,0.003955
15:02:30.968,11.838774,15:02:30.968,88.947956,15:02:30.968,0.003297
15:02:30.969,11.923194,15:02:30.969,88.931072,15:02:30.969,0.00264
15:02:30.970,12.007614,15:02:30.970,88.897304,15:02:30.970,0.003297
15:02:30.971,11.973846,15:02:30.971,89.251868,15:02:30.971,0.002311
15:02:30.972,12.024498,15:02:30.972,89.167448,15:02:30.972,0.003297
15:02:30.973,12.058266,15:02:30.973,89.066144,15:02:30.973,0.003297
15:02:30.974,12.176454,15:02:30.974,89.04926,15:02:30.974,0.002969
15:02:30.975,12.227106,15:02:30.975,89.2181,15:02:30.975,0.002969
15:02:30.976,12.24399,15:02:30.976,89.04926,15:02:30.976,0.001653
15:02:30.977,12.193338,15:02:30.977,88.829768,15:02:30.977,0.001653
15:02:30.978,12.15957,15:02:30.978,88.812884,15:02:30.978,0.00264
15:02:30.979,12.15957,15:02:30.979,88.863536,15:02:30.979,0.002969
15:02:30.980,12.15957,15:02:30.980,88.644044,15:02:30.980,0.004941
15:02:30.981,12.142686,15:02:30.981,88.593392,15:02:30.981,0.00264
15:02:30.982,12.07515,15:02:30.982,88.525856,15:02:30.982,0.002969
15:02:30.983,12.058266,15:02:30.983,88.728464,15:02:30.983,0.001325
15:02:30.984,12.07515,15:02:30.984,88.62716,15:02:30.984,0.00264
15:02:30.985,12.07515,15:02:30.985,88.54274,15:02:30.985,0.00264
15:02:30.986,11.90631,15:02:30.986,88.54274,15:02:30.986,0.002311
15:02:30.987,11.923194,15:02:30.987,88.71158,15:02:30.987,0.003297
15:02:30.988,11.872542,15:02:30.988,88.54274,15:02:30.988,0.001982
15:02:30.989,11.889426,15:02:30.989,88.424553,15:02:30.989,0.003626
15:02:30.990,11.771238,15:02:30.990,88.373901,15:02:30.990,0.002311
15:02:30.991,11.720586,15:02:30.991,88.728464,15:02:30.991,0.002969
15:02:30.992,11.703702,15:02:30.992,88.677812,15:02:30.992,0.003297
15:02:30.993,11.669934,15:02:30.993,88.357017,15:02:30.993,0.00264
15:02:30.994,11.703702,15:02:30.994,88.424553,15:02:30.994,0.003626
15:02:30.995,11.65305,15:02:30.995,88.846652,15:02:30.995,0.001982
15:02:30.996,11.602398,15:02:30.996,88.508972,15:02:30.996,0.002969
15:02:30.997,11.619282,15:02:30.997,88.373901,15:02:30.997,0.002311
15:02:30.998,11.65305,15:02:30.998,88.323249,15:02:30.998,0.003297
15:02:30.999,11.619282,15:02:30.999,88.728464,15:02:30.999,0.002969
15:02:31.000,11.602398,15:02:31.000,88.390785,15:02:31.000,0.00264
15:02:31.001,11.619282,15:02:31.001,88.154409,15:02:31.001,0.003626
15:02:31.002,11.65305,15:02:31.002,88.137525,15:02:31.002,0.001653
15:02:31.003,11.619282,15:02:31.003,88.492089,15:02:31.003,0.002969
15:02:31.004,11.602398,15:02:31.004,88.272597,15:02:31.004,0.001982
15:02:31.005,11.686818,15:02:31.005,88.053105,15:02:31.005,0.003626
15:02:31.006,11.669934,15:02:31.006,87.951801,15:02:31.006,0.001982
15:02:31.007,11.65305,15:02:31.007,88.424553,15:02:31.007,0.002311
15:02:31.008,11.771238,15:02:31.008,88.272597,15:02:31.008,0.003297
15:02:31.009,11.754354,15:02:31.009,88.053105,15:02:31.009,0.002969
15:02:31.010,11.82189,15:02:31.010,88.154409,15:02:31.010,0.00264
15:02:31.011,11.838774,15:02:31.011,88.492089,15:02:31.011,0.00264
15:02:31.012,11.82189,15:02:31.012,88.407669,15:02:31.012,0.002969
15:02:31.013,11.855658,15:02:31.013,88.137525,15:02:31.013,0.002969
15:02:31.014,11.940078,15:02:31.014,88.221945,15:02:31.014,0.001982
15:02:31.015,11.889426,15:02:31.015,88.593392,15:02:31.015,0.004284
15:02:31.016,11.973846,15:02:31.016,88.424553,15:02:31.016,0.001653
15:02:31.017,11.956962,15:02:31.017,88.137525,15:02:31.017,0.002969
15:02:31.018,11.973846,15:02:31.018,88.086873,15:02:31.018,0.001325
15:02:31.019,11.99073,15:02:31.019,88.390785,15:02:31.019,0.00527
15:02:31.020,11.872542,15:02:31.020,88.323249,15:02:31.020,0.002311
15:02:31.021,11.889426,15:02:31.021,87.850497,15:02:31.021,0.002311
15:02:31.022,11.805006,15:02:31.022,87.732309,15:02:31.022,0.001325
15:02:31.023,11.720586,15:02:31.023,87.934917,15:02:31.023,0.001653
15:02:31.024,11.720586,15:02:31.024,87.968685,15:02:31.024,0.002311
15:02:31.025,11.669934,15:02:31.025,87.597237,15:02:31.025,0.002969
15:02:31.026,11.602398,15:02:31.026,87.529701,15:02:31.026,0.002311
15:02:31.027,11.619282,15:02:31.027,87.749193,15:02:31.027,0.002969
15:02:31.028,11.517978,15:02:31.028,87.816729,15:02:31.028,0.002969
15:02:31.029,11.585514,15:02:31.029,87.377746,15:02:31.029,0.004284
15:02:31.030,11.534862,15:02:31.030,87.428398,15:02:31.030,0.001325
15:02:31.031,11.433558,15:02:31.031,87.681657,15:02:31.031,0.003297
15:02:31.032,11.467326,15:02:31.032,87.749193,15:02:31.032,0.001982
15:02:31.033,11.416674,15:02:31.033,87.327094,15:02:31.033,0.004284
15:02:31.034,11.366022,15:02:31.034,87.242674,15:02:31.034,0.00264
15:02:31.035,11.332254,15:02:31.035,87.647889,15:02:31.035,0.001653
15:02:31.036,11.382906,15:02:31.036,87.664773,15:02:31.036,0.001325
15:02:31.037,11.450442,15:02:31.037,87.276442,15:02:31.037,0.002969
15:02:31.038,11.366022,15:02:31.038,87.208906,15:02:31.038,0.00264
15:02:31.039,11.349138,15:02:31.039,87.546585,15:02:31.039,0.003626
15:02:31.040,11.281602,15:02:31.040,87.563469,15:02:31.040,0.002311
15:02:31.041,11.298486,15:02:31.041,87.22579,15:02:31.041,0.001653
15:02:31.042,11.281602,15:02:31.042,87.107602,15:02:31.042,0.001982
15:02:31.043,11.23095,15:02:31.043,87.377746,15:02:31.043,0.003955
15:02:31.044,11.23095,15:02:31.044,87.462166,15:02:31.044,0.002969
15:02:31.045,11.298486,15:02:31.045,87.259558,15:02:31.045,0.003955
15:02:31.046,11.332254,15:02:31.046,87.192022,15:02:31.046,0.00264
15:02:31.047,11.349138,15:02:31.047,87.377746,15:02:31.047,0.003626
15:02:31.048,11.382906,15:02:31.048,87.327094,15:02:31.048,0.002969
15:02:31.049,11.366022,15:02:31.049,87.14137,15:02:31.049,0.001653
15:02:31.050,11.332254,15:02:31.050,86.989414,15:02:31.050,0.001653
15:02:31.051,11.366022,15:02:31.051,87.023182,15:02:31.051,0.00264
15:02:31.052,11.39979,15:02:31.052,87.090718,15:02:31.052,0.002969
15:02:31.053,11.366022,15:02:31.053,86.871226,15:02:31.053,0.003297
15:02:31.054,11.467326,15:02:31.054,86.871226,15:02:31.054,0.00264
15:02:31.055,11.48421,15:02:31.055,86.938762,15:02:31.055,0.001982
15:02:31.056,11.39979,15:02:31.056,86.955646,15:02:31.056,0.001982
15:02:31.057,11.366022,15:02:31.057,86.668618,15:02:31.057,0.003297
15:02:31.058,11.366022,15:02:31.058,86.617966,15:02:31.058,0.00264
15:02:31.059,11.332254,15:02:31.059,86.601082,15:02:31.059,0.003626
15:02:31.060,11.298486,15:02:31.060,86.71927,15:02:31.060,0.001982
15:02:31.061,11.23095,15:02:31.061,86.432243,15:02:31.061,0.002969
15:02:31.062,11.281602,15:02:31.062,86.314055,15:02:31.062,0.004284
15:02:31.063,11.281602,15:02:31.063,86.330939,15:02:31.063,0.002969
15:02:31.064,11.214066,15:02:31.064,86.381591,15:02:31.064,0.001653
15:02:31.065,11.247834,15:02:31.065,86.212751,15:02:31.065,0.002311
15:02:31.066,11.129646,15:02:31.066,86.077679,15:02:31.066,0.002969
15:02:31.067,11.078994,15:02:31.067,86.094563,15:02:31.067,0.004941
15:02:31.068,11.045226,15:02:31.068,86.229635,15:02:31.068,0.001653
15:02:31.069,11.06211,15:02:31.069,86.043911,15:02:31.069,0.003297
15:02:31.070,11.06211,15:02:31.070,85.976375,15:02:31.070,0.001653
15:02:31.071,11.06211,15:02:31.071,85.959491,15:02:31.071,0.003297
15:02:31.072,11.06211,15:02:31.072,86.043911,15:02:31.072,0.002311
15:02:31.073,11.011458,15:02:31.073,86.010143,15:02:31.073,0.00264
15:02:31.074,11.045226,15:02:31.074,85.908839,15:02:31.074,0.003955
15:02:31.075,11.011458,15:02:31.075,85.959491,15:02:31.075,0.001325
15:02:31.076,11.011458,15:02:31.076,86.094563,15:02:31.076,0.003626
15:02:31.077,11.078994,15:02:31.077,85.976375,15:02:31.077,0.001653
15:02:31.078,11.028342,15:02:31.078,85.891955,15:02:31.078,0.00264
15:02:31.079,10.960806,15:02:31.079,85.841303,15:02:31.079,0.002311
15:02:31.080,10.943922,15:02:31.080,86.043911,15:02:31.080,0.003297
15:02:31.081,10.960806,15:02:31.081,85.908839,15:02:31.081,0.003626
15:02:31.082,11.011458,15:02:31.082,85.638695,15:02:31.082,0.00264
15:02:31.083,11.011458,15:02:31.083,85.706231,15:02:31.083,0.002969
15:02:31.084,10.994574,15:02:31.084,85.875071,15:02:31.084,0.002311
15:02:31.085,11.011458,15:02:31.085,85.706231,15:02:31.085,0.002969
15:02:31.086,10.97769,15:02:31.086,85.604927,15:02:31.086,0.00264
15:02:31.087,10.97769,15:02:31.087,85.638695,15:02:31.087,0.001982
15:02:31.088,11.011458,15:02:31.088,85.773767,15:02:31.088,0.00264
15:02:31.089,11.011458,15:02:31.089,85.503623,15:02:31.089,0.001653
15:02:31.090,11.06211,15:02:31.090,85.503623,15:02:31.090,0.003955
15:02:31.091,10.994574,15:02:31.091,85.469855,15:02:31.091,0.002969
15:02:31.092,11.06211,15:02:31.092,85.621811,15:02:31.092,0.004941
15:02:31.093,11.045226,15:02:31.093,85.503623,15:02:31.093,0.002311
15:02:31.094,11.028342,15:02:31.094,85.385436,15:02:31.094,0.003297
15:02:31.095,11.028342,15:02:31.095,85.334784,15:02:31.095,0.002311
15:02:31.096,11.06211,15:02:31.096,85.571159,15:02:31.096,0.002311
15:02:31.097,10.994574,15:02:31.097,85.351668,15:02:31.097,0.001982
15:02:31.098,10.97769,15:02:31.098,85.216596,15:02:31.098,0.003297
15:02:31.099,10.89327,15:02:31.099,85.23348,15:02:31.099,0.00264
15:02:31.100,10.927038,15:02:31.100,85.40232,15:02:31.100,0.002969
15:02:31.101,10.89327,15:02:31.101,85.267248,15:02:31.101,0.000338
15:02:31.102,10.842618,15:02:31.102,85.132176,15:02:31.102,0.003297
15:02:31.103,10.825734,15:02:31.103,85.081524,15:02:31.103,0.002311
15:02:31.104,10.791966,15:02:31.104,85.284132,15:02:31.104,0.002969
15:02:31.105,10.741314,15:02:31.105,85.216596,15:02:31.105,0.001982
15:02:31.106,10.656894,15:02:31.106,85.165944,15:02:31.106,0.002969
15:02:31.107,10.606242,15:02:31.107,85.081524,15:02:31.107,0.001325
15:02:31.108,10.656894,15:02:31.108,85.250364,15:02:31.108,0.002969
15:02:31.109,10.690662,15:02:31.109,85.23348,15:02:31.109,0.000996
15:02:31.110,10.656894,15:02:31.110,85.06464,15:02:31.110,0.001653
15:02:31.111,10.690662,15:02:31.111,85.081524,15:02:31.111,0.001982
15:02:31.112,10.690662,15:02:31.112,85.351668,15:02:31.112,0.002969
15:02:31.113,10.707546,15:02:31.113,85.3179,15:02:31.113,0.00264
15:02:31.114,10.758198,15:02:31.114,85.013988,15:02:31.114,0.002311
15:02:31.115,10.72443,15:02:31.115,85.115292,15:02:31.115,0.002311
15:02:31.116,10.842618,15:02:31.116,85.216596,15:02:31.116,0.003955
15:02:31.117,10.80885,15:02:31.117,85.23348,15:02:31.117,0.001653
15:02:31.118,10.825734,15:02:31.118,84.997104,15:02:31.118,0.002969
15:02:31.119,10.775082,15:02:31.119,84.997104,15:02:31.119,0.002311
15:02:31.120,10.741314,15:02:31.120,85.132176,15:02:31.120,0.003955
15:02:31.121,10.741314,15:02:31.121,85.14906,15:02:31.121,0.002969
15:02:31.122,10.80885,15:02:31.122,84.997104,15:02:31.122,0.002969
15:02:31.123,10.758198,15:02:31.123,84.878916,15:02:31.123,0.000996
15:02:31.124,10.758198,15:02:31.124,84.963336,15:02:31.124,0.001982
15:02:31.125,10.72443,15:02:31.125,84.929568,15:02:31.125,0.003626
15:02:31.126,10.673778,15:02:31.126,84.828264,15:02:31.126,0.002969
15:02:31.127,10.673778,15:02:31.127,84.710076,15:02:31.127,0.00264
15:02:31.128,10.64001,15:02:31.128,84.862032,15:02:31.128,0.003297
15:02:31.129,10.656894,15:02:31.129,84.878916,15:02:31.129,0.001325
15:02:31.130,10.623126,15:02:31.130,84.591888,15:02:31.130,0.003626
15:02:31.131,10.623126,15:02:31.131,84.676308,15:02:31.131,0.002969
15:02:31.132,10.538706,15:02:31.132,84.794496,15:02:31.132,0.003626
15:02:31.133,10.538706,15:02:31.133,84.72696,15:02:31.133,0.002969
15:02:31.134,10.572474,15:02:31.134,84.507468,15:02:31.134,0.001653
15:02:31.135,10.488054,15:02:31.135,84.541236,15:02:31.135,0.002969
15:02:31.136,10.572474,15:02:31.136,84.743844,15:02:31.136,0.00264
15:02:31.137,10.521822,15:02:31.137,84.591888,15:02:31.137,0.001982
15:02:31.138,10.437402,15:02:31.138,84.423048,15:02:31.138,0.001653
15:02:31.139,10.437402,15:02:31.139,84.406164,15:02:31.139,0.003297
15:02:31.140,10.420518,15:02:31.140,84.55812,15:02:31.140,0.004284
15:02:31.141,10.336098,15:02:31.141,84.676308,15:02:31.141,0.003297
15:02:31.142,10.352982,15:02:31.142,84.355512,15:02:31.142,0.003297
15:02:31.143,10.369866,15:02:31.143,84.406164,15:02:31.143,0.001982
15:02:31.144,10.30233,15:02:31.144,84.507468,15:02:31.144,0.003297
15:02:31.145,10.319214,15:02:31.145,84.608772,15:02:31.145,0.002311
15:02:31.146,10.336098,15:02:31.146,84.338629,15:02:31.146,0.002969
15:02:31.147,10.285446,15:02:31.147,84.304861,15:02:31.147,0.001982
15:02:31.148,10.285446,15:02:31.148,84.406164,15:02:31.148,0.001982
15:02:31.149,10.336098,15:02:31.149,84.541236,15:02:31.149,0.002311
15:02:31.150,10.268562,15:02:31.150,84.287977,15:02:31.150,0.001982
15:02:31.151,10.30233,15:02:31.151,84.254209,15:02:31.151,0.002311
15:02:31.152,10.30233,15:02:31.152,84.338629,15:02:31.152,0.00264
15:02:31.153,10.268562,15:02:31.153,84.456816,15:02:31.153,0.003626
15:02:31.154,10.437402,15:02:31.154,84.220441,15:02:31.154,0.003626
15:02:31.155,10.352982,15:02:31.155,84.237325,15:02:31.155,0.003626
15:02:31.156,10.38675,15:02:31.156,84.237325,15:02:31.156,0.003297
15:02:31.157,10.420518,15:02:31.157,84.423048,15:02:31.157,0.001982
15:02:31.158,10.437402,15:02:31.158,84.169789,15:02:31.158,0.001982
15:02:31.159,10.336098,15:02:31.159,84.068485,15:02:31.159,0.002311
15:02:31.160,10.38675,15:02:31.160,84.271093,15:02:31.160,0.00264
15:02:31.161,10.319214,15:02:31.161,84.271093,15:02:31.161,0.003626
15:02:31.162,10.420518,15:02:31.162,84.136021,15:02:31.162,0.001982
15:02:31.163,10.319214,15:02:31.163,83.882761,15:02:31.163,0.003626
15:02:31.164,10.352982,15:02:31.164,84.000949,15:02:31.164,0.001982
15:02:31.165,10.369866,15:02:31.165,84.169789,15:02:31.165,0.002969
15:02:31.166,10.352982,15:02:31.166,83.865877,15:02:31.166,0.001653
15:02:31.167,10.285446,15:02:31.167,83.764573,15:02:31.167,0.002969
15:02:31.168,10.285446,15:02:31.168,83.798341,15:02:31.168,0.002969
15:02:31.169,10.251678,15:02:31.169,83.933413,15:02:31.169,0.001325
15:02:31.170,10.285446,15:02:31.170,83.764573,15:02:31.170,0.003297
15:02:31.171,10.268562,15:02:31.171,83.713921,15:02:31.171,0.001982
15:02:31.172,10.336098,15:02:31.172,83.781457,15:02:31.172,0.001653
15:02:31.173,10.268562,15:02:31.173,83.882761,15:02:31.173,0.002969
15:02:31.174,10.251678,15:02:31.174,83.612617,15:02:31.174,0.002311
15:02:31.175,10.251678,15:02:31.175,83.663269,15:02:31.175,0.004612
15:02:31.176,10.21791,15:02:31.176,83.663269,15:02:31.176,0.00264
15:02:31.177,10.201026,15:02:31.177,83.747689,15:02:31.177,0.003297
15:02:31.178,10.285446,15:02:31.178,83.359357,15:02:31.178,0.001982
15:02:31.179,10.201026,15:02:31.179,83.24117,15:02:31.179,0.002311
15:02:31.180,10.116607,15:02:31.180,83.393125,15:02:31.180,0.003626
15:02:31.181,10.065955,15:02:31.181,83.511313,15:02:31.181,0.00264
15:02:31.182,10.133491,15:02:31.182,83.089214,15:02:31.182,0.003297
15:02:31.183,10.065955,15:02:31.183,83.004794,15:02:31.183,0.00264
15:02:31.184,10.065955,15:02:31.184,82.98791,15:02:31.184,0.002969
15:02:31.185,10.065955,15:02:31.185,83.274938,15:02:31.185,0.002969
15:02:31.186,10.015303,15:02:31.186,82.90349,15:02:31.186,0.002311
15:02:31.187,10.065955,15:02:31.187,82.81907,15:02:31.187,0.003626
15:02:31.188,9.998419,15:02:31.188,82.920374,15:02:31.188,0.002311
15:02:31.189,10.015303,15:02:31.189,83.207402,15:02:31.189,0.003955
15:02:31.190,9.981535,15:02:31.190,82.886606,15:02:31.190,0.001653
15:02:31.191,10.032187,15:02:31.191,82.785302,15:02:31.191,0.003626
15:02:31.192,9.981535,15:02:31.192,82.768418,15:02:31.192,0.002311
15:02:31.193,10.049071,15:02:31.193,83.15675,15:02:31.193,0.004284
15:02:31.194,10.032187,15:02:31.194,82.852838,15:02:31.194,0.001982
15:02:31.195,10.049071,15:02:31.195,82.717766,15:02:31.195,0.002311
15:02:31.196,10.065955,15:02:31.196,82.717766,15:02:31.196,0.00264
15:02:31.197,10.065955,15:02:31.197,82.98791,15:02:31.197,0.001653
15:02:31.198,9.998419,15:02:31.198,82.785302,15:02:31.198,0.00264
15:02:31.199,10.049071,15:02:31.199,82.599578,15:02:31.199,0.00264
15:02:31.200,9.930883,15:02:31.200,82.56581,15:02:31.200,0.001982
15:02:31.201,9.913999,15:02:31.201,82.802186,15:02:31.201,0.00264
15:02:31.202,9.880231,15:02:31.202,82.599578,15:02:31.202,0.001653
15:02:31.203,9.897115,15:02:31.203,82.413854,15:02:31.203,0.003297
15:02:31.204,9.913999,15:02:31.204,82.380086,15:02:31.204,0.001982
15:02:31.205,9.863347,15:02:31.205,82.683998,15:02:31.205,0.002311
15:02:31.206,9.897115,15:02:31.206,82.39697,15:02:31.206,0.001653
15:02:31.207,9.880231,15:02:31.207,82.295666,15:02:31.207,0.004612
15:02:31.208,9.795811,15:02:31.208,82.126827,15:02:31.208,0.00264
15:02:31.209,9.778927,15:02:31.209,82.56581,15:02:31.209,0.002969
15:02:31.210,9.795811,15:02:31.210,82.346318,15:02:31.210,0.002311
15:02:31.211,9.829579,15:02:31.211,82.126827,15:02:31.211,0.001982
15:02:31.212,9.728275,15:02:31.212,82.059291,15:02:31.212,0.003297
15:02:31.213,9.778927,15:02:31.213,82.447622,15:02:31.213,0.003297
15:02:31.214,9.863347,15:02:31.214,82.177479,15:02:31.214,0.002311
15:02:31.215,9.846463,15:02:31.215,82.076175,15:02:31.215,0.002969
15:02:31.216,9.795811,15:02:31.216,82.025523,15:02:31.216,0.002969
15:02:31.217,9.846463,15:02:31.217,82.346318,15:02:31.217,0.002969
15:02:31.218,9.795811,15:02:31.218,82.126827,15:02:31.218,0.001982
15:02:31.219,9.795811,15:02:31.219,82.008639,15:02:31.219,0.002969
15:02:31.220,9.762043,15:02:31.220,81.924219,15:02:31.220,0.00264
15:02:31.221,9.728275,15:02:31.221,82.363202,15:02:31.221,0.003297
15:02:31.222,9.778927,15:02:31.222,81.991755,15:02:31.222,0.003955
15:02:31.223,9.745159,15:02:31.223,81.873567,15:02:31.223,0.00264
15:02:31.224,9.829579,15:02:31.224,81.789147,15:02:31.224,0.00264
15:02:31.225,9.711391,15:02:31.225,82.278782,15:02:31.225,0.002311
15:02:31.226,9.728275,15:02:31.226,81.974871,15:02:31.226,0.002969
15:02:31.227,9.711391,15:02:31.227,81.856683,15:02:31.227,0.003297
15:02:31.228,9.711391,15:02:31.228,81.755379,15:02:31.228,0.003626
15:02:31.229,9.711391,15:02:31.229,82.109943,15:02:31.229,0.002969
15:02:31.230,9.778927,15:02:31.230,81.806031,15:02:31.230,0.001982
15:02:31.231,9.677623,15:02:31.231,81.637191,15:02:31.231,0.002311
15:02:31.232,9.711391,15:02:31.232,81.721611,15:02:31.232,0.002969
15:02:31.233,9.745159,15:02:31.233,81.974871,15:02:31.233,0.002969
15:02:31.234,9.762043,15:02:31.234,81.924219,15:02:31.234,0.003955
15:02:31.235,9.728275,15:02:31.235,81.704727,15:02:31.235,0.001982
15:02:31.236,9.711391,15:02:31.236,81.924219,15:02:31.236,0.003297
15:02:31.237,9.711391,15:02:31.237,82.126827,15:02:31.237,0.002969
15:02:31.238,9.660739,15:02:31.238,82.025523,15:02:31.238,0.003626
15:02:31.239,9.643855,15:02:31.239,81.755379,15:02:31.239,0.001653
15:02:31.240,9.610087,15:02:31.240,81.907335,15:02:31.240,0.003297
15:02:31.241,9.610087,15:02:31.241,82.008639,15:02:31.241,0.002311
15:02:31.242,9.576319,15:02:31.242,81.890451,15:02:31.242,0.002311
15:02:31.243,9.559435,15:02:31.243,81.704727,15:02:31.243,0.003297
15:02:31.244,9.491899,15:02:31.244,81.670959,15:02:31.244,0.002311
15:02:31.245,9.525667,15:02:31.245,81.772263,15:02:31.245,0.002969
15:02:31.246,9.475015,15:02:31.246,81.789147,15:02:31.246,0.003297
15:02:31.247,9.525667,15:02:31.247,81.502119,15:02:31.247,0.001653
15:02:31.248,9.441247,15:02:31.248,81.535887,15:02:31.248,0.003297
15:02:31.249,9.390595,15:02:31.249,81.670959,15:02:31.249,0.002311
15:02:31.250,9.441247,15:02:31.250,81.772263,15:02:31.250,0.003955
15:02:31.251,9.407479,15:02:31.251,81.485235,15:02:31.251,0.001653
15:02:31.252,9.424363,15:02:31.252,81.367047,15:02:31.252,0.004284
15:02:31.253,9.475015,15:02:31.253,81.586539,15:02:31.253,0.001982
15:02:31.254,9.525667,15:02:31.254,81.670959,15:02:31.254,0.002311
15:02:31.255,9.508783,15:02:31.255,81.485235,15:02:31.255,0.002311
15:02:31.256,9.491899,15:02:31.256,81.485235,15:02:31.256,0.002311
15:02:31.257,9.475015,15:02:31.257,81.569655,15:02:31.257,0.003297
15:02:31.258,9.441247,15:02:31.258,81.738495,15:02:31.258,0.002969
15:02:31.259,9.441247,15:02:31.259,81.468351,15:02:31.259,0.003626
15:02:31.260,9.407479,15:02:31.260,81.333279,15:02:31.260,0.00264
15:02:31.261,9.373711,15:02:31.261,81.451467,15:02:31.261,0.001325
15:02:31.262,9.373711,15:02:31.262,81.552771,15:02:31.262,0.003955
15:02:31.263,9.339943,15:02:31.263,81.400815,15:02:31.263,0.00264
15:02:31.264,9.356827,15:02:31.264,81.299511,15:02:31.264,0.002969
15:02:31.265,9.306175,15:02:31.265,81.367047,15:02:31.265,0.001653
15:02:31.266,9.323059,15:02:31.266,81.400815,15:02:31.266,0.004612
15:02:31.267,9.255523,15:02:31.267,81.215091,15:02:31.267,0.002969
15:02:31.268,9.238639,15:02:31.268,81.147555,15:02:31.268,0.00264
15:02:31.269,9.272407,15:02:31.269,81.215091,15:02:31.269,0.00264
15:02:31.270,9.204871,15:02:31.270,81.350163,15:02:31.270,0.001653
15:02:31.271,9.272407,15:02:31.271,81.215091,15:02:31.271,0.003297
15:02:31.272,9.221755,15:02:31.272,81.147555,15:02:31.272,0.003297
15:02:31.273,9.238639,15:02:31.273,81.265743,15:02:31.273,0.003297
15:02:31.274,9.272407,15:02:31.274,81.299511,15:02:31.274,0.002311
15:02:31.275,9.272407,15:02:31.275,81.063136,15:02:31.275,0.000996
15:02:31.276,9.289291,15:02:31.276,81.130671,15:02:31.276,0.003297
15:02:31.277,9.272407,15:02:31.277,81.198207,15:02:31.277,0.001982
15:02:31.278,9.272407,15:02:31.278,81.215091,15:02:31.278,0.003626
15:02:31.279,9.204871,15:02:31.279,80.961832,15:02:31.279,0.001982
15:02:31.280,9.187987,15:02:31.280,80.9956,15:02:31.280,0.004284
15:02:31.281,9.204871,15:02:31.281,80.961832,15:02:31.281,0.00264
15:02:31.282,9.204871,15:02:31.282,81.08002,15:02:31.282,0.001653
15:02:31.283,9.187987,15:02:31.283,80.860528,15:02:31.283,0.001982
15:02:31.284,9.154219,15:02:31.284,80.792992,15:02:31.284,0.002311
15:02:31.285,9.171103,15:02:31.285,80.894296,15:02:31.285,0.003626
15:02:31.286,9.154219,15:02:31.286,80.944948,15:02:31.286,0.002969
15:02:31.287,9.171103,15:02:31.287,80.759224,15:02:31.287,0.004612
15:02:31.288,9.137335,15:02:31.288,80.65792,15:02:31.288,0.002969
15:02:31.289,9.103567,15:02:31.289,80.691688,15:02:31.289,0.001325
15:02:31.290,9.120451,15:02:31.290,80.843644,15:02:31.290,0.002969
15:02:31.291,9.120451,15:02:31.291,80.674804,15:02:31.291,0.003297
15:02:31.292,9.137335,15:02:31.292,80.691688,15:02:31.292,0.001653
15:02:31.293,9.171103,15:02:31.293,80.65792,15:02:31.293,0.00264
15:02:31.294,9.154219,15:02:31.294,80.82676,15:02:31.294,0.001982
15:02:31.295,9.137335,15:02:31.295,80.641036,15:02:31.295,0.00264
15:02:31.296,9.187987,15:02:31.296,80.590384,15:02:31.296,0.002969
15:02:31.297,9.120451,15:02:31.297,80.5735,15:02:31.297,0.00527
15:02:31.298,9.137335,15:02:31.298,80.82676,15:02:31.298,0.001982
15:02:31.299,9.086683,15:02:31.299,80.65792,15:02:31.299,0.002311
15:02:31.300,9.103567,15:02:31.300,80.641036,15:02:31.300,0.001982
15:02:31.301,9.069799,15:02:31.301,80.708572,15:02:31.301,0.002969
15:02:31.302,8.968495,15:02:31.302,80.674804,15:02:31.302,0.002311
15:02:31.303,8.968495,15:02:31.303,80.472196,15:02:31.303,0.003297
15:02:31.304,8.934727,15:02:31.304,80.32024,15:02:31.304,0.002969
15:02:31.305,8.917843,15:02:31.305,80.252704,15:02:31.305,0.004612
15:02:31.306,8.917843,15:02:31.306,80.455312,15:02:31.306,0.002311
15:02:31.307,8.917843,15:02:31.307,80.286472,15:02:31.307,0.002969
15:02:31.308,8.833423,15:02:31.308,80.286472,15:02:31.308,0.002969
15:02:31.309,8.850307,15:02:31.309,80.252704,15:02:31.309,0.001325
15:02:31.310,8.900959,15:02:31.310,80.32024,15:02:31.310,0.001982
15:02:31.311,8.900959,15:02:31.311,80.337124,15:02:31.311,0.002311
15:02:31.312,8.884075,15:02:31.312,80.117632,15:02:31.312,0.002311
15:02:31.313,8.934727,15:02:31.313,80.252704,15:02:31.313,0.00264
15:02:31.314,8.934727,15:02:31.314,80.370892,15:02:31.314,0.003955
15:02:31.315,8.934727,15:02:31.315,80.337124,15:02:31.315,0.002311
15:02:31.316,8.934727,15:02:31.316,80.100748,15:02:31.316,0.001653
15:02:31.317,8.968495,15:02:31.317,80.134516,15:02:31.317,0.002311
15:02:31.318,8.951611,15:02:31.318,80.252704,15:02:31.318,0.001982
15:02:31.319,8.917843,15:02:31.319,80.23582,15:02:31.319,0.001982
15:02:31.320,8.900959,15:02:31.320,80.016328,15:02:31.320,0.00264
15:02:31.321,8.934727,15:02:31.321,79.948793,15:02:31.321,0.001325
15:02:31.322,8.816539,15:02:31.322,80.168284,15:02:31.322,0.00264
15:02:31.323,8.850307,15:02:31.323,79.881257,15:02:31.323,0.003955
15:02:31.324,8.867191,15:02:31.324,79.915025,15:02:31.324,0.002969
15:02:31.325,8.799655,15:02:31.325,79.746185,15:02:31.325,0.00264
15:02:31.326,8.782771,15:02:31.326,79.965676,15:02:31.326,0.001982
15:02:31.327,8.850307,15:02:31.327,79.881257,15:02:31.327,0.00527
15:02:31.328,8.782771,15:02:31.328,79.729301,15:02:31.328,0.002969
15:02:31.329,8.799655,15:02:31.329,79.695533,15:02:31.329,0.00264
15:02:31.330,8.749003,15:02:31.330,79.813721,15:02:31.330,0.002311
15:02:31.331,8.782771,15:02:31.331,79.712417,15:02:31.331,0.002969
15:02:31.332,8.732119,15:02:31.332,79.611113,15:02:31.332,0.002311
15:02:31.333,8.799655,15:02:31.333,79.577345,15:02:31.333,0.00264
15:02:31.334,8.765887,15:02:31.334,79.712417,15:02:31.334,0.00264
15:02:31.335,8.799655,15:02:31.335,79.847489,15:02:31.335,0.002969
15:02:31.336,8.799655,15:02:31.336,79.594229,15:02:31.336,0.002969
15:02:31.337,8.799655,15:02:31.337,79.543577,15:02:31.337,0.00264
15:02:31.338,8.765887,15:02:31.338,79.763069,15:02:31.338,0.001982
15:02:31.339,8.681467,15:02:31.339,79.712417,15:02:31.339,0.002969
15:02:31.340,8.664583,15:02:31.340,79.509809,15:02:31.340,0.002969
15:02:31.341,8.664583,15:02:31.341,79.442273,15:02:31.341,0.003955
15:02:31.342,8.613931,15:02:31.342,79.442273,15:02:31.342,0.001982
15:02:31.343,8.563279,15:02:31.343,79.543577,15:02:31.343,0.002969
15:02:31.344,8.647699,15:02:31.344,79.273433,15:02:31.344,0.002311
15:02:31.345,8.563279,15:02:31.345,79.239665,15:02:31.345,0.003297
15:02:31.346,8.546395,15:02:31.346,79.391621,15:02:31.346,0.00264
15:02:31.347,8.546395,15:02:31.347,79.324085,15:02:31.347,0.00264
15:02:31.348,8.529511,15:02:31.348,79.222781,15:02:31.348,0.00264
15:02:31.349,8.461975,15:02:31.349,79.138361,15:02:31.349,0.003626
15:02:31.350,8.512627,15:02:31.350,79.307201,15:02:31.350,0.002311
15:02:31.351,8.546395,15:02:31.351,79.307201,15:02:31.351,0.00264
15:02:31.352,8.597047,15:02:31.352,79.172129,15:02:31.352,0.002969
15:02:31.353,8.529511,15:02:31.353,79.172129,15:02:31.353,0.001982
15:02:31.354,8.630815,15:02:31.354,79.324085,15:02:31.354,0.002311
15:02:31.355,8.613931,15:02:31.355,79.307201,15:02:31.355,0.00264
15:02:31.356,8.563279,15:02:31.356,79.172129,15:02:31.356,0.003626
15:02:31.357,8.630815,15:02:31.357,79.155245,15:02:31.357,0.002311
15:02:31.358,8.580163,15:02:31.358,79.172129,15:02:31.358,0.002969
15:02:31.359,8.563279,15:02:31.359,79.273433,15:02:31.359,0.004612
15:02:31.360,8.495743,15:02:31.360,78.969521,15:02:31.360,0.003297
15:02:31.361,8.495743,15:02:31.361,78.901985,15:02:31.361,0.002311
15:02:31.362,8.495743,15:02:31.362,79.003289,15:02:31.362,0.003297
15:02:31.363,8.495743,15:02:31.363,78.885101,15:02:31.363,0.003626
15:02:31.364,8.563279,15:02:31.364,78.463002,15:02:31.364,0.002969
15:02:31.365,8.495743,15:02:31.365,78.446118,15:02:31.365,0.003297
15:02:31.366,8.428207,15:02:31.366,78.716262,15:02:31.366,0.002311
15:02:31.367,8.428207,15:02:31.367,78.783798,15:02:31.367,0.001653
15:02:31.368,8.377555,15:02:31.368,78.49677,15:02:31.368,0.002969
15:02:31.369,8.377555,15:02:31.369,78.547422,15:02:31.369,0.002311
15:02:31.370,8.377555,15:02:31.370,78.75003,15:02:31.370,0.002969
15:02:31.371,8.411323,15:02:31.371,78.800682,15:02:31.371,0.004284
15:02:31.372,8.394439,15:02:31.372,78.463002,15:02:31.372,0.00264
15:02:31.373,8.445091,15:02:31.373,78.378582,15:02:31.373,0.002969
15:02:31.374,8.377555,15:02:31.374,78.682494,15:02:31.374,0.00264
15:02:31.375,8.394439,15:02:31.375,78.716262,15:02:31.375,0.001982
15:02:31.376,8.394439,15:02:31.376,78.463002,15:02:31.376,0.002969
15:02:31.377,8.394439,15:02:31.377,78.277278,15:02:31.377,0.00264
15:02:31.378,8.326903,15:02:31.378,78.564306,15:02:31.378,0.001982
15:02:31.379,8.310019,15:02:31.379,78.598074,15:02:31.379,0.003626
15:02:31.380,8.293135,15:02:31.380,78.260394,15:02:31.380,0.003297
15:02:31.381,8.310019,15:02:31.381,78.108438,15:02:31.381,0.001325
15:02:31.382,8.276251,15:02:31.382,78.41235,15:02:31.382,0.003626
15:02:31.383,8.242483,15:02:31.383,78.530538,15:02:31.383,0.001653
15:02:31.384,8.259367,15:02:31.384,78.209742,15:02:31.384,0.001653
15:02:31.385,8.343787,15:02:31.385,78.125322,15:02:31.385,0.00264
15:02:31.386,8.225599,15:02:31.386,78.344814,15:02:31.386,0.00264
15:02:31.387,8.259367,15:02:31.387,78.49677,15:02:31.387,0.00264
15:02:31.388,8.310019,15:02:31.388,78.175974,15:02:31.388,0.001982
15:02:31.389,8.259367,15:02:31.389,78.07467,15:02:31.389,0.003297
15:02:31.390,8.242483,15:02:31.390,78.361698,15:02:31.390,0.002969
15:02:31.391,8.259367,15:02:31.391,78.463002,15:02:31.391,0.00264
15:02:31.392,8.360671,15:02:31.392,78.091554,15:02:31.392,0.002311
15:02:31.393,8.326903,15:02:31.393,77.90583,15:02:31.393,0.001982
15:02:31.394,8.293135,15:02:31.394,78.108438,15:02:31.394,0.00264
15:02:31.395,8.326903,15:02:31.395,78.32793,15:02:31.395,0.002311
15:02:31.396,8.360671,15:02:31.396,77.922714,15:02:31.396,0.004284
15:02:31.397,8.293135,15:02:31.397,77.804526,15:02:31.397,0.002969
15:02:31.398,8.276251,15:02:31.398,78.024018,15:02:31.398,0.00264
15:02:31.399,8.242483,15:02:31.399,78.192858,15:02:31.399,0.002969
15:02:31.400,8.242483,15:02:31.400,77.703222,15:02:31.400,0.002311
15:02:31.401,8.225599,15:02:31.401,77.787642,15:02:31.401,0.002969
15:02:31.402,8.208715,15:02:31.402,77.872062,15:02:31.402,0.003626
15:02:31.403,8.191831,15:02:31.403,78.024018,15:02:31.403,0.003297
15:02:31.404,8.191831,15:02:31.404,77.686338,15:02:31.404,0.001653
15:02:31.405,8.141179,15:02:31.405,77.635687,15:02:31.405,0.002311
15:02:31.406,8.124295,15:02:31.406,77.770758,15:02:31.406,0.00264
15:02:31.407,8.073643,15:02:31.407,78.007134,15:02:31.407,0.002311
15:02:31.408,8.107411,15:02:31.408,77.669454,15:02:31.408,0.00264
15:02:31.409,8.107411,15:02:31.409,77.635687,15:02:31.409,0.002311
15:02:31.410,7.989223,15:02:31.410,77.720106,15:02:31.410,0.002311
15:02:31.411,8.006107,15:02:31.411,77.804526,15:02:31.411,0.002969
15:02:31.412,8.073643,15:02:31.412,77.601919,15:02:31.412,0.001982
15:02:31.413,8.056759,15:02:31.413,77.399311,15:02:31.413,0.001653
15:02:31.414,8.073643,15:02:31.414,77.601919,15:02:31.414,0.003626
15:02:31.415,8.006107,15:02:31.415,77.872062,15:02:31.415,0.004284
15:02:31.416,8.073643,15:02:31.416,77.551267,15:02:31.416,0.001653
15:02:31.417,8.022991,15:02:31.417,77.449963,15:02:31.417,0.003955
15:02:31.418,7.938571,15:02:31.418,77.585035,15:02:31.418,0.002311
15:02:31.419,7.904803,15:02:31.419,77.855178,15:02:31.419,0.00264
15:02:31.420,7.938571,15:02:31.420,77.73699,15:02:31.420,0.001982
15:02:31.421,7.904803,15:02:31.421,77.652571,15:02:31.421,0.00264
15:02:31.422,7.887919,15:02:31.422,77.568151,15:02:31.422,0.001653
15:02:31.423,7.871035,15:02:31.423,77.770758,15:02:31.423,0.002969
15:02:31.424,7.955455,15:02:31.424,77.618803,15:02:31.424,0.001982
15:02:31.425,7.887919,15:02:31.425,77.534383,15:02:31.425,0.002311
15:02:31.426,7.904803,15:02:31.426,77.551267,15:02:31.426,0.002311
15:02:31.427,7.921687,15:02:31.427,77.720106,15:02:31.427,0.003297
15:02:31.428,7.921687,15:02:31.428,77.483731,15:02:31.428,0.00264
15:02:31.429,7.955455,15:02:31.429,77.483731,15:02:31.429,0.001325
15:02:31.430,7.887919,15:02:31.430,77.399311,15:02:31.430,0.001653
15:02:31.431,7.904803,15:02:31.431,77.601919,15:02:31.431,0.00264
15:02:31.432,7.820383,15:02:31.432,77.500615,15:02:31.432,0.002311
15:02:31.433,7.921687,15:02:31.433,77.399311,15:02:31.433,0.002969
15:02:31.434,7.938571,15:02:31.434,77.382427,15:02:31.434,0.003297
15:02:31.435,7.904803,15:02:31.435,77.449963,15:02:31.435,0.002311
15:02:31.436,7.955455,15:02:31.436,77.348659,15:02:31.436,0.003297
15:02:31.437,7.904803,15:02:31.437,77.281123,15:02:31.437,0.001653
15:02:31.438,7.887919,15:02:31.438,77.314891,15:02:31.438,0.001653
15:02:31.439,7.904803,15:02:31.439,77.382427,15:02:31.439,0.001982
15:02:31.440,7.837267,15:02:31.440,77.331775,15:02:31.440,0.002969
15:02:31.441,7.786615,15:02:31.441,77.213587,15:02:31.441,0.004284
15:02:31.442,7.871035,15:02:31.442,77.196703,15:02:31.442,0.001653
15:02:31.443,7.769731,15:02:31.443,77.298007,15:02:31.443,0.002311
15:02:31.444,7.769731,15:02:31.444,77.230471,15:02:31.444,0.001982
15:02:31.445,7.769731,15:02:31.445,77.061631,15:02:31.445,0.001982
15:02:31.446,7.735963,15:02:31.446,77.010979,15:02:31.446,0.003297
15:02:31.447,7.668427,15:02:31.447,77.196703,15:02:31.447,0.002969
15:02:31.448,7.719079,15:02:31.448,77.078515,15:02:31.448,0.00264
15:02:31.449,7.702195,15:02:31.449,76.960327,15:02:31.449,0.003626
15:02:31.450,7.702195,15:02:31.450,76.926559,15:02:31.450,0.00264
15:02:31.451,7.702195,15:02:31.451,77.129167,15:02:31.451,0.002311
15:02:31.452,7.752847,15:02:31.452,77.112283,15:02:31.452,0.002311
15:02:31.453,7.803499,15:02:31.453,77.010979,15:02:31.453,0.003297
15:02:31.454,7.752847,15:02:31.454,76.977211,15:02:31.454,0.002311
15:02:31.455,7.719079,15:02:31.455,77.112283,15:02:31.455,0.00264
15:02:31.456,7.735963,15:02:31.456,77.095399,15:02:31.456,0.003297
15:02:31.457,7.769731,15:02:31.457,76.859023,15:02:31.457,0.00264
15:02:31.458,7.719079,15:02:31.458,76.859023,15:02:31.458,0.002311
15:02:31.459,7.702195,15:02:31.459,77.061631,15:02:31.459,0.003297
15:02:31.460,7.685311,15:02:31.460,76.977211,15:02:31.460,0.002311
15:02:31.461,7.634659,15:02:31.461,76.791487,15:02:31.461,0.002969
15:02:31.462,7.651543,15:02:31.462,76.673299,15:02:31.462,0.003297
15:02:31.463,7.685311,15:02:31.463,76.842139,15:02:31.463,0.001982
15:02:31.464,7.600891,15:02:31.464,76.774603,15:02:31.464,0.001982
15:02:31.465,7.668427,15:02:31.465,76.639531,15:02:31.465,0.002969
15:02:31.466,7.516471,15:02:31.466,76.521343,15:02:31.466,0.00264
15:02:31.467,7.617775,15:02:31.467,76.656415,15:02:31.467,0.00264
15:02:31.468,7.584007,15:02:31.468,76.605763,15:02:31.468,0.003297
15:02:31.469,7.600891,15:02:31.469,76.588879,15:02:31.469,0.002969
15:02:31.470,7.584007,15:02:31.470,76.521343,15:02:31.470,0.00264
15:02:31.471,7.567123,15:02:31.471,76.656415,15:02:31.471,0.003626
15:02:31.472,7.617775,15:02:31.472,76.639531,15:02:31.472,0.002969
15:02:31.473,7.617775,15:02:31.473,76.487575,15:02:31.473,0.001653
15:02:31.474,7.600891,15:02:31.474,76.436924,15:02:31.474,0.003297
15:02:31.475,7.584007,15:02:31.475,76.555111,15:02:31.475,0.00264
15:02:31.476,7.567123,15:02:31.476,76.605763,15:02:31.476,0.002969
15:02:31.477,7.550239,15:02:31.477,76.453808,15:02:31.477,0.00264
15:02:31.478,7.584007,15:02:31.478,76.386272,15:02:31.478,0.003955
15:02:31.479,7.482703,15:02:31.479,76.487575,15:02:31.479,0.003626
15:02:31.480,7.415167,15:02:31.480,76.453808,15:02:31.480,0.002311
15:02:31.481,7.432051,15:02:31.481,76.284968,15:02:31.481,0.00264
15:02:31.482,7.499587,15:02:31.482,76.301852,15:02:31.482,0.002969
15:02:31.483,7.415167,15:02:31.483,76.33562,15:02:31.483,0.003955
15:02:31.484,7.465819,15:02:31.484,76.487575,15:02:31.484,0.003626
15:02:31.485,7.381399,15:02:31.485,76.318736,15:02:31.485,0.00264
15:02:31.486,7.432051,15:02:31.486,76.200548,15:02:31.486,0.002969
15:02:31.487,7.381399,15:02:31.487,76.403156,15:02:31.487,0.003626
15:02:31.488,7.330747,15:02:31.488,76.403156,15:02:31.488,0.001653
15:02:31.489,7.364515,15:02:31.489,76.234316,15:02:31.489,0.002311
15:02:31.490,7.330747,15:02:31.490,76.16678,15:02:31.490,0.003297
15:02:31.491,7.381399,15:02:31.491,76.234316,15:02:31.491,0.002969
15:02:31.492,7.347631,15:02:31.492,76.318736,15:02:31.492,0.00264
15:02:31.493,7.381399,15:02:31.493,76.065476,15:02:31.493,0.00264
15:02:31.494,7.482703,15:02:31.494,75.981056,15:02:31.494,0.003297
15:02:31.495,7.448935,15:02:31.495,76.116128,15:02:31.495,0.002311
15:02:31.496,7.381399,15:02:31.496,76.200548,15:02:31.496,0.003626
15:02:31.497,7.415167,15:02:31.497,75.964172,15:02:31.497,0.00264
15:02:31.498,7.364515,15:02:31.498,75.964172,15:02:31.498,0.002969
15:02:31.499,7.364515,15:02:31.499,76.048592,15:02:31.499,0.002311
15:02:31.500,7.364515,15:02:31.500,76.08236,15:02:31.500,0.003297
15:02:31.501,7.347631,15:02:31.501,76.031708,15:02:31.501,0.00264
15:02:31.502,7.381399,15:02:31.502,75.8291,15:02:31.502,0.002311
15:02:31.503,7.246327,15:02:31.503,75.896636,15:02:31.503,0.00264
15:02:31.504,7.280095,15:02:31.504,75.896636,15:02:31.504,0.001982
15:02:31.505,7.313863,15:02:31.505,75.694028,15:02:31.505,0.00264
15:02:31.506,7.280095,15:02:31.506,75.66026,15:02:31.506,0.002969
15:02:31.507,7.296979,15:02:31.507,75.710912,15:02:31.507,0.002969
15:02:31.508,7.212559,15:02:31.508,75.710912,15:02:31.508,0.002969
15:02:31.509,7.178791,15:02:31.509,75.525188,15:02:31.509,0.002311
15:02:31.510,7.280095,15:02:31.510,75.57584,15:02:31.510,0.001653
15:02:31.511,7.212559,15:02:31.511,75.727796,15:02:31.511,0.003955
15:02:31.512,7.212559,15:02:31.512,75.74468,15:02:31.512,0.002311
15:02:31.513,7.161907,15:02:31.513,75.727796,15:02:31.513,0.002969
15:02:31.514,7.296979,15:02:31.514,75.643376,15:02:31.514,0.00264
15:02:31.515,7.280095,15:02:31.515,75.778448,15:02:31.515,0.002311
15:02:31.516,7.246327,15:02:31.516,75.896636,15:02:31.516,0.00264
15:02:31.517,7.280095,15:02:31.517,75.57584,15:02:31.517,0.00264
15:02:31.518,7.195675,15:02:31.518,75.508304,15:02:31.518,0.002969
15:02:31.519,7.229443,15:02:31.519,75.57584,15:02:31.519,0.003955
15:02:31.520,7.161907,15:02:31.520,75.558956,15:02:31.520,0.002311
15:02:31.521,7.161907,15:02:31.521,75.457652,15:02:31.521,0.002311
15:02:31.522,7.077487,15:02:31.522,75.238161,15:02:31.522,0.003626
15:02:31.523,7.128139,15:02:31.523,75.255045,15:02:31.523,0.00264
15:02:31.524,7.043719,15:02:31.524,75.525188,15:02:31.524,0.00264
15:02:31.525,7.145023,15:02:31.525,75.288812,15:02:31.525,0.00264
15:02:31.526,7.077487,15:02:31.526,75.271929,15:02:31.526,0.00264
15:02:31.527,7.077487,15:02:31.527,75.271929,15:02:31.527,0.003297
15:02:31.528,7.009951,15:02:31.528,75.305696,15:02:31.528,0.002311
15:02:31.529,7.043719,15:02:31.529,75.221277,15:02:31.529,0.003297
15:02:31.530,7.077487,15:02:31.530,75.305696,15:02:31.530,0.00264
15:02:31.531,7.009951,15:02:31.531,75.288812,15:02:31.531,0.002311
15:02:31.532,7.043719,15:02:31.532,75.373232,15:02:31.532,0.002311
15:02:31.533,7.077487,15:02:31.533,75.238161,15:02:31.533,0.00264
15:02:31.534,7.060603,15:02:31.534,75.204393,15:02:31.534,0.00264
15:02:31.535,7.178791,15:02:31.535,75.238161,15:02:31.535,0.00264
15:02:31.536,7.043719,15:02:31.536,75.255045,15:02:31.536,0.002311
15:02:31.537,7.060603,15:02:31.537,75.356348,15:02:31.537,0.001653
15:02:31.538,7.009951,15:02:31.538,75.035553,15:02:31.538,0.001982
15:02:31.539,7.111255,15:02:31.539,75.052437,15:02:31.539,0.002969
15:02:31.540,7.009951,15:02:31.540,75.271929,15:02:31.540,0.003297
15:02:31.541,7.026835,15:02:31.541,75.069321,15:02:31.541,0.003297
15:02:31.542,6.993067,15:02:31.542,74.951133,15:02:31.542,0.002969
15:02:31.543,6.993067,15:02:31.543,74.883597,15:02:31.543,0.002969
15:02:31.544,6.942415,15:02:31.544,75.018669,15:02:31.544,0.002311
15:02:31.545,6.908647,15:02:31.545,74.900481,15:02:31.545,0.002311
15:02:31.546,6.942415,15:02:31.546,74.883597,15:02:31.546,0.001982
15:02:31.547,6.841111,15:02:31.547,74.917365,15:02:31.547,0.00264
15:02:31.548,6.891763,15:02:31.548,74.968017,15:02:31.548,0.004284
15:02:31.549,6.891763,15:02:31.549,74.849829,15:02:31.549,0.00264
15:02:31.550,6.959299,15:02:31.550,74.799177,15:02:31.550,0.00264
15:02:31.551,6.959299,15:02:31.551,74.832945,15:02:31.551,0.003297
15:02:31.552,6.976183,15:02:31.552,75.035553,15:02:31.552,0.001653
15:02:31.553,6.925531,15:02:31.553,74.748525,15:02:31.553,0.00264
15:02:31.554,6.942415,15:02:31.554,74.545917,15:02:31.554,0.003626
15:02:31.555,6.959299,15:02:31.555,74.461497,15:02:31.555,0.002969
15:02:31.556,7.009951,15:02:31.556,74.765409,15:02:31.556,0.001982
15:02:31.557,6.959299,15:02:31.557,74.613453,15:02:31.557,0.002311
15:02:31.558,6.942415,15:02:31.558,74.410845,15:02:31.558,0.003297
15:02:31.559,6.959299,15:02:31.559,74.410845,15:02:31.559,0.002969
15:02:31.560,6.790459,15:02:31.560,74.647221,15:02:31.560,0.003626
15:02:31.561,6.824227,15:02:31.561,74.444613,15:02:31.561,0.002969
15:02:31.562,6.874879,15:02:31.562,74.309541,15:02:31.562,0.00264
15:02:31.563,6.857995,15:02:31.563,74.208237,15:02:31.563,0.002969
15:02:31.564,6.841111,15:02:31.564,74.512149,15:02:31.564,0.00264
15:02:31.565,6.807343,15:02:31.565,74.377077,15:02:31.565,0.002311
15:02:31.566,6.773575,15:02:31.566,74.123817,15:02:31.566,0.00264
15:02:31.567,6.807343,15:02:31.567,74.140701,15:02:31.567,0.001982
15:02:31.568,6.790459,15:02:31.568,74.410845,15:02:31.568,0.003297
15:02:31.569,6.790459,15:02:31.569,74.360193,15:02:31.569,0.002311
15:02:31.570,6.807343,15:02:31.570,74.073165,15:02:31.570,0.003626
15:02:31.571,6.773575,15:02:31.571,74.073165,15:02:31.571,0.003297
15:02:31.572,6.756691,15:02:31.572,74.478381,15:02:31.572,0.00264
15:02:31.573,6.756691,15:02:31.573,74.258889,15:02:31.573,0.001653
15:02:31.574,6.773575,15:02:31.574,74.056282,15:02:31.574,0.002969
15:02:31.575,6.773575,15:02:31.575,74.073165,15:02:31.575,0.001982
15:02:31.576,6.756691,15:02:31.576,74.393961,15:02:31.576,0.003297
15:02:31.577,6.756691,15:02:31.577,74.225121,15:02:31.577,0.002311
15:02:31.578,6.706039,15:02:31.578,74.090049,15:02:31.578,0.240361
15:02:31.579,6.672271,15:02:31.579,74.022514,15:02:31.579,5.331801
15:02:31.580,6.638503,15:02:31.580,74.343309,15:02:31.580,8.211728
15:02:31.581,6.722923,15:02:31.581,74.242005,15:02:31.581,8.502054
15:02:31.582,6.790459,15:02:31.582,73.92121,15:02:31.582,8.565183
15:02:31.583,6.756691,15:02:31.583,73.904326,15:02:31.583,8.658561
15:02:31.584,6.706039,15:02:31.584,74.157585,15:02:31.584,8.66974
15:02:31.585,6.554084,15:02:31.585,74.039398,15:02:31.585,8.692426
15:02:31.586,6.503432,15:02:31.586,73.769254,15:02:31.586,8.70788
15:02:31.587,6.435896,15:02:31.587,73.769254,15:02:31.587,8.73517
15:02:31.588,6.469664,15:02:31.588,74.00563,15:02:31.588,8.69703
15:02:31.589,6.554084,15:02:31.589,73.938094,15:02:31.589,8.66678
15:02:31.590,6.908647,15:02:31.590,73.701718,15:02:31.590,8.666123
15:02:31.591,7.550239,15:02:31.591,73.617298,15:02:31.591,8.740102
15:02:31.592,8.580163,15:02:31.592,73.971862,15:02:31.592,8.768707
15:02:31.593,10.38675,15:02:31.593,73.870558,15:02:31.593,8.766734
15:02:31.594,13.645361,15:02:31.594,73.701718,15:02:31.594,8.706565
15:02:31.595,19.588528,15:02:31.595,73.769254,15:02:31.595,8.68881
15:02:31.596,27.253861,15:02:31.596,74.123817,15:02:31.596,8.752267
15:02:31.597,35.172453,15:02:31.597,74.140701,15:02:31.597,8.777256
15:02:31.598,43.411842,15:02:31.598,73.819906,15:02:31.598,8.784489
15:02:31.599,52.394125,15:02:31.599,73.651066,15:02:31.599,8.786133
15:02:31.600,61.477711,15:02:31.600,74.039398,15:02:31.600,8.71873
15:02:31.601,70.443108,15:02:31.601,74.039398,15:02:31.601,8.711825
15:02:31.602,78.935753,15:02:31.602,73.819906,15:02:31.602,8.773639
15:02:31.603,87.39463,15:02:31.603,73.735486,15:02:31.603,8.78416
15:02:31.604,96.157417,15:02:31.604,73.954978,15:02:31.604,8.774625
15:02:31.605,104.582523,15:02:31.605,73.853674,15:02:31.605,8.744705
15:02:31.606,112.568645,15:02:31.606,73.228966,15:02:31.606,8.69966
15:02:31.607,120.06513,15:02:31.607,73.24585,15:02:31.607,8.678946
15:02:31.608,124.252356,15:02:31.608,73.549762,15:02:31.608,8.74602
15:02:31.609,124.471848,15:02:31.609,73.803022,15:02:31.609,8.755555
15:02:31.610,123.391273,15:02:31.610,73.549762,15:02:31.610,8.764104
15:02:31.611,120.132666,15:02:31.611,73.651066,15:02:31.611,8.74865
15:02:31.612,110.863363,15:02:31.612,74.00563,15:02:31.612,8.68059
15:02:31.613,101.627826,15:02:31.613,74.106933,15:02:31.613,8.665794
15:02:31.614,95.245682,15:02:31.614,73.904326,15:02:31.614,8.756541
15:02:31.615,85.030872,15:02:31.615,74.073165,15:02:31.615,8.77331
15:02:31.616,72.705563,15:02:31.616,74.326425,15:02:31.616,8.766076
15:02:31.617,63.807701,15:02:31.617,74.444613,15:02:31.617,8.753253
15:02:31.618,58.185333,15:02:31.618,74.343309,15:02:31.618,8.689138
15:02:31.619,56.885266,15:02:31.619,74.275773,15:02:31.619,8.667438
15:02:31.620,59.502284,15:02:31.620,74.343309,15:02:31.620,8.725306
15:02:31.621,63.757049,15:02:31.621,74.427729,15:02:31.621,8.739773
15:02:31.622,69.497605,15:02:31.622,74.292657,15:02:31.622,8.738129
15:02:31.623,76.369388,15:02:31.623,74.275773,15:02:31.623,8.736156
15:02:31.624,82.717766,15:02:31.624,74.427729,15:02:31.624,8.715771
15:02:31.625,88.407669,15:02:31.625,74.664105,15:02:31.625,8.648368
15:02:31.626,93.016996,15:02:31.626,74.849829,15:02:31.626,8.651327
15:02:31.627,95.144378,15:02:31.627,74.849829,15:02:31.627,8.742403
15:02:31.628,95.532709,15:02:31.628,75.390116,15:02:31.628,8.753911
15:02:31.629,96.51198,15:02:31.629,75.795332,15:02:31.629,8.752267
15:02:31.630,97.035384,15:02:31.630,75.812216,15:02:31.630,8.750623
15:02:31.631,98.639362,15:02:31.631,75.845984,15:02:31.631,8.699002
15:02:31.632,101.931738,15:02:31.632,75.99794,15:02:31.632,8.676315
15:02:31.633,105.646214,15:02:31.633,76.217432,15:02:31.633,8.667109
15:02:31.634,108.26323,15:02:31.634,76.301852,15:02:31.634,8.745691
15:02:31.635,110.137352,15:02:31.635,76.352504,15:02:31.635,8.754569
15:02:31.636,111.285462,15:02:31.636,76.555111,15:02:31.636,8.759829
15:02:31.637,111.082855,15:02:31.637,76.791487,15:02:31.637,8.761802
15:02:31.638,110.863363,15:02:31.638,76.892791,15:02:31.638,8.747335
15:02:31.639,109.208733,15:02:31.639,77.095399,15:02:31.639,8.665136
15:02:31.640,105.848821,15:02:31.640,77.365543,15:02:31.640,8.654615
15:02:31.641,103.181153,15:02:31.641,77.770758,15:02:31.641,8.723004
15:02:31.642,101.087539,15:02:31.642,77.804526,15:02:31.642,8.733526
15:02:31.643,99.82124,15:02:31.643,77.90583,15:02:31.643,8.747664
15:02:31.644,101.138191,15:02:31.644,78.24351,15:02:31.644,8.755884
15:02:31.645,105.561794,15:02:31.645,78.868217,15:02:31.645,8.674671
15:02:31.646,109.884092,15:02:31.646,79.104593,15:02:31.646,8.674014
15:02:31.647,114.54407,15:02:31.647,79.695533,15:02:31.647,8.657903
15:02:31.648,118.883252,15:02:31.648,80.438428,15:02:31.648,8.739773
15:02:31.649,122.935406,15:02:31.649,81.755379,15:02:31.649,8.726621
15:02:31.650,125.50177,15:02:31.650,83.629501,15:02:31.650,8.736485
15:02:31.651,126.784952,15:02:31.651,86.46601,15:02:31.651,8.734512
15:02:31.652,126.042057,15:02:31.652,88.914188,15:02:31.652,8.723004
15:02:31.653,124.944599,15:02:31.653,90.383095,15:02:31.653,8.649025
15:02:31.654,123.03671,15:02:31.654,90.838962,15:02:31.654,8.638175
15:02:31.655,120.250854,15:02:31.655,91.04157,15:02:31.655,8.66974
15:02:31.656,116.857175,15:02:31.656,91.21041,15:02:31.656,8.725635
15:02:31.657,114.983053,15:02:31.657,91.244178,15:02:31.657,8.740759
15:02:31.658,114.138855,15:02:31.658,91.548089,15:02:31.658,8.734841
15:02:31.659,116.654567,15:02:31.659,92.172797,15:02:31.659,8.681576
15:02:31.660,122.057439,15:02:31.660,91.987073,15:02:31.660,8.656259
15:02:31.661,126.936908,15:02:31.661,90.366211,15:02:31.661,8.711825
15:02:31.662,131.005946,15:02:31.662,89.083028,15:02:31.662,8.744376
15:02:31.663,133.521657,15:02:31.663,88.779116,15:02:31.663,8.747993
15:02:31.664,134.264552,15:02:31.664,88.829768,15:02:31.664,8.747006
15:02:31.665,133.589193,15:02:31.665,88.829768,15:02:31.665,8.751938
15:02:31.666,130.465658,15:02:31.666,89.251868,15:02:31.666,8.692098
15:02:31.667,125.974521,15:02:31.667,90.129835,15:02:31.667,8.667438
15:02:31.668,121.989904,15:02:31.668,90.940266,15:02:31.668,8.675987
15:02:31.669,117.414346,15:02:31.669,90.805194,15:02:31.669,8.748979
15:02:31.670,111.57249,15:02:31.670,90.653238,15:02:31.670,8.752925
15:02:31.671,107.841131,15:02:31.671,91.227294,15:02:31.671,8.756541
15:02:31.672,104.920202,15:02:31.672,92.881924,15:02:31.672,8.742074
15:02:31.673,104.802015,15:02:31.673,94.469018,15:02:31.673,8.686179
15:02:31.674,107.385263,15:02:31.674,95.279449,15:02:31.674,2.035931
15:02:31.675,112.450457,15:02:31.675,96.157417,15:02:31.675,1.600601
15:02:31.676,117.937749,15:02:31.676,97.10292,15:02:31.676,1.249773
15:02:31.677,123.306854,15:02:31.677,97.862699,15:02:31.677,0.952539
15:02:31.678,126.953792,15:02:31.678,98.352334,15:02:31.678,0.657936
15:02:31.679,129.081173,15:02:31.679,99.787472,15:02:31.679,0.348536
15:02:31.680,130.212399,15:02:31.680,101.155075,15:02:31.680,0.052288
15:02:31.681,128.186322,15:02:31.681,101.425219,15:02:31.681,-0.103234
15:02:31.682,124.741991,15:02:31.682,100.15892,15:02:31.682,-0.165376
15:02:31.683,120.419694,15:02:31.683,99.095229,15:02:31.683,-0.211408
15:02:31.684,115.810368,15:02:31.684,98.453638,15:02:31.684,-0.238699
15:02:31.685,110.846479,15:02:31.685,99.128997,15:02:31.685,-0.245603
15:02:31.686,107.317727,15:02:31.686,99.196533,15:02:31.686,-0.230807
15:02:31.687,106.034545,15:02:31.687,98.926389,15:02:31.687,-0.208778
15:02:31.688,104.481219,15:02:31.688,98.58871,15:02:31.688,-0.173925
15:02:31.689,103.535716,15:02:31.689,98.132842,15:02:31.689,-0.131181
15:02:31.690,100.716091,15:02:31.690,97.237991,15:02:31.690,-0.081204
15:02:31.691,96.630168,15:02:31.691,97.676975,15:02:31.691,-0.029254
15:02:31.692,91.497437,15:02:31.692,100.15892,15:02:31.692,0.008229
15:02:31.693,86.80369,15:02:31.693,102.657749,15:02:31.693,0.00264
15:02:31.694,81.738495,15:02:31.694,103.265572,15:02:31.694,0.00264
15:02:31.695,75.964172,15:02:31.695,102.944777,15:02:31.695,0.003297
15:02:31.696,71.186004,15:02:31.696,103.400644,15:02:31.696,0.002311
15:02:31.697,68.83913,15:02:31.697,104.498103,15:02:31.697,0.00264
15:02:31.698,66.745515,15:02:31.698,104.785131,15:02:31.698,0.002311
15:02:31.699,65.58052,15:02:31.699,104.582523,15:02:31.699,0.002969
15:02:31.700,64.651901,15:02:31.700,104.278611,15:02:31.700,0.002969
15:02:31.701,64.415525,15:02:31.701,104.126655,15:02:31.701,0.004284
15:02:31.702,65.040232,15:02:31.702,103.282456,15:02:31.702,0.001982
15:02:31.703,66.00262,15:02:31.703,102.691517,15:02:31.703,0.003955
15:02:31.704,66.931239,15:02:31.704,103.147385,15:02:31.704,0.004612
15:02:31.705,67.370223,15:02:31.705,103.940932,15:02:31.705,0.004612
15:02:31.706,66.627327,15:02:31.706,104.346147,15:02:31.706,0.002311
15:02:31.707,65.41168,15:02:31.707,103.755208,15:02:31.707,0.003297
15:02:31.708,63.470022,15:02:31.708,102.809705,15:02:31.708,0.003626
15:02:31.709,61.376407,15:02:31.709,102.336954,15:02:31.709,0.002969
15:02:31.710,58.438593,15:02:31.710,102.117462,15:02:31.710,0.00264
15:02:31.711,55.652735,15:02:31.711,102.23565,15:02:31.711,0.001982
15:02:31.712,53.018832,15:02:31.712,102.573329,15:02:31.712,0.003955
15:02:31.713,50.942101,15:02:31.713,102.860357,15:02:31.713,0.00264
15:02:31.714,48.831603,15:02:31.714,102.640865,15:02:31.714,0.001982
15:02:31.715,47.362695,15:02:31.715,102.033042,15:02:31.715,0.003297
15:02:31.716,45.843136,15:02:31.716,101.762898,15:02:31.716,0.003955
15:02:31.717,44.576837,15:02:31.717,101.81355,15:02:31.717,0.003626
15:02:31.718,43.158582,15:02:31.718,102.336954,15:02:31.718,0.00527
15:02:31.719,42.061122,15:02:31.719,102.944777,15:02:31.719,0.001982
15:02:31.720,41.706558,15:02:31.720,103.788976,15:02:31.720,0.002311
15:02:31.721,41.351995,15:02:31.721,104.650059,15:02:31.721,0.003297
15:02:31.722,40.862359,15:02:31.722,105.072158,15:02:31.722,0.00264
15:02:31.723,41.115619,15:02:31.723,105.021506,15:02:31.723,0.003626
15:02:31.724,41.301343,15:02:31.724,104.937086,15:02:31.724,0.00264
15:02:31.725,41.605254,15:02:31.725,104.818899,15:02:31.725,0.001325
15:02:31.726,41.909166,15:02:31.726,104.717595,15:02:31.726,0.003955
15:02:31.727,41.976702,15:02:31.727,104.312379,15:02:31.727,0.00264
15:02:31.728,41.993586,15:02:31.728,104.076003,15:02:31.728,0.00264
15:02:31.729,41.976702,15:02:31.729,103.856512,15:02:31.729,0.002311
15:02:31.730,41.807862,15:02:31.730,103.434412,15:02:31.730,0.003297
15:02:31.731,41.351995,15:02:31.731,102.640865,15:02:31.731,0.004284
15:02:31.732,40.710403,15:02:31.732,102.016158,15:02:31.732,0.003955
15:02:31.733,39.883087,15:02:31.733,101.64471,15:02:31.733,0.002311
15:02:31.734,39.106424,15:02:31.734,101.492755,15:02:31.734,0.00264
15:02:31.735,38.464832,15:02:31.735,101.239495,15:02:31.735,0.00264
15:02:31.736,37.975196,15:02:31.736,101.492755,15:02:31.736,0.001653
15:02:31.737,37.603748,15:02:31.737,101.881086,15:02:31.737,0.002311
15:02:31.738,37.6544,15:02:31.738,102.269418,15:02:31.738,0.001982
15:02:31.739,37.806356,15:02:31.739,102.15123,15:02:31.739,0.002969
15:02:31.740,37.586864,15:02:31.740,102.15123,15:02:31.740,0.002311
15:02:31.741,35.223105,15:02:31.741,102.168114,15:02:31.741,0.003297
15:02:31.742,29.516316,15:02:31.742,102.117462,15:02:31.742,0.001325
15:02:31.743,23.505614,15:02:31.743,101.762898,15:02:31.743,0.002969
15:02:31.744,17.984548,15:02:31.744,101.594058,15:02:31.744,0.002311
15:02:31.745,12.142686,15:02:31.745,101.526522,15:02:31.745,0.004284
15:02:31.746,5.963144,15:02:31.746,101.357683,15:02:31.746,0.000667
15:02:31.747,0.205701,15:02:31.747,100.783627,15:02:31.747,0.001982
15:02:31.748,-2.985374,15:02:31.748,100.429064,15:02:31.748,0.00264
15:02:31.749,-3.373706,15:02:31.749,100.192688,15:02:31.749,0.00264
15:02:31.750,-3.373706,15:02:31.750,99.973196,15:02:31.750,0.002311
15:02:31.751,-3.39059,15:02:31.751,99.382257,15:02:31.751,0.003626
15:02:31.752,-3.39059,15:02:31.752,98.977041,15:02:31.752,0.00264
15:02:31.753,-3.407474,15:02:31.753,98.858854,15:02:31.753,0.003297
15:02:31.754,-3.424358,15:02:31.754,99.078345,15:02:31.754,0.002311
15:02:31.755,-3.39059,15:02:31.755,98.58871,15:02:31.755,0.002311
15:02:31.756,-3.373706,15:02:31.756,98.369218,15:02:31.756,0.002969
15:02:31.757,-3.356822,15:02:31.757,98.267914,15:02:31.757,0.00264
15:02:31.758,-3.204866,15:02:31.758,98.453638,15:02:31.758,0.002311
15:02:31.759,-2.12429,15:02:31.759,97.828931,15:02:31.759,0.004941
15:02:31.760,0.594033,15:02:31.760,97.558787,15:02:31.760,0.003626
15:02:31.761,4.122788,15:02:31.761,97.575671,15:02:31.761,0.003626
15:02:31.762,7.820383,15:02:31.762,97.795163,15:02:31.762,0.00264
15:02:31.763,11.669934,15:02:31.763,97.153571,15:02:31.763,0.00264
15:02:31.764,15.249341,15:02:31.764,96.866544,15:02:31.764,0.003297
15:02:31.765,18.62614,15:02:31.765,96.697704,15:02:31.765,0.003297
15:02:31.766,21.631491,15:02:31.766,96.782124,15:02:31.766,0.00264
15:02:31.767,23.961482,15:02:31.767,96.123649,15:02:31.767,0.001982
15:02:31.768,25.616113,15:02:31.768,95.887273,15:02:31.768,0.00264
15:02:31.769,26.477197,15:02:31.769,95.667781,15:02:31.769,0.003297
15:02:31.770,26.527849,15:02:31.770,95.921041,15:02:31.770,0.001982
15:02:31.771,25.835605,15:02:31.771,95.414521,15:02:31.771,0.002969
15:02:31.772,24.603074,15:02:31.772,95.178146,15:02:31.772,0.00264
15:02:31.773,23.015978,15:02:31.773,95.19503,15:02:31.773,0.002969
15:02:31.774,21.074319,15:02:31.774,95.397637,15:02:31.774,0.00264
15:02:31.775,18.96382,15:02:31.775,94.958654,15:02:31.775,0.004284
15:02:31.776,16.785784,15:02:31.776,94.823582,15:02:31.776,0.001982
15:02:31.777,14.472677,15:02:31.777,94.654742,15:02:31.777,0.00264
15:02:31.778,12.024498,15:02:31.778,95.02619,15:02:31.778,0.002969
15:02:31.779,9.660739,15:02:31.779,94.553438,15:02:31.779,0.003626
15:02:31.780,7.296979,15:02:31.780,94.300179,15:02:31.780,0.003297
15:02:31.781,5.118944,15:02:31.781,94.249527,15:02:31.781,0.00264
15:02:31.782,2.99156,15:02:31.782,94.418366,15:02:31.782,0.003626
15:02:31.783,1.336929,15:02:31.783,93.962499,15:02:31.783,0.001325
15:02:31.784,0.053745,15:02:31.784,93.624819,15:02:31.784,0.002311
15:02:31.785,-0.874875,15:02:31.785,93.439095,15:02:31.785,0.00264
15:02:31.786,-1.550234,15:02:31.786,93.675471,15:02:31.786,0.002311
15:02:31.787,-1.769726,15:02:31.787,93.270256,15:02:31.787,0.002969
15:02:31.788,-1.634654,15:02:31.788,92.915692,15:02:31.788,0.002311
15:02:31.789,-1.212555,15:02:31.789,92.848156,15:02:31.789,0.002969
15:02:31.790,-0.503427,15:02:31.790,93.135184,15:02:31.790,0.002311
15:02:31.791,0.796641,15:02:31.791,92.814388,15:02:31.791,0.003297
15:02:31.792,2.501925,15:02:31.792,92.544244,15:02:31.792,0.001653
15:02:31.793,4.274744,15:02:31.793,92.442941,15:02:31.793,0.004284
15:02:31.794,6.233288,15:02:31.794,92.814388,15:02:31.794,0.001982
15:02:31.795,8.293135,15:02:31.795,92.594896,15:02:31.795,0.001653
15:02:31.796,10.30233,15:02:31.796,92.392289,15:02:31.796,0.003626
15:02:31.797,12.41283,15:02:31.797,92.442941,15:02:31.797,0.003626
15:02:31.798,14.472677,15:02:31.798,92.848156,15:02:31.798,0.003626
15:02:31.799,16.346801,15:02:31.799,92.645548,15:02:31.799,0.002311
15:02:31.800,18.052084,15:02:31.800,92.375405,15:02:31.800,0.002311
15:02:31.801,19.369036,15:02:31.801,92.307869,15:02:31.801,0.002969
15:02:31.802,20.314539,15:02:31.802,92.493592,15:02:31.802,0.003297
15:02:31.803,20.854827,15:02:31.803,92.274101,15:02:31.803,0.002311
15:02:31.804,20.922363,15:02:31.804,91.868885,15:02:31.804,0.003297
15:02:31.805,20.567799,15:02:31.805,91.700045,15:02:31.805,0.002969
15:02:31.806,20.010627,15:02:31.806,91.835117,15:02:31.806,0.003297
15:02:31.807,19.976859,15:02:31.807,91.632509,15:02:31.807,0.001982
15:02:31.808,19.200196,15:02:31.808,91.37925,15:02:31.808,0.004284
15:02:31.809,17.140348,15:02:31.809,91.193526,15:02:31.809,0.003297
15:02:31.810,15.485717,15:02:31.810,91.666277,15:02:31.810,0.00264
15:02:31.811,13.679129,15:02:31.811,91.767581,15:02:31.811,0.00264
15:02:31.812,11.703702,15:02:31.812,91.835117,15:02:31.812,0.001325
15:02:31.813,10.352982,15:02:31.813,92.020841,15:02:31.813,0.00264
15:02:31.814,9.356827,15:02:31.814,92.375405,15:02:31.814,0.002311
15:02:31.815,8.141179,15:02:31.815,92.831272,15:02:31.815,0.002969
15:02:31.816,7.212559,15:02:31.816,93.000112,15:02:31.816,0.001653
15:02:31.817,6.402128,15:02:31.817,93.1183,15:02:31.817,0.000996
15:02:31.818,5.287784,15:02:31.818,93.422211,15:02:31.818,0.002969
15:02:31.819,3.852644,15:02:31.819,93.624819,15:02:31.819,0.003955
15:02:31.820,2.687649,15:02:31.820,93.540399,15:02:31.820,0.003297
15:02:31.821,2.805836,15:02:31.821,93.270256,15:02:31.821,0.004612
15:02:31.822,3.5825,15:02:31.822,93.236488,15:02:31.822,0.002311
15:02:31.823,4.139672,15:02:31.823,93.152068,15:02:31.823,0.002969
15:02:31.824,4.93322,15:02:31.824,92.86504,15:02:31.824,0.001653
15:02:31.825,6.165752,15:02:31.825,92.662432,15:02:31.825,0.003955
15:02:31.826,7.415167,15:02:31.826,92.561128,15:02:31.826,0.001982
15:02:31.827,8.461975,15:02:31.827,92.324753,15:02:31.827,0.002969
15:02:31.828,9.508783,15:02:31.828,92.122145,15:02:31.828,0.003955
15:02:31.829,10.842618,15:02:31.829,92.088377,15:02:31.829,0.002311
15:02:31.830,11.973846,15:02:31.830,92.223449,15:02:31.830,0.003297
15:02:31.831,13.442754,15:02:31.831,92.493592,15:02:31.831,0.003297
15:02:31.832,14.810357,15:02:31.832,92.392289,15:02:31.832,0.002311
15:02:31.833,15.941585,15:02:31.833,92.61178,15:02:31.833,0.002311
15:02:31.834,16.633829,15:02:31.834,92.94946,15:02:31.834,0.000667
15:02:31.835,17.292304,15:02:31.835,93.28714,15:02:31.835,0.003626
15:02:31.836,17.6131,15:02:31.836,93.337792,15:02:31.836,0.002969
15:02:31.837,17.494912,15:02:31.837,93.540399,15:02:31.837,0.003297
15:02:31.838,17.055928,15:02:31.838,93.878079,15:02:31.838,0.002969
15:02:31.839,16.819552,15:02:31.839,94.097571,15:02:31.839,0.005599
15:02:31.840,16.498757,15:02:31.840,93.979383,15:02:31.840,0.00264
15:02:31.841,15.992237,15:02:31.841,93.945615,15:02:31.841,0.001653
