Time,Voltage_1,Time 1,Voltage_2,Time 2,Voltage_0
12:59:38.271,2.096709,12:59:38.271,40.879243,12:59:38.271,0.003297
12:59:38.272,1.910985,12:59:38.272,40.862359,12:59:38.272,0.002969
12:59:38.273,1.860333,12:59:38.273,40.929895,12:59:38.273,0.002311
12:59:38.274,1.809681,12:59:38.274,40.913011,12:59:38.274,0.002311
12:59:38.275,1.759029,12:59:38.275,40.862359,12:59:38.275,0.003626
12:59:38.276,1.742145,12:59:38.276,40.828591,12:59:38.276,0.003626
12:59:38.277,1.691493,12:59:38.277,40.963663,12:59:38.277,0.001982
12:59:38.278,1.657725,12:59:38.278,40.811707,12:59:38.278,0.002969
12:59:38.279,1.623957,12:59:38.279,40.761055,12:59:38.279,0.003955
12:59:38.280,1.640841,12:59:38.280,40.761055,12:59:38.280,0.00264
12:59:38.281,1.539537,12:59:38.281,40.828591,12:59:38.281,0.001982
12:59:38.282,1.505769,12:59:38.282,40.693519,12:59:38.282,0.001653
12:59:38.283,1.607073,12:59:38.283,40.625983,12:59:38.283,0.002311
12:59:38.284,1.590189,12:59:38.284,40.558447,12:59:38.284,0.00264
12:59:38.285,1.573305,12:59:38.285,40.744171,12:59:38.285,0.004284
12:59:38.286,1.590189,12:59:38.286,40.625983,12:59:38.286,0.00264
12:59:38.287,1.674609,12:59:38.287,40.507795,12:59:38.287,0.003297
12:59:38.288,1.691493,12:59:38.288,40.609099,12:59:38.288,0.002311
12:59:38.289,1.759029,12:59:38.289,40.625983,12:59:38.289,0.002311
12:59:38.290,1.742145,12:59:38.290,40.659751,12:59:38.290,0.002969
12:59:38.291,1.843449,12:59:38.291,40.575331,12:59:38.291,0.003955
12:59:38.292,1.910985,12:59:38.292,40.440259,12:59:38.292,0.004941
12:59:38.293,1.910985,12:59:38.293,40.507795,12:59:38.293,0.00264
12:59:38.294,1.927869,12:59:38.294,40.507795,12:59:38.294,0.005599
12:59:38.295,1.961637,12:59:38.295,40.406491,12:59:38.295,0.001653
12:59:38.296,1.995405,12:59:38.296,40.389607,12:59:38.296,0.003297
12:59:38.297,1.910985,12:59:38.297,40.474027,12:59:38.297,0.005928
12:59:38.298,1.978521,12:59:38.298,40.457143,12:59:38.298,0.004612
12:59:38.299,1.961637,12:59:38.299,40.372723,12:59:38.299,0.002311
12:59:38.300,1.978521,12:59:38.300,40.186999,12:59:38.300,0.002969
12:59:38.301,1.843449,12:59:38.301,40.423375,12:59:38.301,0.00264
12:59:38.302,1.860333,12:59:38.302,40.338955,12:59:38.302,0.00264
12:59:38.303,1.826565,12:59:38.303,40.170115,12:59:38.303,0.002969
12:59:38.304,1.759029,12:59:38.304,40.237651,12:59:38.304,0.001982
12:59:38.305,1.640841,12:59:38.305,40.186999,12:59:38.305,0.001653
12:59:38.306,1.691493,12:59:38.306,40.203883,12:59:38.306,0.00264
12:59:38.307,1.657725,12:59:38.307,40.153231,12:59:38.307,0.002969
12:59:38.308,1.556421,12:59:38.308,40.102579,12:59:38.308,0.003626
12:59:38.309,1.505769,12:59:38.309,40.237651,12:59:38.309,0.001982
12:59:38.310,1.505769,12:59:38.310,40.237651,12:59:38.310,0.004284
12:59:38.311,1.438233,12:59:38.311,40.102579,12:59:38.311,0.00264
12:59:38.312,1.404465,12:59:38.312,40.136347,12:59:38.312,0.002311
12:59:38.313,1.421349,12:59:38.313,40.102579,12:59:38.313,0.003626
12:59:38.314,1.320045,12:59:38.314,40.136347,12:59:38.314,0.003297
12:59:38.315,1.370697,12:59:38.315,40.018159,12:59:38.315,0.003297
12:59:38.316,1.353813,12:59:38.316,40.018159,12:59:38.316,0.002311
12:59:38.317,1.353813,12:59:38.317,40.035043,12:59:38.317,0.004284
12:59:38.318,1.269393,12:59:38.318,40.085695,12:59:38.318,0.004941
12:59:38.319,1.252509,12:59:38.319,39.933739,12:59:38.319,0.00264
12:59:38.320,1.269393,12:59:38.320,39.933739,12:59:38.320,0.003626
12:59:38.321,1.286277,12:59:38.321,39.899971,12:59:38.321,0.001653
12:59:38.322,1.286277,12:59:38.322,39.849319,12:59:38.322,0.00264
12:59:38.323,1.320045,12:59:38.323,39.849319,12:59:38.323,0.001982
12:59:38.324,1.336929,12:59:38.324,39.714247,12:59:38.324,0.002311
12:59:38.325,1.252509,12:59:38.325,39.764899,12:59:38.325,0.003626
12:59:38.326,1.353813,12:59:38.326,39.832435,12:59:38.326,0.00264
12:59:38.327,1.387581,12:59:38.327,39.748015,12:59:38.327,0.002969
12:59:38.328,1.353813,12:59:38.328,39.832435,12:59:38.328,0.001982
12:59:38.329,1.455117,12:59:38.329,39.764899,12:59:38.329,0.004612
12:59:38.330,1.353813,12:59:38.330,39.781783,12:59:38.330,0.004284
12:59:38.331,1.488885,12:59:38.331,39.680479,12:59:38.331,0.003626
12:59:38.332,1.472001,12:59:38.332,39.646711,12:59:38.332,0.002969
12:59:38.333,1.404465,12:59:38.333,39.781783,12:59:38.333,0.002311
12:59:38.334,1.404465,12:59:38.334,39.731131,12:59:38.334,0.003297
12:59:38.335,1.472001,12:59:38.335,39.629827,12:59:38.335,0.001982
12:59:38.336,1.472001,12:59:38.336,39.612943,12:59:38.336,0.003955
12:59:38.337,1.336929,12:59:38.337,39.748015,12:59:38.337,0.003626
12:59:38.338,1.286277,12:59:38.338,39.764899,12:59:38.338,0.003955
12:59:38.339,1.404465,12:59:38.339,39.579175,12:59:38.339,0.003626
12:59:38.340,1.269393,12:59:38.340,39.663595,12:59:38.340,0.00264
12:59:38.341,1.286277,12:59:38.341,39.629827,12:59:38.341,0.002311
12:59:38.342,1.218741,12:59:38.342,39.663595,12:59:38.342,0.002969
12:59:38.343,1.252509,12:59:38.343,39.528523,12:59:38.343,0.002969
12:59:38.344,1.168089,12:59:38.344,39.596059,12:59:38.344,0.002969
12:59:38.345,1.134321,12:59:38.345,39.646711,12:59:38.345,0.002311
12:59:38.346,1.100553,12:59:38.346,39.596059,12:59:38.346,0.002311
12:59:38.347,1.134321,12:59:38.347,39.596059,12:59:38.347,0.002311
12:59:38.348,1.134321,12:59:38.348,39.511639,12:59:38.348,0.003297
12:59:38.349,1.083669,12:59:38.349,39.629827,12:59:38.349,0.002311
12:59:38.350,1.100553,12:59:38.350,39.646711,12:59:38.350,0.001653
12:59:38.351,1.151205,12:59:38.351,39.562291,12:59:38.351,0.00264
12:59:38.352,1.269393,12:59:38.352,39.579175,12:59:38.352,0.003297
12:59:38.353,1.218741,12:59:38.353,39.579175,12:59:38.353,0.003626
12:59:38.354,1.218741,12:59:38.354,39.596059,12:59:38.354,0.002969
12:59:38.355,1.269393,12:59:38.355,39.528523,12:59:38.355,0.003297
12:59:38.356,1.303161,12:59:38.356,39.477872,12:59:38.356,0.00264
12:59:38.357,1.269393,12:59:38.357,39.579175,12:59:38.357,0.001653
12:59:38.358,1.303161,12:59:38.358,39.596059,12:59:38.358,0.004284
12:59:38.359,1.421349,12:59:38.359,39.359684,12:59:38.359,0.003955
12:59:38.360,1.387581,12:59:38.360,39.359684,12:59:38.360,0.001325
12:59:38.361,1.421349,12:59:38.361,39.376568,12:59:38.361,0.003297
12:59:38.362,1.404465,12:59:38.362,39.460988,12:59:38.362,0.002311
12:59:38.363,1.421349,12:59:38.363,39.309032,12:59:38.363,0.003297
12:59:38.364,1.488885,12:59:38.364,39.25838,12:59:38.364,0.003626
12:59:38.365,1.438233,12:59:38.365,39.393452,12:59:38.365,0.002969
12:59:38.366,1.472001,12:59:38.366,39.460988,12:59:38.366,0.002969
12:59:38.367,1.488885,12:59:38.367,39.3428,12:59:38.367,0.004284
12:59:38.368,1.505769,12:59:38.368,39.275264,12:59:38.368,0.001982
12:59:38.369,1.421349,12:59:38.369,39.460988,12:59:38.369,0.002311
12:59:38.370,1.404465,12:59:38.370,39.444104,12:59:38.370,0.00264
12:59:38.371,1.438233,12:59:38.371,39.309032,12:59:38.371,0.001653
12:59:38.372,1.455117,12:59:38.372,39.241496,12:59:38.372,0.002311
12:59:38.373,1.421349,12:59:38.373,39.42722,12:59:38.373,0.001325
12:59:38.374,1.336929,12:59:38.374,39.511639,12:59:38.374,0.000667
12:59:38.375,1.404465,12:59:38.375,39.275264,12:59:38.375,0.002311
12:59:38.376,1.370697,12:59:38.376,39.325916,12:59:38.376,0.00264
12:59:38.377,1.286277,12:59:38.377,39.3428,12:59:38.377,0.002311
12:59:38.378,1.252509,12:59:38.378,39.460988,12:59:38.378,0.002969
12:59:38.379,1.303161,12:59:38.379,39.292148,12:59:38.379,0.002969
12:59:38.380,1.252509,12:59:38.380,39.241496,12:59:38.380,0.002969
12:59:38.381,1.286277,12:59:38.381,39.325916,12:59:38.381,0.001982
12:59:38.382,1.201857,12:59:38.382,39.460988,12:59:38.382,0.003297
12:59:38.383,1.320045,12:59:38.383,39.241496,12:59:38.383,0.002311
12:59:38.384,1.303161,12:59:38.384,39.190844,12:59:38.384,0.00264
12:59:38.385,1.218741,12:59:38.385,39.140192,12:59:38.385,0.002311
12:59:38.386,1.269393,12:59:38.386,39.325916,12:59:38.386,0.003297
12:59:38.387,1.303161,12:59:38.387,39.25838,12:59:38.387,0.002311
12:59:38.388,1.286277,12:59:38.388,39.309032,12:59:38.388,0.001982
12:59:38.389,1.320045,12:59:38.389,39.309032,12:59:38.389,0.003626
12:59:38.390,1.387581,12:59:38.390,39.477872,12:59:38.390,0.002311
12:59:38.391,1.522653,12:59:38.391,39.376568,12:59:38.391,0.003955
12:59:38.392,1.556421,12:59:38.392,39.275264,12:59:38.392,0.001982
12:59:38.393,1.607073,12:59:38.393,39.325916,12:59:38.393,0.00264
12:59:38.394,1.556421,12:59:38.394,39.410336,12:59:38.394,0.001653
12:59:38.395,1.623957,12:59:38.395,39.393452,12:59:38.395,0.002969
12:59:38.396,1.691493,12:59:38.396,39.292148,12:59:38.396,0.003955
12:59:38.397,1.640841,12:59:38.397,39.325916,12:59:38.397,0.003297
12:59:38.398,1.657725,12:59:38.398,39.42722,12:59:38.398,0.003626
12:59:38.399,1.708377,12:59:38.399,39.309032,12:59:38.399,0.001325
12:59:38.400,1.674609,12:59:38.400,39.309032,12:59:38.400,0.00264
12:59:38.401,1.674609,12:59:38.401,39.25838,12:59:38.401,0.001325
12:59:38.402,1.623957,12:59:38.402,39.275264,12:59:38.402,0.00264
12:59:38.403,1.607073,12:59:38.403,39.292148,12:59:38.403,0.00264
12:59:38.404,1.691493,12:59:38.404,39.224612,12:59:38.404,0.001653
12:59:38.405,1.640841,12:59:38.405,39.207728,12:59:38.405,0.00264
12:59:38.406,1.539537,12:59:38.406,39.292148,12:59:38.406,0.002311
12:59:38.407,1.522653,12:59:38.407,39.190844,12:59:38.407,0.00264
12:59:38.408,1.505769,12:59:38.408,39.140192,12:59:38.408,0.001982
12:59:38.409,1.556421,12:59:38.409,39.140192,12:59:38.409,0.002311
12:59:38.410,1.488885,12:59:38.410,39.292148,12:59:38.410,0.000996
12:59:38.411,1.505769,12:59:38.411,39.17396,12:59:38.411,0.002969
12:59:38.412,1.573305,12:59:38.412,39.08954,12:59:38.412,0.002311
12:59:38.413,1.539537,12:59:38.413,39.08954,12:59:38.413,0.001653
12:59:38.414,1.455117,12:59:38.414,39.157076,12:59:38.414,0.002311
12:59:38.415,1.505769,12:59:38.415,39.123308,12:59:38.415,0.00264
12:59:38.416,1.472001,12:59:38.416,39.022004,12:59:38.416,0.001653
12:59:38.417,1.505769,12:59:38.417,39.08954,12:59:38.417,0.002311
12:59:38.418,1.556421,12:59:38.418,39.140192,12:59:38.418,0.002311
12:59:38.419,1.573305,12:59:38.419,39.140192,12:59:38.419,0.001982
12:59:38.420,1.522653,12:59:38.420,38.988236,12:59:38.420,0.00264
12:59:38.421,1.539537,12:59:38.421,39.038888,12:59:38.421,0.00264
12:59:38.422,1.472001,12:59:38.422,39.123308,12:59:38.422,0.002311
12:59:38.423,1.623957,12:59:38.423,38.971352,12:59:38.423,0.002969
12:59:38.424,1.522653,12:59:38.424,38.971352,12:59:38.424,0.001653
12:59:38.425,1.573305,12:59:38.425,38.903816,12:59:38.425,0.001325
12:59:38.426,1.573305,12:59:38.426,38.903816,12:59:38.426,0.001653
12:59:38.427,1.590189,12:59:38.427,38.937584,12:59:38.427,0.002311
12:59:38.428,1.657725,12:59:38.428,38.853164,12:59:38.428,0.001982
12:59:38.429,1.640841,12:59:38.429,38.886932,12:59:38.429,0.001982
12:59:38.430,1.640841,12:59:38.430,38.870048,12:59:38.430,0.001982
12:59:38.431,1.691493,12:59:38.431,38.9207,12:59:38.431,0.003626
12:59:38.432,1.759029,12:59:38.432,38.83628,12:59:38.432,0.00264
12:59:38.433,1.691493,12:59:38.433,38.83628,12:59:38.433,0.002969
12:59:38.434,1.725261,12:59:38.434,38.870048,12:59:38.434,0.00264
12:59:38.435,1.708377,12:59:38.435,38.886932,12:59:38.435,0.001653
12:59:38.436,1.792797,12:59:38.436,38.734976,12:59:38.436,0.001982
12:59:38.437,1.742145,12:59:38.437,38.785628,12:59:38.437,0.003297
12:59:38.438,1.725261,12:59:38.438,38.819396,12:59:38.438,0.00264
12:59:38.439,1.674609,12:59:38.439,38.819396,12:59:38.439,0.003955
12:59:38.440,1.674609,12:59:38.440,38.684324,12:59:38.440,0.002311
12:59:38.441,1.657725,12:59:38.441,38.58302,12:59:38.441,0.001653
12:59:38.442,1.573305,12:59:38.442,38.734976,12:59:38.442,0.003297
12:59:38.443,1.607073,12:59:38.443,38.718092,12:59:38.443,0.002311
12:59:38.444,1.556421,12:59:38.444,38.650556,12:59:38.444,0.00264
12:59:38.445,1.539537,12:59:38.445,38.566136,12:59:38.445,0.003626
12:59:38.446,1.472001,12:59:38.446,38.549252,12:59:38.446,0.001982
12:59:38.447,1.522653,12:59:38.447,38.566136,12:59:38.447,0.002311
12:59:38.448,1.505769,12:59:38.448,38.481716,12:59:38.448,0.002311
12:59:38.449,1.522653,12:59:38.449,38.549252,12:59:38.449,0.002311
12:59:38.450,1.488885,12:59:38.450,38.549252,12:59:38.450,0.002311
12:59:38.451,1.505769,12:59:38.451,38.616788,12:59:38.451,0.002311
12:59:38.452,1.522653,12:59:38.452,38.549252,12:59:38.452,0.002311
12:59:38.453,1.590189,12:59:38.453,38.532368,12:59:38.453,0.004284
12:59:38.454,1.539537,12:59:38.454,38.532368,12:59:38.454,0.002311
12:59:38.455,1.505769,12:59:38.455,38.58302,12:59:38.455,0.004284
12:59:38.456,1.607073,12:59:38.456,38.464832,12:59:38.456,0.003297
12:59:38.457,1.623957,12:59:38.457,38.515484,12:59:38.457,0.003297
12:59:38.458,1.539537,12:59:38.458,38.481716,12:59:38.458,0.002311
12:59:38.459,1.522653,12:59:38.459,38.532368,12:59:38.459,0.00264
12:59:38.460,1.607073,12:59:38.460,38.312876,12:59:38.460,0.002311
12:59:38.461,1.556421,12:59:38.461,38.346644,12:59:38.461,0.001982
12:59:38.462,1.573305,12:59:38.462,38.41418,12:59:38.462,0.002969
12:59:38.463,1.539537,12:59:38.463,38.397296,12:59:38.463,0.001653
12:59:38.464,1.556421,12:59:38.464,38.295992,12:59:38.464,0.001982
12:59:38.465,1.488885,12:59:38.465,38.228456,12:59:38.465,0.001982
12:59:38.466,1.505769,12:59:38.466,38.431064,12:59:38.466,0.003297
12:59:38.467,1.488885,12:59:38.467,38.346644,12:59:38.467,0.000996
12:59:38.468,1.472001,12:59:38.468,38.177804,12:59:38.468,0.001982
12:59:38.469,1.556421,12:59:38.469,38.211572,12:59:38.469,0.001325
12:59:38.470,1.573305,12:59:38.470,38.262224,12:59:38.470,0.002969
12:59:38.471,1.455117,12:59:38.471,38.312876,12:59:38.471,0.003297
12:59:38.472,1.505769,12:59:38.472,38.262224,12:59:38.472,0.002969
12:59:38.473,1.505769,12:59:38.473,38.211572,12:59:38.473,0.003297
12:59:38.474,1.488885,12:59:38.474,38.211572,12:59:38.474,0.001982
12:59:38.475,1.455117,12:59:38.475,38.262224,12:59:38.475,0.00264
12:59:38.476,1.438233,12:59:38.476,38.194688,12:59:38.476,0.001653
12:59:38.477,1.421349,12:59:38.477,38.110268,12:59:38.477,0.000996
12:59:38.478,1.404465,12:59:38.478,38.211572,12:59:38.478,0.001982
12:59:38.479,1.336929,12:59:38.479,38.24534,12:59:38.479,0.002311
12:59:38.480,1.286277,12:59:38.480,38.262224,12:59:38.480,0.002311
12:59:38.481,1.320045,12:59:38.481,38.16092,12:59:38.481,0.001982
12:59:38.482,1.320045,12:59:38.482,38.110268,12:59:38.482,0.001982
12:59:38.483,1.269393,12:59:38.483,38.211572,12:59:38.483,0.002311
12:59:38.484,1.303161,12:59:38.484,38.0765,12:59:38.484,0.002311
12:59:38.485,1.336929,12:59:38.485,38.008964,12:59:38.485,0.002311
12:59:38.486,1.269393,12:59:38.486,38.093384,12:59:38.486,0.00264
12:59:38.487,1.235625,12:59:38.487,38.093384,12:59:38.487,0.001653
12:59:38.488,1.252509,12:59:38.488,38.025848,12:59:38.488,0.002311
12:59:38.489,1.269393,12:59:38.489,38.042732,12:59:38.489,0.004284
12:59:38.490,1.320045,12:59:38.490,38.093384,12:59:38.490,0.00264
12:59:38.491,1.336929,12:59:38.491,38.127152,12:59:38.491,0.00264
12:59:38.492,1.370697,12:59:38.492,37.99208,12:59:38.492,0.002311
12:59:38.493,1.421349,12:59:38.493,38.042732,12:59:38.493,0.002969
12:59:38.494,1.336929,12:59:38.494,38.059616,12:59:38.494,0.002969
12:59:38.495,1.353813,12:59:38.495,38.16092,12:59:38.495,0.002311
12:59:38.496,1.336929,12:59:38.496,37.99208,12:59:38.496,0.002969
12:59:38.497,1.472001,12:59:38.497,38.008964,12:59:38.497,0.002311
12:59:38.498,1.404465,12:59:38.498,38.093384,12:59:38.498,0.002311
12:59:38.499,1.370697,12:59:38.499,38.0765,12:59:38.499,0.001982
12:59:38.500,1.370697,12:59:38.500,37.975196,12:59:38.500,0.001982
12:59:38.501,1.387581,12:59:38.501,37.890776,12:59:38.501,0.003297
12:59:38.502,1.336929,12:59:38.502,37.890776,12:59:38.502,0.003955
12:59:38.503,1.269393,12:59:38.503,38.042732,12:59:38.503,0.002311
12:59:38.504,1.320045,12:59:38.504,37.941428,12:59:38.504,0.003626
12:59:38.505,1.320045,12:59:38.505,37.890776,12:59:38.505,0.000996
12:59:38.506,1.269393,12:59:38.506,37.82324,12:59:38.506,0.002311
12:59:38.507,1.168089,12:59:38.507,38.008964,12:59:38.507,0.002969
12:59:38.508,1.286277,12:59:38.508,37.857008,12:59:38.508,0.00264
12:59:38.509,1.235625,12:59:38.509,37.806356,12:59:38.509,0.00264
12:59:38.510,1.320045,12:59:38.510,37.924544,12:59:38.510,0.001982
12:59:38.511,1.303161,12:59:38.511,37.90766,12:59:38.511,0.002311
12:59:38.512,1.303161,12:59:38.512,37.90766,12:59:38.512,0.002311
12:59:38.513,1.286277,12:59:38.513,37.873892,12:59:38.513,0.00264
12:59:38.514,1.269393,12:59:38.514,37.82324,12:59:38.514,0.002969
12:59:38.515,1.303161,12:59:38.515,37.90766,12:59:38.515,0.002311
12:59:38.516,1.269393,12:59:38.516,37.924544,12:59:38.516,0.000996
12:59:38.517,1.336929,12:59:38.517,37.90766,12:59:38.517,0.002969
12:59:38.518,1.320045,12:59:38.518,37.924544,12:59:38.518,0.001982
12:59:38.519,1.320045,12:59:38.519,37.941428,12:59:38.519,0.002311
12:59:38.520,1.252509,12:59:38.520,37.873892,12:59:38.520,0.003297
12:59:38.521,1.269393,12:59:38.521,37.806356,12:59:38.521,0.003626
12:59:38.522,1.320045,12:59:38.522,37.840124,12:59:38.522,0.002969
12:59:38.523,1.252509,12:59:38.523,37.890776,12:59:38.523,0.001982
12:59:38.524,1.218741,12:59:38.524,37.924544,12:59:38.524,0.003626
12:59:38.525,1.201857,12:59:38.525,37.806356,12:59:38.525,0.00264
12:59:38.526,1.252509,12:59:38.526,37.840124,12:59:38.526,0.001325
12:59:38.527,1.235625,12:59:38.527,37.840124,12:59:38.527,0.003297
12:59:38.528,1.252509,12:59:38.528,37.73882,12:59:38.528,0.001982
12:59:38.529,1.320045,12:59:38.529,37.705052,12:59:38.529,0.003297
12:59:38.530,1.336929,12:59:38.530,37.671284,12:59:38.530,0.003297
12:59:38.531,1.370697,12:59:38.531,37.840124,12:59:38.531,0.003626
12:59:38.532,1.320045,12:59:38.532,37.755704,12:59:38.532,0.003297
12:59:38.533,1.421349,12:59:38.533,37.688168,12:59:38.533,0.002969
12:59:38.534,1.387581,12:59:38.534,37.6544,12:59:38.534,0.00264
12:59:38.535,1.387581,12:59:38.535,37.806356,12:59:38.535,0.002969
12:59:38.536,1.438233,12:59:38.536,37.806356,12:59:38.536,0.002969
12:59:38.537,1.336929,12:59:38.537,37.73882,12:59:38.537,0.001982
12:59:38.538,1.472001,12:59:38.538,37.82324,12:59:38.538,0.00264
12:59:38.539,1.421349,12:59:38.539,37.755704,12:59:38.539,0.00264
12:59:38.540,1.455117,12:59:38.540,37.637516,12:59:38.540,0.003297
12:59:38.541,1.472001,12:59:38.541,37.603748,12:59:38.541,0.001653
12:59:38.542,1.421349,12:59:38.542,37.56998,12:59:38.542,0.003297
12:59:38.543,1.370697,12:59:38.543,37.688168,12:59:38.543,0.00264
12:59:38.544,1.421349,12:59:38.544,37.586864,12:59:38.544,0.002311
12:59:38.545,1.370697,12:59:38.545,37.502444,12:59:38.545,0.001982
12:59:38.546,1.421349,12:59:38.546,37.553096,12:59:38.546,0.002969
12:59:38.547,1.404465,12:59:38.547,37.48556,12:59:38.547,0.002311
12:59:38.548,1.387581,12:59:38.548,37.586864,12:59:38.548,0.002311
12:59:38.549,1.472001,12:59:38.549,37.434908,12:59:38.549,0.002311
12:59:38.550,1.421349,12:59:38.550,37.451792,12:59:38.550,0.002969
12:59:38.551,1.404465,12:59:38.551,37.586864,12:59:38.551,0.00264
12:59:38.552,1.455117,12:59:38.552,37.536212,12:59:38.552,0.00264
12:59:38.553,1.438233,12:59:38.553,37.502444,12:59:38.553,0.002969
12:59:38.554,1.472001,12:59:38.554,37.48556,12:59:38.554,0.002311
12:59:38.555,1.455117,12:59:38.555,37.603748,12:59:38.555,0.002311
12:59:38.556,1.505769,12:59:38.556,37.468676,12:59:38.556,0.001982
12:59:38.557,1.522653,12:59:38.557,37.536212,12:59:38.557,0.001982
12:59:38.558,1.472001,12:59:38.558,37.519328,12:59:38.558,0.002969
12:59:38.559,1.455117,12:59:38.559,37.603748,12:59:38.559,0.00264
12:59:38.560,1.438233,12:59:38.560,37.519328,12:59:38.560,0.002969
12:59:38.561,1.539537,12:59:38.561,37.451792,12:59:38.561,0.001982
12:59:38.562,1.488885,12:59:38.562,37.299837,12:59:38.562,0.003297
12:59:38.563,1.488885,12:59:38.563,37.367373,12:59:38.563,0.00264
12:59:38.564,1.505769,12:59:38.564,37.333605,12:59:38.564,0.001653
12:59:38.565,1.472001,12:59:38.565,37.282953,12:59:38.565,0.002311
12:59:38.566,1.455117,12:59:38.566,37.333605,12:59:38.566,0.00264
12:59:38.567,1.438233,12:59:38.567,37.299837,12:59:38.567,0.00264
12:59:38.568,1.505769,12:59:38.568,37.316721,12:59:38.568,0.001982
12:59:38.569,1.522653,12:59:38.569,37.232301,12:59:38.569,0.00264
12:59:38.570,1.607073,12:59:38.570,37.266069,12:59:38.570,0.002311
12:59:38.571,1.539537,12:59:38.571,37.350489,12:59:38.571,0.003626
12:59:38.572,1.573305,12:59:38.572,37.316721,12:59:38.572,0.002969
12:59:38.573,1.640841,12:59:38.573,37.215417,12:59:38.573,0.003626
12:59:38.574,1.674609,12:59:38.574,37.198533,12:59:38.574,0.004284
12:59:38.575,1.623957,12:59:38.575,37.367373,12:59:38.575,0.001653
12:59:38.576,1.725261,12:59:38.576,37.249185,12:59:38.576,0.00264
12:59:38.577,1.640841,12:59:38.577,37.164765,12:59:38.577,0.001325
12:59:38.578,1.657725,12:59:38.578,37.164765,12:59:38.578,0.001982
12:59:38.579,1.657725,12:59:38.579,37.316721,12:59:38.579,0.002969
12:59:38.580,1.691493,12:59:38.580,37.198533,12:59:38.580,0.001982
12:59:38.581,1.691493,12:59:38.581,37.164765,12:59:38.581,0.003955
12:59:38.582,1.623957,12:59:38.582,37.147881,12:59:38.582,0.002311
12:59:38.583,1.573305,12:59:38.583,37.232301,12:59:38.583,0.00264
12:59:38.584,1.590189,12:59:38.584,37.114113,12:59:38.584,0.00264
12:59:38.585,1.674609,12:59:38.585,37.063461,12:59:38.585,0.003955
12:59:38.586,1.640841,12:59:38.586,36.979041,12:59:38.586,0.00264
12:59:38.587,1.539537,12:59:38.587,37.063461,12:59:38.587,0.001982
12:59:38.588,1.556421,12:59:38.588,37.164765,12:59:38.588,0.002969
12:59:38.589,1.590189,12:59:38.589,37.046577,12:59:38.589,0.001325
12:59:38.590,1.623957,12:59:38.590,36.995925,12:59:38.590,0.002311
12:59:38.591,1.573305,12:59:38.591,37.012809,12:59:38.591,0.002311
12:59:38.592,1.590189,12:59:38.592,37.046577,12:59:38.592,0.002311
12:59:38.593,1.623957,12:59:38.593,36.911505,12:59:38.593,0.002969
12:59:38.594,1.573305,12:59:38.594,37.080345,12:59:38.594,0.001982
12:59:38.595,1.522653,12:59:38.595,37.012809,12:59:38.595,0.003297
12:59:38.596,1.505769,12:59:38.596,37.012809,12:59:38.596,0.002311
12:59:38.597,1.539537,12:59:38.597,36.928389,12:59:38.597,0.00264
12:59:38.598,1.573305,12:59:38.598,36.911505,12:59:38.598,0.002311
12:59:38.599,1.404465,12:59:38.599,37.012809,12:59:38.599,0.002311
12:59:38.600,1.472001,12:59:38.600,36.945273,12:59:38.600,0.002311
12:59:38.601,1.522653,12:59:38.601,36.843969,12:59:38.601,0.002969
12:59:38.602,1.539537,12:59:38.602,36.894621,12:59:38.602,0.003297
12:59:38.603,1.472001,12:59:38.603,36.911505,12:59:38.603,0.004612
12:59:38.604,1.438233,12:59:38.604,36.877737,12:59:38.604,0.002969
12:59:38.605,1.488885,12:59:38.605,36.793317,12:59:38.605,0.00264
12:59:38.606,1.522653,12:59:38.606,36.843969,12:59:38.606,0.004612
12:59:38.607,1.522653,12:59:38.607,36.928389,12:59:38.607,0.001982
12:59:38.608,1.522653,12:59:38.608,36.962157,12:59:38.608,0.004941
12:59:38.609,1.556421,12:59:38.609,36.827085,12:59:38.609,0.002311
12:59:38.610,1.623957,12:59:38.610,36.793317,12:59:38.610,0.001982
12:59:38.611,1.607073,12:59:38.611,36.894621,12:59:38.611,0.000996
12:59:38.612,1.590189,12:59:38.612,36.894621,12:59:38.612,0.002969
12:59:38.613,1.640841,12:59:38.613,36.793317,12:59:38.613,0.003297
12:59:38.614,1.708377,12:59:38.614,36.776433,12:59:38.614,0.001982
12:59:38.615,1.691493,12:59:38.615,36.810201,12:59:38.615,0.00264
12:59:38.616,1.674609,12:59:38.616,36.877737,12:59:38.616,0.002311
12:59:38.617,1.674609,12:59:38.617,36.810201,12:59:38.617,0.00264
12:59:38.618,1.657725,12:59:38.618,36.793317,12:59:38.618,0.002969
12:59:38.619,1.674609,12:59:38.619,36.843969,12:59:38.619,0.001982
12:59:38.620,1.657725,12:59:38.620,36.894621,12:59:38.620,0.003955
12:59:38.621,1.674609,12:59:38.621,36.877737,12:59:38.621,0.00264
12:59:38.622,1.607073,12:59:38.622,36.793317,12:59:38.622,0.00264
12:59:38.623,1.573305,12:59:38.623,36.708897,12:59:38.623,0.002969
12:59:38.624,1.539537,12:59:38.624,36.759549,12:59:38.624,0.003626
12:59:38.625,1.539537,12:59:38.625,36.641361,12:59:38.625,0.00264
12:59:38.626,1.438233,12:59:38.626,36.624477,12:59:38.626,0.001982
12:59:38.627,1.505769,12:59:38.627,36.658245,12:59:38.627,0.003626
12:59:38.628,1.438233,12:59:38.628,36.675129,12:59:38.628,0.00264
12:59:38.629,1.488885,12:59:38.629,36.658245,12:59:38.629,0.00264
12:59:38.630,1.472001,12:59:38.630,36.540057,12:59:38.630,0.003297
12:59:38.631,1.421349,12:59:38.631,36.607593,12:59:38.631,0.00264
12:59:38.632,1.438233,12:59:38.632,36.590709,12:59:38.632,0.001982
12:59:38.633,1.488885,12:59:38.633,36.523173,12:59:38.633,0.00264
12:59:38.634,1.421349,12:59:38.634,36.624477,12:59:38.634,0.001982
12:59:38.635,1.404465,12:59:38.635,36.607593,12:59:38.635,0.003297
12:59:38.636,1.438233,12:59:38.636,36.624477,12:59:38.636,0.002969
12:59:38.637,1.404465,12:59:38.637,36.590709,12:59:38.637,0.00264
12:59:38.638,1.421349,12:59:38.638,36.641361,12:59:38.638,0.002969
12:59:38.639,1.472001,12:59:38.639,36.540057,12:59:38.639,0.000996
12:59:38.640,1.370697,12:59:38.640,36.624477,12:59:38.640,0.003626
12:59:38.641,1.353813,12:59:38.641,36.556941,12:59:38.641,0.002311
12:59:38.642,1.488885,12:59:38.642,36.472521,12:59:38.642,0.003297
12:59:38.643,1.438233,12:59:38.643,36.506289,12:59:38.643,0.002311
12:59:38.644,1.404465,12:59:38.644,36.489405,12:59:38.644,0.001653
12:59:38.645,1.404465,12:59:38.645,36.388101,12:59:38.645,0.00264
12:59:38.646,1.472001,12:59:38.646,36.388101,12:59:38.646,0.002311
12:59:38.647,1.438233,12:59:38.647,36.388101,12:59:38.647,0.002311
12:59:38.648,1.404465,12:59:38.648,36.489405,12:59:38.648,0.00264
12:59:38.649,1.455117,12:59:38.649,36.388101,12:59:38.649,0.001325
12:59:38.650,1.488885,12:59:38.650,36.354333,12:59:38.650,0.003626
12:59:38.651,1.505769,12:59:38.651,36.404985,12:59:38.651,0.00264
12:59:38.652,1.505769,12:59:38.652,36.489405,12:59:38.652,0.00264
12:59:38.653,1.539537,12:59:38.653,36.404985,12:59:38.653,0.002969
12:59:38.654,1.539537,12:59:38.654,36.421869,12:59:38.654,0.00264
12:59:38.655,1.488885,12:59:38.655,36.421869,12:59:38.655,0.003297
12:59:38.656,1.438233,12:59:38.656,36.438753,12:59:38.656,0.002311
12:59:38.657,1.556421,12:59:38.657,36.421869,12:59:38.657,0.001325
12:59:38.658,1.488885,12:59:38.658,36.438753,12:59:38.658,0.004284
12:59:38.659,1.472001,12:59:38.659,36.337449,12:59:38.659,0.002969
12:59:38.660,1.370697,12:59:38.660,36.354333,12:59:38.660,0.002969
12:59:38.661,1.387581,12:59:38.661,36.320565,12:59:38.661,0.00264
12:59:38.662,1.404465,12:59:38.662,36.253029,12:59:38.662,0.003626
12:59:38.663,1.336929,12:59:38.663,36.303681,12:59:38.663,0.002311
12:59:38.664,1.387581,12:59:38.664,36.371217,12:59:38.664,0.002969
12:59:38.665,1.370697,12:59:38.665,36.303681,12:59:38.665,0.002969
12:59:38.666,1.387581,12:59:38.666,36.151725,12:59:38.666,0.00264
12:59:38.667,1.353813,12:59:38.667,36.185493,12:59:38.667,0.002311
12:59:38.668,1.387581,12:59:38.668,36.185493,12:59:38.668,0.003297
12:59:38.669,1.336929,12:59:38.669,36.236145,12:59:38.669,0.002969
12:59:38.670,1.421349,12:59:38.670,36.168609,12:59:38.670,0.002969
12:59:38.671,1.488885,12:59:38.671,36.117957,12:59:38.671,0.001982
12:59:38.672,1.421349,12:59:38.672,36.269913,12:59:38.672,0.002311
12:59:38.673,1.472001,12:59:38.673,36.101073,12:59:38.673,0.00264
12:59:38.674,1.472001,12:59:38.674,36.117957,12:59:38.674,0.003297
12:59:38.675,1.438233,12:59:38.675,36.151725,12:59:38.675,0.003297
12:59:38.676,1.438233,12:59:38.676,36.185493,12:59:38.676,0.001982
12:59:38.677,1.488885,12:59:38.677,36.253029,12:59:38.677,0.003297
12:59:38.678,1.488885,12:59:38.678,36.151725,12:59:38.678,0.002969
12:59:38.679,1.488885,12:59:38.679,36.168609,12:59:38.679,0.00264
12:59:38.680,1.488885,12:59:38.680,36.168609,12:59:38.680,0.00264
12:59:38.681,1.505769,12:59:38.681,36.168609,12:59:38.681,0.001982
12:59:38.682,1.472001,12:59:38.682,36.117957,12:59:38.682,0.003297
12:59:38.683,1.556421,12:59:38.683,36.117957,12:59:38.683,0.001982
12:59:38.684,1.387581,12:59:38.684,36.117957,12:59:38.684,0.002311
12:59:38.685,1.472001,12:59:38.685,36.033537,12:59:38.685,0.003297
12:59:38.686,1.505769,12:59:38.686,36.033537,12:59:38.686,0.002969
12:59:38.687,1.421349,12:59:38.687,35.999769,12:59:38.687,0.003626
12:59:38.688,1.455117,12:59:38.688,36.084189,12:59:38.688,0.00264
12:59:38.689,1.438233,12:59:38.689,36.084189,12:59:38.689,0.001653
12:59:38.690,1.472001,12:59:38.690,35.982885,12:59:38.690,0.003297
12:59:38.691,1.455117,12:59:38.691,35.949117,12:59:38.691,0.001653
12:59:38.692,1.472001,12:59:38.692,36.084189,12:59:38.692,0.00527
12:59:38.693,1.472001,12:59:38.693,35.999769,12:59:38.693,0.003297
12:59:38.694,1.539537,12:59:38.694,35.982885,12:59:38.694,0.001982
12:59:38.695,1.472001,12:59:38.695,35.932233,12:59:38.695,0.001653
12:59:38.696,1.438233,12:59:38.696,36.067305,12:59:38.696,0.001653
12:59:38.697,1.522653,12:59:38.697,35.982885,12:59:38.697,0.002969
12:59:38.698,1.539537,12:59:38.698,35.982885,12:59:38.698,0.002969
12:59:38.699,1.539537,12:59:38.699,36.050421,12:59:38.699,0.002969
12:59:38.700,1.505769,12:59:38.700,36.050421,12:59:38.700,0.00264
12:59:38.701,1.505769,12:59:38.701,35.999769,12:59:38.701,0.003955
12:59:38.702,1.505769,12:59:38.702,35.847813,12:59:38.702,0.00264
12:59:38.703,1.522653,12:59:38.703,35.915349,12:59:38.703,0.00264
12:59:38.704,1.455117,12:59:38.704,35.949117,12:59:38.704,0.001653
12:59:38.705,1.505769,12:59:38.705,35.915349,12:59:38.705,0.002311
12:59:38.706,1.505769,12:59:38.706,35.780277,12:59:38.706,0.00264
12:59:38.707,1.488885,12:59:38.707,35.814045,12:59:38.707,0.001982
12:59:38.708,1.455117,12:59:38.708,35.830929,12:59:38.708,0.003297
12:59:38.709,1.539537,12:59:38.709,35.830929,12:59:38.709,0.003297
12:59:38.710,1.573305,12:59:38.710,35.780277,12:59:38.710,0.002969
12:59:38.711,1.607073,12:59:38.711,35.780277,12:59:38.711,0.003297
12:59:38.712,1.590189,12:59:38.712,35.881581,12:59:38.712,0.002311
12:59:38.713,1.590189,12:59:38.713,35.847813,12:59:38.713,0.004284
12:59:38.714,1.640841,12:59:38.714,35.780277,12:59:38.714,0.001982
12:59:38.715,1.607073,12:59:38.715,35.662089,12:59:38.715,0.003297
12:59:38.716,1.623957,12:59:38.716,35.830929,12:59:38.716,0.002969
12:59:38.717,1.640841,12:59:38.717,35.729625,12:59:38.717,0.001653
12:59:38.718,1.623957,12:59:38.718,35.729625,12:59:38.718,0.002969
12:59:38.719,1.657725,12:59:38.719,35.712741,12:59:38.719,0.00264
12:59:38.720,1.556421,12:59:38.720,35.729625,12:59:38.720,0.001325
12:59:38.721,1.556421,12:59:38.721,35.780277,12:59:38.721,0.002311
12:59:38.722,1.607073,12:59:38.722,35.645205,12:59:38.722,0.001982
12:59:38.723,1.590189,12:59:38.723,35.611437,12:59:38.723,0.002969
12:59:38.724,1.556421,12:59:38.724,35.678973,12:59:38.724,0.003626
12:59:38.725,1.539537,12:59:38.725,35.695857,12:59:38.725,0.002311
12:59:38.726,1.539537,12:59:38.726,35.645205,12:59:38.726,0.004284
12:59:38.727,1.539537,12:59:38.727,35.645205,12:59:38.727,0.00264
12:59:38.728,1.539537,12:59:38.728,35.662089,12:59:38.728,0.003626
12:59:38.729,1.556421,12:59:38.729,35.662089,12:59:38.729,0.001653
12:59:38.730,1.539537,12:59:38.730,35.628321,12:59:38.730,0.001982
12:59:38.731,1.607073,12:59:38.731,35.628321,12:59:38.731,0.004284
12:59:38.732,1.573305,12:59:38.732,35.645205,12:59:38.732,0.001653
12:59:38.733,1.640841,12:59:38.733,35.729625,12:59:38.733,0.002969
12:59:38.734,1.674609,12:59:38.734,35.527017,12:59:38.734,0.000996
12:59:38.735,1.674609,12:59:38.735,35.628321,12:59:38.735,0.002311
12:59:38.736,1.573305,12:59:38.736,35.645205,12:59:38.736,0.001982
12:59:38.737,1.623957,12:59:38.737,35.611437,12:59:38.737,0.001325
12:59:38.738,1.623957,12:59:38.738,35.560785,12:59:38.738,0.002969
12:59:38.739,1.640841,12:59:38.739,35.543901,12:59:38.739,0.003297
12:59:38.740,1.640841,12:59:38.740,35.577669,12:59:38.740,0.002311
12:59:38.741,1.623957,12:59:38.741,35.577669,12:59:38.741,0.003626
12:59:38.742,1.691493,12:59:38.742,35.493249,12:59:38.742,0.001982
12:59:38.743,1.640841,12:59:38.743,35.459481,12:59:38.743,0.002969
12:59:38.744,1.674609,12:59:38.744,35.510133,12:59:38.744,0.003297
12:59:38.745,1.623957,12:59:38.745,35.527017,12:59:38.745,0.002969
12:59:38.746,1.674609,12:59:38.746,35.341293,12:59:38.746,0.002311
12:59:38.747,1.657725,12:59:38.747,35.425713,12:59:38.747,0.002969
12:59:38.748,1.607073,12:59:38.748,35.493249,12:59:38.748,0.003297
12:59:38.749,1.640841,12:59:38.749,35.510133,12:59:38.749,0.002969
12:59:38.750,1.742145,12:59:38.750,35.408829,12:59:38.750,0.00264
12:59:38.751,1.742145,12:59:38.751,35.493249,12:59:38.751,0.003297
12:59:38.752,1.708377,12:59:38.752,35.510133,12:59:38.752,0.001982
12:59:38.753,1.742145,12:59:38.753,35.510133,12:59:38.753,0.002311
12:59:38.754,1.691493,12:59:38.754,35.375061,12:59:38.754,0.002969
12:59:38.755,1.725261,12:59:38.755,35.408829,12:59:38.755,0.002311
12:59:38.756,1.725261,12:59:38.756,35.510133,12:59:38.756,0.003297
12:59:38.757,1.725261,12:59:38.757,35.442597,12:59:38.757,0.003955
12:59:38.758,1.674609,12:59:38.758,35.375061,12:59:38.758,0.013819
12:59:38.759,1.708377,12:59:38.759,35.358177,12:59:38.759,2.610999
12:59:38.760,1.674609,12:59:38.760,35.391945,12:59:38.760,5.508694
12:59:38.761,1.657725,12:59:38.761,35.408829,12:59:38.761,5.76943
12:59:38.762,1.725261,12:59:38.762,35.256873,12:59:38.762,5.783897
12:59:38.763,1.691493,12:59:38.763,35.425713,12:59:38.763,5.792117
12:59:38.764,1.623957,12:59:38.764,35.290641,12:59:38.764,5.805269
12:59:38.765,1.607073,12:59:38.765,35.324409,12:59:38.765,5.813488
12:59:38.766,1.505769,12:59:38.766,35.273757,12:59:38.766,5.83223
12:59:38.767,1.590189,12:59:38.767,35.239989,12:59:38.767,5.849327
12:59:38.768,1.539537,12:59:38.768,35.307525,12:59:38.768,5.852944
12:59:38.769,1.623957,12:59:38.769,35.391945,12:59:38.769,5.858862
12:59:38.770,1.691493,12:59:38.770,35.239989,12:59:38.770,5.864123
12:59:38.771,1.759029,12:59:38.771,35.239989,12:59:38.771,5.874974
12:59:38.772,1.944753,12:59:38.772,35.307525,12:59:38.772,5.823681
12:59:38.773,2.265549,12:59:38.773,35.324409,12:59:38.773,5.807241
12:59:38.774,3.025328,12:59:38.774,35.307525,12:59:38.774,5.802309
12:59:38.775,4.156556,12:59:38.775,35.223105,12:59:38.775,5.816776
12:59:38.776,6.28394,12:59:38.776,35.375061,12:59:38.776,5.819407
12:59:38.777,9.171103,12:59:38.777,35.391945,12:59:38.777,5.897989
12:59:38.778,12.547902,12:59:38.778,35.273757,12:59:38.778,5.901935
12:59:38.779,15.924701,12:59:38.779,35.273757,12:59:38.779,5.900948
12:59:38.780,19.689832,12:59:38.780,35.223105,12:59:38.780,5.893386
12:59:38.781,23.944598,12:59:38.781,35.189337,12:59:38.781,5.8924
12:59:38.782,28.418856,12:59:38.782,35.037382,12:59:38.782,5.893715
12:59:38.783,33.112606,12:59:38.783,35.121802,12:59:38.783,5.891742
12:59:38.784,38.616788,12:59:38.784,35.104918,12:59:38.784,5.841765
12:59:38.785,44.897633,12:59:38.785,35.15557,12:59:38.785,5.835518
12:59:38.786,51.414853,12:59:38.786,35.104918,12:59:38.786,5.840779
12:59:38.787,58.117797,12:59:38.787,35.037382,12:59:38.787,5.874645
12:59:38.788,64.803857,12:59:38.788,35.054266,12:59:38.788,5.920676
12:59:38.789,71.25354,12:59:38.789,35.121802,12:59:38.789,5.914758
12:59:38.790,76.842139,12:59:38.790,34.98673,12:59:38.790,5.899633
12:59:38.791,81.417699,12:59:38.791,35.037382,12:59:38.791,5.8924
12:59:38.792,84.136021,12:59:38.792,34.98673,12:59:38.792,5.891085
12:59:38.793,83.07233,12:59:38.793,35.07115,12:59:38.793,5.885495
12:59:38.794,76.943443,12:59:38.794,35.037382,12:59:38.794,5.887797
12:59:38.795,68.940434,12:59:38.795,35.07115,12:59:38.795,5.836833
12:59:38.796,59.890616,12:59:38.796,35.307525,12:59:38.796,5.829928
12:59:38.797,52.765572,12:59:38.797,35.510133,12:59:38.797,5.835189
12:59:38.798,48.105591,12:59:38.798,35.527017,12:59:38.798,5.84308
12:59:38.799,42.027354,12:59:38.799,35.510133,12:59:38.799,5.847683
12:59:38.800,35.797161,12:59:38.800,35.425713,12:59:38.800,5.906209
12:59:38.801,32.471015,12:59:38.801,35.391945,12:59:38.801,5.92232
12:59:38.802,31.694351,12:59:38.802,35.307525,12:59:38.802,5.918704
12:59:38.803,33.416518,12:59:38.803,35.273757,12:59:38.803,5.9141
12:59:38.804,35.932233,12:59:38.804,35.324409,12:59:38.804,5.911799
12:59:38.805,38.41418,12:59:38.805,35.358177,12:59:38.805,5.903579
12:59:38.806,41.014315,12:59:38.806,35.273757,12:59:38.806,5.899633
12:59:38.807,44.104085,12:59:38.807,35.273757,12:59:38.807,5.896017
12:59:38.808,47.886099,12:59:38.808,35.341293,12:59:38.808,5.827956
12:59:38.809,52.259053,12:59:38.809,35.510133,12:59:38.809,5.810201
12:59:38.810,56.31121,12:59:38.810,35.611437,12:59:38.810,5.820722
12:59:38.811,59.873732,12:59:38.811,35.628321,12:59:38.811,5.848999
12:59:38.812,63.047922,12:59:38.812,35.746509,12:59:38.812,5.926266
12:59:38.813,65.209072,12:59:38.813,35.847813,12:59:38.813,5.930211
12:59:38.814,65.41168,12:59:38.814,35.645205,12:59:38.814,5.923635
12:59:38.815,64.263569,12:59:38.815,35.695857,12:59:38.815,5.91147
12:59:38.816,62.186838,12:59:38.816,35.645205,12:59:38.816,5.911141
12:59:38.817,59.755544,12:59:38.817,35.830929,12:59:38.817,5.914758
12:59:38.818,56.81773,12:59:38.818,35.999769,12:59:38.818,5.908182
12:59:38.819,54.470855,12:59:38.819,36.253029,12:59:38.819,5.839135
12:59:38.820,52.96818,12:59:38.820,36.388101,12:59:38.820,5.820393
12:59:38.821,52.377241,12:59:38.821,36.573825,12:59:38.821,5.8296
12:59:38.822,52.360357,12:59:38.822,36.725781,12:59:38.822,5.83223
12:59:38.823,52.495429,12:59:38.823,36.742665,12:59:38.823,5.838148
12:59:38.824,53.339628,12:59:38.824,36.945273,12:59:38.824,5.842423
12:59:38.825,54.133176,12:59:38.825,37.164765,12:59:38.825,5.872014
12:59:38.826,54.724115,12:59:38.826,37.114113,12:59:38.826,5.890756
12:59:38.827,55.467011,12:59:38.827,37.012809,12:59:38.827,5.884509
12:59:38.828,56.750194,12:59:38.828,37.181649,12:59:38.828,5.881221
12:59:38.829,58.911345,12:59:38.829,37.316721,12:59:38.829,5.871357
12:59:38.830,61.545247,12:59:38.830,37.468676,12:59:38.830,5.871686
12:59:38.831,63.841469,12:59:38.831,37.519328,12:59:38.831,5.858205
12:59:38.832,65.867548,12:59:38.832,37.705052,12:59:38.832,5.86215
12:59:38.833,67.707902,12:59:38.833,37.90766,12:59:38.833,5.868069
12:59:38.834,68.704058,12:59:38.834,37.890776,12:59:38.834,5.868398
12:59:38.835,68.991085,12:59:38.835,37.99208,12:59:38.835,5.804611
12:59:38.836,68.75471,12:59:38.836,38.127152,12:59:38.836,5.77765
12:59:38.837,68.535218,12:59:38.837,38.431064,12:59:38.837,5.794747
12:59:38.838,67.707902,12:59:38.838,38.58302,12:59:38.838,5.806255
12:59:38.839,66.542907,12:59:38.839,38.870048,12:59:38.839,5.828613
12:59:38.840,64.972696,12:59:38.840,39.17396,12:59:38.840,5.900291
12:59:38.841,63.08169,12:59:38.841,39.663595,12:59:38.841,5.906209
12:59:38.842,60.49844,12:59:38.842,39.967507,12:59:38.842,5.887139
12:59:38.843,57.442438,12:59:38.843,40.338955,12:59:38.843,5.880892
12:59:38.844,54.639695,12:59:38.844,40.625983,12:59:38.844,5.873987
12:59:38.845,52.546081,12:59:38.845,41.200039,12:59:38.845,5.876946
12:59:38.846,51.414853,12:59:38.846,41.824746,12:59:38.846,5.82664
12:59:38.847,52.562965,12:59:38.847,42.787134,12:59:38.847,5.817105
12:59:38.848,52.96818,12:59:38.848,44.070317,12:59:38.848,5.80757
12:59:38.849,54.825419,12:59:38.849,45.218429,12:59:38.849,5.816776
12:59:38.850,57.830769,12:59:38.850,45.961324,12:59:38.850,5.845382
12:59:38.851,59.9075,12:59:38.851,46.434076,12:59:38.851,5.898647
12:59:38.852,61.477711,12:59:38.852,46.805524,12:59:38.852,5.900948
12:59:38.853,62.136186,12:59:38.853,46.552264,12:59:38.853,5.898647
12:59:38.854,62.372562,12:59:38.854,45.876904,12:59:38.854,5.892071
12:59:38.855,61.528363,12:59:38.855,45.302849,12:59:38.855,1.060056
12:59:38.856,60.194528,12:59:38.856,44.914517,12:59:38.856,0.74145
12:59:38.857,58.742505,12:59:38.857,44.441765,12:59:38.857,0.456711
12:59:38.858,58.354173,12:59:38.858,44.256041,12:59:38.858,0.194329
12:59:38.859,58.641201,12:59:38.859,44.458649,12:59:38.859,-0.018403
12:59:38.860,58.843809,12:59:38.860,44.458649,12:59:38.860,-0.088438
12:59:38.861,59.82308,12:59:38.861,44.154737,12:59:38.861,-0.115728
12:59:38.862,61.072495,12:59:38.862,44.070317,12:59:38.862,-0.12888
12:59:38.863,62.169954,12:59:38.863,44.526185,12:59:38.863,-0.130853
12:59:38.864,63.267414,12:59:38.864,45.843136,12:59:38.864,-0.128222
12:59:38.865,63.33495,12:59:38.865,47.548419,12:59:38.865,-0.123948
12:59:38.866,62.085534,12:59:38.866,48.932907,12:59:38.866,-0.12066
12:59:38.867,59.417864,12:59:38.867,49.473194,12:59:38.867,-0.10159
12:59:38.868,55.720271,12:59:38.868,49.388774,12:59:38.868,-0.084163
12:59:38.869,50.165438,12:59:38.869,48.662763,12:59:38.869,-0.064106
12:59:38.870,44.019665,12:59:38.870,47.818563,12:59:38.870,-0.04405
12:59:38.871,38.532368,12:59:38.871,47.278276,12:59:38.871,-0.023664
12:59:38.872,32.352827,12:59:38.872,47.21074,12:59:38.872,-0.007553
12:59:38.873,27.574657,12:59:38.873,47.717259,12:59:38.873,0.001653
12:59:38.874,24.265394,12:59:38.874,47.953635,12:59:38.874,0.002311
12:59:38.875,22.678298,12:59:38.875,48.122475,12:59:38.875,0.000996
12:59:38.876,22.72895,12:59:38.876,48.223779,12:59:38.876,0.000009
12:59:38.877,24.16409,12:59:38.877,48.713415,12:59:38.877,-0.000648
12:59:38.878,26.494081,12:59:38.878,49.28747,12:59:38.878,-0.000977
12:59:38.879,29.178636,12:59:38.879,49.557614,12:59:38.879,-0.002621
12:59:38.880,31.660583,12:59:38.880,49.827758,12:59:38.880,-0.001306
12:59:38.881,33.399634,12:59:38.881,50.199206,12:59:38.881,-0.001963
12:59:38.882,34.48021,12:59:38.882,50.63819,12:59:38.882,-0.001635
12:59:38.883,34.091878,12:59:38.883,50.80703,12:59:38.883,-0.001963
12:59:38.884,32.791811,12:59:38.884,50.671958,12:59:38.884,-0.003607
12:59:38.885,31.626815,12:59:38.885,50.232974,12:59:38.885,-0.001963
12:59:38.886,30.073488,12:59:38.886,49.726454,12:59:38.886,-0.003607
12:59:38.887,28.300668,12:59:38.887,49.186166,12:59:38.887,-0.00295
12:59:38.888,26.629153,12:59:38.888,48.645879,12:59:38.888,-0.005909
12:59:38.889,24.653726,12:59:38.889,48.477039,12:59:38.889,-0.004594
12:59:38.890,22.948442,12:59:38.890,48.612111,12:59:38.890,-0.005251
12:59:38.891,20.804175,12:59:38.891,48.949791,12:59:38.891,-0.006238
12:59:38.892,18.575488,12:59:38.892,49.118631,12:59:38.892,-0.006238
12:59:38.893,16.515641,12:59:38.893,49.422542,12:59:38.893,-0.008211
12:59:38.894,14.996081,12:59:38.894,49.642034,12:59:38.894,-0.008211
12:59:38.895,14.101229,12:59:38.895,49.523846,12:59:38.895,-0.008868
12:59:38.896,14.084345,12:59:38.896,49.37189,12:59:38.896,-0.009197
12:59:38.897,14.557097,12:59:38.897,49.152398,12:59:38.897,-0.009526
12:59:38.898,14.928545,12:59:38.898,49.253702,12:59:38.898,-0.007553
12:59:38.899,15.570137,12:59:38.899,49.28747,12:59:38.899,-0.009197
12:59:38.900,15.907817,12:59:38.900,49.45631,12:59:38.900,-0.00558
12:59:38.901,15.823397,12:59:38.901,49.54073,12:59:38.901,-0.004923
12:59:38.902,15.738977,12:59:38.902,49.574498,12:59:38.902,-0.00295
12:59:38.903,15.620789,12:59:38.903,49.169282,12:59:38.903,-0.000977
12:59:38.904,15.587021,12:59:38.904,49.084863,12:59:38.904,-0.000977
12:59:38.905,15.738977,12:59:38.905,49.28747,12:59:38.905,0.000009
12:59:38.906,16.127309,12:59:38.906,49.574498,12:59:38.906,0.000667
12:59:38.907,16.633829,12:59:38.907,49.79399,12:59:38.907,0.000338
12:59:38.908,17.02216,12:59:38.908,49.996598,12:59:38.908,0.000338
12:59:38.909,17.123464,12:59:38.909,50.368046,12:59:38.909,-0.000319
12:59:38.910,17.241652,12:59:38.910,50.55377,12:59:38.910,0.001325
12:59:38.911,17.174116,12:59:38.911,50.114786,12:59:38.911,0.000667
12:59:38.912,17.157232,12:59:38.912,49.70957,12:59:38.912,0.002969
12:59:38.913,17.055928,12:59:38.913,49.388774,12:59:38.913,0.000996
12:59:38.914,16.549409,12:59:38.914,49.101747,12:59:38.914,0.000667
12:59:38.915,14.624633,12:59:38.915,48.679647,12:59:38.915,0.001982
12:59:38.916,9.930883,12:59:38.916,48.493923,12:59:38.916,0.002969
12:59:38.917,4.240976,12:59:38.917,48.409503,12:59:38.917,0.001653
12:59:38.918,-0.385239,12:59:38.918,48.460155,12:59:38.918,0.002311
12:59:38.919,-2.917838,12:59:38.919,48.375735,12:59:38.919,0.002969
12:59:38.920,-3.356822,12:59:38.920,48.443271,12:59:38.920,0.000996
12:59:38.921,-3.424358,12:59:38.921,48.662763,12:59:38.921,0.001653
12:59:38.922,-3.424358,12:59:38.922,48.899139,12:59:38.922,0.003297
12:59:38.923,-3.424358,12:59:38.923,49.236818,12:59:38.923,0.002311
12:59:38.924,-3.424358,12:59:38.924,49.591382,12:59:38.924,0.001325
12:59:38.925,-3.424358,12:59:38.925,49.979714,12:59:38.925,0.00264
12:59:38.926,-3.424358,12:59:38.926,50.182322,12:59:38.926,0.00264
12:59:38.927,-3.407474,12:59:38.927,49.979714,12:59:38.927,0.000996
12:59:38.928,-3.424358,12:59:38.928,49.827758,12:59:38.928,0.00264
12:59:38.929,-3.424358,12:59:38.929,49.490078,12:59:38.929,0.000996
12:59:38.930,-3.39059,12:59:38.930,49.169282,12:59:38.930,0.001982
12:59:38.931,-3.356822,12:59:38.931,48.645879,12:59:38.931,0.001982
12:59:38.932,-3.036026,12:59:38.932,48.291315,12:59:38.932,0.00264
12:59:38.933,-1.330743,12:59:38.933,47.953635,12:59:38.933,0.001653
12:59:38.934,1.927869,12:59:38.934,47.784795,12:59:38.934,0.00264
12:59:38.935,5.541044,12:59:38.935,47.413347,12:59:38.935,0.002311
12:59:38.936,9.390595,12:59:38.936,47.143204,12:59:38.936,0.001325
12:59:38.937,13.206378,12:59:38.937,46.95748,12:59:38.937,0.002969
12:59:38.938,16.583177,12:59:38.938,47.176972,12:59:38.938,0.001653
12:59:38.939,19.520992,12:59:38.939,47.29516,12:59:38.939,0.003297
12:59:38.940,21.597723,12:59:38.940,47.447115,12:59:38.940,0.002969
12:59:38.941,22.965326,12:59:38.941,47.784795,12:59:38.941,0.000996
12:59:38.942,23.843294,12:59:38.942,48.038055,12:59:38.942,0.002311
12:59:38.943,24.349814,12:59:38.943,47.970519,12:59:38.943,0.001982
12:59:38.944,24.16409,12:59:38.944,47.852331,12:59:38.944,0.002311
12:59:38.945,23.48873,12:59:38.945,47.835447,12:59:38.945,0.001982
12:59:38.946,22.222431,12:59:38.946,47.784795,12:59:38.946,0.002311
12:59:38.947,20.584683,12:59:38.947,47.548419,12:59:38.947,0.003955
12:59:38.948,18.54172,12:59:38.948,47.278276,12:59:38.948,0.001982
12:59:38.949,16.059773,12:59:38.949,46.991248,12:59:38.949,0.002311
12:59:38.950,13.189494,12:59:38.950,46.923712,12:59:38.950,0.002969
12:59:38.951,10.201026,12:59:38.951,46.586032,12:59:38.951,0.003297
12:59:38.952,7.212559,12:59:38.952,46.332772,12:59:38.952,0.002311
12:59:38.953,4.17344,12:59:38.953,46.062628,12:59:38.953,0.00264
12:59:38.954,1.387581,12:59:38.954,46.315888,12:59:38.954,0.002311
12:59:38.955,-0.824223,12:59:38.955,46.163932,12:59:38.955,0.001982
12:59:38.956,-2.29313,12:59:38.956,46.214584,12:59:38.956,0.00264
12:59:38.957,-2.985374,12:59:38.957,46.265236,12:59:38.957,0.002969
12:59:38.958,-3.272402,12:59:38.958,46.36654,12:59:38.958,0.00264
12:59:38.959,-3.323054,12:59:38.959,46.28212,12:59:38.959,0.00264
12:59:38.960,-3.323054,12:59:38.960,46.180816,12:59:38.960,0.002969
12:59:38.961,-3.356822,12:59:38.961,46.02886,12:59:38.961,0.002311
12:59:38.962,-3.339938,12:59:38.962,46.045744,12:59:38.962,0.00264
12:59:38.963,-3.30617,12:59:38.963,45.724948,12:59:38.963,0.002311
12:59:38.964,-3.255518,12:59:38.964,45.488572,12:59:38.964,0.003297
12:59:38.965,-3.069794,12:59:38.965,45.252197,12:59:38.965,0.001325
12:59:38.966,-2.580158,12:59:38.966,45.235313,12:59:38.966,0.003297
12:59:38.967,-1.415163,12:59:38.967,44.965169,12:59:38.967,0.001653
12:59:38.968,0.188817,12:59:38.968,44.678141,12:59:38.968,0.001325
12:59:38.969,1.978521,12:59:38.969,44.627489,12:59:38.969,0.003297
12:59:38.970,3.903296,12:59:38.970,44.627489,12:59:38.970,0.003626
12:59:42.271,1.961637,12:59:42.271,41.351995,12:59:42.271,0.003297
12:59:42.272,1.944753,12:59:42.272,41.183155,12:59:42.272,0.003297
12:59:42.273,1.843449,12:59:42.273,41.216923,12:59:42.273,0.002969
12:59:42.274,1.809681,12:59:42.274,41.284459,12:59:42.274,0.004284
12:59:42.275,1.742145,12:59:42.275,41.318227,12:59:42.275,0.002311
12:59:42.276,1.809681,12:59:42.276,41.200039,12:59:42.276,0.004941
12:59:42.277,1.725261,12:59:42.277,41.166271,12:59:42.277,0.002969
12:59:42.278,1.691493,12:59:42.278,41.318227,12:59:42.278,0.002311
12:59:42.279,1.742145,12:59:42.279,41.351995,12:59:42.279,0.001325
12:59:42.280,1.759029,12:59:42.280,41.183155,12:59:42.280,0.002311
12:59:42.281,1.809681,12:59:42.281,41.149387,12:59:42.281,0.002969
12:59:42.282,1.742145,12:59:42.282,41.267575,12:59:42.282,0.004284
12:59:42.283,1.691493,12:59:42.283,41.335111,12:59:42.283,0.003297
12:59:42.284,1.792797,12:59:42.284,41.149387,12:59:42.284,0.002311
12:59:42.285,1.775913,12:59:42.285,41.233807,12:59:42.285,0.002969
12:59:42.286,1.809681,12:59:42.286,41.267575,12:59:42.286,0.003626
12:59:42.287,1.877217,12:59:42.287,41.200039,12:59:42.287,0.002311
12:59:42.288,1.944753,12:59:42.288,41.115619,12:59:42.288,0.001653
12:59:42.289,1.894101,12:59:42.289,40.980547,12:59:42.289,0.00264
12:59:42.290,1.927869,12:59:42.290,41.031199,12:59:42.290,0.00264
12:59:42.291,1.944753,12:59:42.291,41.031199,12:59:42.291,0.003297
12:59:42.292,2.029173,12:59:42.292,40.946779,12:59:42.292,0.003297
12:59:42.293,2.012289,12:59:42.293,40.896127,12:59:42.293,0.003297
12:59:42.294,2.029173,12:59:42.294,41.081851,12:59:42.294,0.002969
12:59:42.295,2.062941,12:59:42.295,40.997431,12:59:42.295,0.001325
12:59:42.296,2.046057,12:59:42.296,40.913011,12:59:42.296,0.002311
12:59:42.297,2.079825,12:59:42.297,40.862359,12:59:42.297,0.003297
12:59:42.298,2.012289,12:59:42.298,40.879243,12:59:42.298,0.001653
12:59:42.299,1.995405,12:59:42.299,40.946779,12:59:42.299,0.003955
12:59:42.300,2.012289,12:59:42.300,40.811707,12:59:42.300,0.002969
12:59:42.301,1.961637,12:59:42.301,40.811707,12:59:42.301,0.002311
12:59:42.302,1.961637,12:59:42.302,40.828591,12:59:42.302,0.001982
12:59:42.303,1.860333,12:59:42.303,40.896127,12:59:42.303,0.003297
12:59:42.304,1.809681,12:59:42.304,40.828591,12:59:42.304,0.003297
12:59:42.305,1.725261,12:59:42.305,40.777939,12:59:42.305,0.003626
12:59:42.306,1.623957,12:59:42.306,40.794823,12:59:42.306,0.002311
12:59:42.307,1.522653,12:59:42.307,40.761055,12:59:42.307,0.003297
12:59:42.308,1.488885,12:59:42.308,40.777939,12:59:42.308,0.003297
12:59:42.309,1.522653,12:59:42.309,40.676635,12:59:42.309,0.002311
12:59:42.310,1.421349,12:59:42.310,40.659751,12:59:42.310,0.002311
12:59:42.311,1.320045,12:59:42.311,40.642867,12:59:42.311,0.001653
12:59:42.312,1.336929,12:59:42.312,40.558447,12:59:42.312,0.00264
12:59:42.313,1.353813,12:59:42.313,40.592215,12:59:42.313,0.002311
12:59:42.314,1.303161,12:59:42.314,40.575331,12:59:42.314,0.002311
12:59:42.315,1.387581,12:59:42.315,40.642867,12:59:42.315,0.002969
12:59:42.316,1.336929,12:59:42.316,40.592215,12:59:42.316,0.003297
12:59:42.317,1.387581,12:59:42.317,40.490911,12:59:42.317,0.002969
12:59:42.318,1.387581,12:59:42.318,40.575331,12:59:42.318,0.002311
12:59:42.319,1.472001,12:59:42.319,40.507795,12:59:42.319,0.00264
12:59:42.320,1.438233,12:59:42.320,40.355839,12:59:42.320,0.002969
12:59:42.321,1.488885,12:59:42.321,40.440259,12:59:42.321,0.001982
12:59:42.322,1.455117,12:59:42.322,40.457143,12:59:42.322,0.003955
12:59:42.323,1.421349,12:59:42.323,40.507795,12:59:42.323,0.001325
12:59:42.324,1.556421,12:59:42.324,40.389607,12:59:42.324,0.001653
12:59:42.325,1.539537,12:59:42.325,40.322071,12:59:42.325,0.001982
12:59:42.326,1.539537,12:59:42.326,40.305187,12:59:42.326,0.002311
12:59:42.327,1.455117,12:59:42.327,40.355839,12:59:42.327,0.002969
12:59:42.328,1.472001,12:59:42.328,40.254535,12:59:42.328,0.00264
12:59:42.329,1.522653,12:59:42.329,40.220767,12:59:42.329,0.00264
12:59:42.330,1.455117,12:59:42.330,40.136347,12:59:42.330,0.003626
12:59:42.331,1.404465,12:59:42.331,40.254535,12:59:42.331,0.003626
12:59:42.332,1.472001,12:59:42.332,40.237651,12:59:42.332,0.00264
12:59:42.333,1.404465,12:59:42.333,40.237651,12:59:42.333,0.001982
12:59:42.334,1.404465,12:59:42.334,40.271419,12:59:42.334,0.001653
12:59:42.335,1.370697,12:59:42.335,40.254535,12:59:42.335,0.002969
12:59:42.336,1.353813,12:59:42.336,40.170115,12:59:42.336,0.002969
12:59:42.337,1.353813,12:59:42.337,40.237651,12:59:42.337,0.001982
12:59:42.338,1.370697,12:59:42.338,40.305187,12:59:42.338,0.004284
12:59:42.339,1.320045,12:59:42.339,40.203883,12:59:42.339,0.002969
12:59:42.340,1.336929,12:59:42.340,40.288303,12:59:42.340,0.004612
12:59:42.341,1.286277,12:59:42.341,40.153231,12:59:42.341,0.002969
12:59:42.342,1.336929,12:59:42.342,40.288303,12:59:42.342,0.002311
12:59:42.343,1.269393,12:59:42.343,40.237651,12:59:42.343,0.003626
12:59:42.344,1.252509,12:59:42.344,40.203883,12:59:42.344,0.001982
12:59:42.345,1.286277,12:59:42.345,40.220767,12:59:42.345,0.003626
12:59:42.346,1.235625,12:59:42.346,40.136347,12:59:42.346,0.003626
12:59:42.347,1.218741,12:59:42.347,40.288303,12:59:42.347,0.001982
12:59:42.348,1.235625,12:59:42.348,40.153231,12:59:42.348,0.00264
12:59:42.349,1.269393,12:59:42.349,40.119463,12:59:42.349,0.001982
12:59:42.350,1.286277,12:59:42.350,40.051927,12:59:42.350,0.003297
12:59:42.351,1.201857,12:59:42.351,40.170115,12:59:42.351,0.00264
12:59:42.352,1.269393,12:59:42.352,40.035043,12:59:42.352,0.003297
12:59:42.353,1.353813,12:59:42.353,40.051927,12:59:42.353,0.00264
12:59:42.354,1.421349,12:59:42.354,40.035043,12:59:42.354,0.003626
12:59:42.355,1.404465,12:59:42.355,40.119463,12:59:42.355,0.002969
12:59:42.356,1.387581,12:59:42.356,40.085695,12:59:42.356,0.003955
12:59:42.357,1.505769,12:59:42.357,40.018159,12:59:42.357,0.002969
12:59:42.358,1.505769,12:59:42.358,40.051927,12:59:42.358,0.00264
12:59:42.359,1.556421,12:59:42.359,40.271419,12:59:42.359,0.000996
12:59:42.360,1.573305,12:59:42.360,40.035043,12:59:42.360,0.001325
12:59:42.361,1.573305,12:59:42.361,40.068811,12:59:42.361,0.003297
12:59:42.362,1.556421,12:59:42.362,40.068811,12:59:42.362,0.003626
12:59:42.363,1.505769,12:59:42.363,40.203883,12:59:42.363,0.003626
12:59:42.364,1.573305,12:59:42.364,40.119463,12:59:42.364,0.001653
12:59:42.365,1.488885,12:59:42.365,40.035043,12:59:42.365,0.001982
12:59:42.366,1.455117,12:59:42.366,40.001275,12:59:42.366,0.003297
12:59:42.367,1.404465,12:59:42.367,40.001275,12:59:42.367,0.001325
12:59:42.368,1.438233,12:59:42.368,39.933739,12:59:42.368,0.004612
12:59:42.369,1.455117,12:59:42.369,39.950623,12:59:42.369,0.002969
12:59:42.370,1.370697,12:59:42.370,39.866203,12:59:42.370,0.002311
12:59:42.371,1.269393,12:59:42.371,39.967507,12:59:42.371,0.00264
12:59:42.372,1.303161,12:59:42.372,40.001275,12:59:42.372,0.002969
12:59:42.373,1.303161,12:59:42.373,40.001275,12:59:42.373,0.003626
12:59:42.374,1.235625,12:59:42.374,39.849319,12:59:42.374,0.003297
12:59:42.375,1.252509,12:59:42.375,39.967507,12:59:42.375,0.001982
12:59:42.376,1.269393,12:59:42.376,39.849319,12:59:42.376,0.003955
12:59:42.377,1.353813,12:59:42.377,39.883087,12:59:42.377,0.003297
12:59:42.378,1.303161,12:59:42.378,39.781783,12:59:42.378,0.00264
12:59:42.379,1.320045,12:59:42.379,40.001275,12:59:42.379,0.00264
12:59:42.380,1.370697,12:59:42.380,39.866203,12:59:42.380,0.002311
12:59:42.381,1.421349,12:59:42.381,39.883087,12:59:42.381,0.001982
12:59:42.382,1.472001,12:59:42.382,39.832435,12:59:42.382,0.003297
12:59:42.383,1.387581,12:59:42.383,40.035043,12:59:42.383,0.00264
12:59:42.384,1.472001,12:59:42.384,39.832435,12:59:42.384,0.003955
12:59:42.385,1.522653,12:59:42.385,39.697363,12:59:42.385,0.00264
12:59:42.386,1.556421,12:59:42.386,39.815551,12:59:42.386,0.003626
12:59:42.387,1.539537,12:59:42.387,39.899971,12:59:42.387,0.002969
12:59:42.388,1.573305,12:59:42.388,39.697363,12:59:42.388,0.001982
12:59:42.389,1.691493,12:59:42.389,39.714247,12:59:42.389,0.00264
12:59:42.390,1.657725,12:59:42.390,39.629827,12:59:42.390,0.001653
12:59:42.391,1.573305,12:59:42.391,39.815551,12:59:42.391,0.004612
12:59:42.392,1.657725,12:59:42.392,39.731131,12:59:42.392,0.002311
12:59:42.393,1.708377,12:59:42.393,39.646711,12:59:42.393,0.002311
12:59:42.394,1.708377,12:59:42.394,39.629827,12:59:42.394,0.002311
12:59:42.395,1.674609,12:59:42.395,39.866203,12:59:42.395,0.00264
12:59:42.396,1.657725,12:59:42.396,39.731131,12:59:42.396,0.00264
12:59:42.397,1.725261,12:59:42.397,39.629827,12:59:42.397,0.003297
12:59:42.398,1.809681,12:59:42.398,39.748015,12:59:42.398,0.003297
12:59:42.399,1.590189,12:59:42.399,39.866203,12:59:42.399,0.002969
12:59:42.400,1.708377,12:59:42.400,39.798667,12:59:42.400,0.004284
12:59:42.401,1.742145,12:59:42.401,39.697363,12:59:42.401,0.002969
12:59:42.402,1.674609,12:59:42.402,39.697363,12:59:42.402,0.003626
12:59:42.403,1.623957,12:59:42.403,39.815551,12:59:42.403,0.001653
12:59:42.404,1.590189,12:59:42.404,39.798667,12:59:42.404,0.001982
12:59:42.405,1.573305,12:59:42.405,39.748015,12:59:42.405,0.002969
12:59:42.406,1.539537,12:59:42.406,39.663595,12:59:42.406,0.001653
12:59:42.407,1.539537,12:59:42.407,39.714247,12:59:42.407,0.003297
12:59:42.408,1.505769,12:59:42.408,39.764899,12:59:42.408,0.002311
12:59:42.409,1.539537,12:59:42.409,39.612943,12:59:42.409,0.003297
12:59:42.410,1.539537,12:59:42.410,39.562291,12:59:42.410,0.002969
12:59:42.411,1.438233,12:59:42.411,39.663595,12:59:42.411,0.001325
12:59:42.412,1.488885,12:59:42.412,39.714247,12:59:42.412,0.002969
12:59:42.413,1.505769,12:59:42.413,39.511639,12:59:42.413,0.000996
12:59:42.414,1.522653,12:59:42.414,39.646711,12:59:42.414,0.004284
12:59:42.415,1.522653,12:59:42.415,39.697363,12:59:42.415,0.00264
12:59:42.416,1.556421,12:59:42.416,39.629827,12:59:42.416,0.001982
12:59:42.417,1.657725,12:59:42.417,39.511639,12:59:42.417,0.001982
12:59:42.418,1.607073,12:59:42.418,39.646711,12:59:42.418,0.00264
12:59:42.419,1.674609,12:59:42.419,39.612943,12:59:42.419,0.003955
12:59:42.420,1.708377,12:59:42.420,39.596059,12:59:42.420,0.00264
12:59:42.421,1.759029,12:59:42.421,39.477872,12:59:42.421,0.002969
12:59:42.422,1.725261,12:59:42.422,39.494756,12:59:42.422,0.003297
12:59:42.423,1.708377,12:59:42.423,39.579175,12:59:42.423,0.00264
12:59:42.424,1.725261,12:59:42.424,39.697363,12:59:42.424,0.004612
12:59:42.425,1.792797,12:59:42.425,39.460988,12:59:42.425,0.003626
12:59:42.426,1.843449,12:59:42.426,39.42722,12:59:42.426,0.001653
12:59:42.427,1.792797,12:59:42.427,39.376568,12:59:42.427,0.003297
12:59:42.428,1.708377,12:59:42.428,39.477872,12:59:42.428,0.002311
12:59:42.429,1.742145,12:59:42.429,39.325916,12:59:42.429,0.001325
12:59:42.430,1.708377,12:59:42.430,39.359684,12:59:42.430,0.003955
12:59:42.431,1.691493,12:59:42.431,39.393452,12:59:42.431,0.001653
12:59:42.432,1.674609,12:59:42.432,39.393452,12:59:42.432,0.004612
12:59:42.433,1.708377,12:59:42.433,39.292148,12:59:42.433,0.003626
12:59:42.434,1.674609,12:59:42.434,39.224612,12:59:42.434,0.000996
12:59:42.435,1.657725,12:59:42.435,39.275264,12:59:42.435,0.003297
12:59:42.436,1.607073,12:59:42.436,39.325916,12:59:42.436,0.001325
12:59:42.437,1.657725,12:59:42.437,39.17396,12:59:42.437,0.002969
12:59:42.438,1.674609,12:59:42.438,39.17396,12:59:42.438,0.002311
12:59:42.439,1.657725,12:59:42.439,39.292148,12:59:42.439,0.002969
12:59:42.440,1.556421,12:59:42.440,39.292148,12:59:42.440,0.001982
12:59:42.441,1.623957,12:59:42.441,39.190844,12:59:42.441,0.002311
12:59:42.442,1.573305,12:59:42.442,39.106424,12:59:42.442,0.003955
12:59:42.443,1.539537,12:59:42.443,39.190844,12:59:42.443,0.003955
12:59:42.444,1.590189,12:59:42.444,39.207728,12:59:42.444,0.002969
12:59:42.445,1.573305,12:59:42.445,39.038888,12:59:42.445,0.003297
12:59:42.446,1.539537,12:59:42.446,39.08954,12:59:42.446,0.00264
12:59:42.447,1.539537,12:59:42.447,39.106424,12:59:42.447,0.00264
12:59:42.448,1.488885,12:59:42.448,39.08954,12:59:42.448,0.001982
12:59:42.449,1.488885,12:59:42.449,38.9207,12:59:42.449,0.001982
12:59:42.450,1.556421,12:59:42.450,38.9207,12:59:42.450,0.002311
12:59:42.451,1.488885,12:59:42.451,38.971352,12:59:42.451,0.00264
12:59:42.452,1.488885,12:59:42.452,38.971352,12:59:42.452,0.001982
12:59:42.453,1.556421,12:59:42.453,38.886932,12:59:42.453,0.003955
12:59:42.454,1.522653,12:59:42.454,38.903816,12:59:42.454,0.002311
12:59:42.455,1.522653,12:59:42.455,38.988236,12:59:42.455,0.003297
12:59:42.456,1.573305,12:59:42.456,39.022004,12:59:42.456,0.00264
12:59:42.457,1.623957,12:59:42.457,38.819396,12:59:42.457,0.002311
12:59:42.458,1.623957,12:59:42.458,38.903816,12:59:42.458,0.003297
12:59:42.459,1.623957,12:59:42.459,38.937584,12:59:42.459,0.001982
12:59:42.460,1.607073,12:59:42.460,39.00512,12:59:42.460,0.004284
12:59:42.461,1.640841,12:59:42.461,38.870048,12:59:42.461,0.001982
12:59:42.462,1.623957,12:59:42.462,38.954468,12:59:42.462,0.003297
12:59:42.463,1.640841,12:59:42.463,38.870048,12:59:42.463,0.001653
12:59:42.464,1.539537,12:59:42.464,39.022004,12:59:42.464,0.001982
12:59:42.465,1.573305,12:59:42.465,38.802512,12:59:42.465,0.003626
12:59:42.466,1.539537,12:59:42.466,38.785628,12:59:42.466,0.003626
12:59:42.467,1.556421,12:59:42.467,38.75186,12:59:42.467,0.002311
12:59:42.468,1.438233,12:59:42.468,38.819396,12:59:42.468,0.003297
12:59:42.469,1.455117,12:59:42.469,38.768744,12:59:42.469,0.003297
12:59:42.470,1.488885,12:59:42.470,38.684324,12:59:42.470,0.00264
12:59:42.471,1.404465,12:59:42.471,38.718092,12:59:42.471,0.002311
12:59:42.472,1.421349,12:59:42.472,38.785628,12:59:42.472,0.002311
12:59:42.473,1.370697,12:59:42.473,38.718092,12:59:42.473,0.001982
12:59:42.474,1.404465,12:59:42.474,38.633672,12:59:42.474,0.002969
12:59:42.475,1.404465,12:59:42.475,38.75186,12:59:42.475,0.002311
12:59:42.476,1.336929,12:59:42.476,38.701208,12:59:42.476,0.003955
12:59:42.477,1.370697,12:59:42.477,38.75186,12:59:42.477,0.001325
12:59:42.478,1.421349,12:59:42.478,38.66744,12:59:42.478,0.003297
12:59:42.479,1.370697,12:59:42.479,38.616788,12:59:42.479,0.002311
12:59:42.480,1.353813,12:59:42.480,38.75186,12:59:42.480,0.003626
12:59:42.481,1.353813,12:59:42.481,38.633672,12:59:42.481,0.000996
12:59:42.482,1.370697,12:59:42.482,38.616788,12:59:42.482,0.002969
12:59:42.483,1.336929,12:59:42.483,38.66744,12:59:42.483,0.001982
12:59:42.484,1.353813,12:59:42.484,38.701208,12:59:42.484,0.003626
12:59:42.485,1.336929,12:59:42.485,38.66744,12:59:42.485,0.001982
12:59:42.486,1.387581,12:59:42.486,38.566136,12:59:42.486,0.002969
12:59:42.487,1.336929,12:59:42.487,38.599904,12:59:42.487,0.002969
12:59:42.488,1.303161,12:59:42.488,38.58302,12:59:42.488,0.003297
12:59:42.489,1.269393,12:59:42.489,38.515484,12:59:42.489,0.003626
12:59:42.490,1.303161,12:59:42.490,38.515484,12:59:42.490,0.002969
12:59:42.491,1.286277,12:59:42.491,38.380412,12:59:42.491,0.00264
12:59:42.492,1.286277,12:59:42.492,38.616788,12:59:42.492,0.00264
12:59:42.493,1.336929,12:59:42.493,38.447948,12:59:42.493,0.003626
12:59:42.494,1.303161,12:59:42.494,38.4986,12:59:42.494,0.003297
12:59:42.495,1.320045,12:59:42.495,38.515484,12:59:42.495,0.002311
12:59:42.496,1.303161,12:59:42.496,38.549252,12:59:42.496,0.002969
12:59:42.497,1.370697,12:59:42.497,38.515484,12:59:42.497,0.002311
12:59:42.498,1.353813,12:59:42.498,38.532368,12:59:42.498,0.004284
12:59:42.499,1.421349,12:59:42.499,38.549252,12:59:42.499,0.003626
12:59:42.500,1.286277,12:59:42.500,38.633672,12:59:42.500,0.004284
12:59:42.501,1.353813,12:59:42.501,38.515484,12:59:42.501,0.003626
12:59:42.502,1.404465,12:59:42.502,38.566136,12:59:42.502,0.002311
12:59:42.503,1.353813,12:59:42.503,38.532368,12:59:42.503,0.001653
12:59:42.504,1.269393,12:59:42.504,38.515484,12:59:42.504,0.004284
12:59:42.505,1.336929,12:59:42.505,38.464832,12:59:42.505,0.00264
12:59:42.506,1.353813,12:59:42.506,38.41418,12:59:42.506,0.004284
12:59:42.507,1.252509,12:59:42.507,38.397296,12:59:42.507,0.002969
12:59:42.508,1.269393,12:59:42.508,38.464832,12:59:42.508,0.00264
12:59:42.509,1.303161,12:59:42.509,38.464832,12:59:42.509,0.002311
12:59:42.510,1.218741,12:59:42.510,38.346644,12:59:42.510,0.002311
12:59:42.511,1.252509,12:59:42.511,38.32976,12:59:42.511,0.003297
12:59:42.512,1.184973,12:59:42.512,38.41418,12:59:42.512,0.002969
12:59:42.513,1.201857,12:59:42.513,38.363528,12:59:42.513,0.00264
12:59:42.514,1.252509,12:59:42.514,38.363528,12:59:42.514,0.003626
12:59:42.515,1.286277,12:59:42.515,38.295992,12:59:42.515,0.00264
12:59:42.516,1.201857,12:59:42.516,38.363528,12:59:42.516,0.001653
12:59:42.517,1.303161,12:59:42.517,38.312876,12:59:42.517,0.001982
12:59:42.518,1.370697,12:59:42.518,38.346644,12:59:42.518,0.001653
12:59:42.519,1.320045,12:59:42.519,38.32976,12:59:42.519,0.00264
12:59:42.520,1.370697,12:59:42.520,38.481716,12:59:42.520,0.003955
12:59:42.521,1.353813,12:59:42.521,38.363528,12:59:42.521,0.002969
12:59:42.522,1.353813,12:59:42.522,38.24534,12:59:42.522,0.002311
12:59:42.523,1.387581,12:59:42.523,38.32976,12:59:42.523,0.003297
12:59:42.524,1.336929,12:59:42.524,38.397296,12:59:42.524,0.001982
12:59:42.525,1.336929,12:59:42.525,38.515484,12:59:42.525,0.002969
12:59:42.526,1.353813,12:59:42.526,38.279108,12:59:42.526,0.00264
12:59:42.527,1.286277,12:59:42.527,38.295992,12:59:42.527,0.00264
12:59:42.528,1.320045,12:59:42.528,38.363528,12:59:42.528,0.001653
12:59:42.529,1.320045,12:59:42.529,38.279108,12:59:42.529,0.002311
12:59:42.530,1.353813,12:59:42.530,38.144036,12:59:42.530,0.002969
12:59:42.531,1.320045,12:59:42.531,38.16092,12:59:42.531,0.001982
12:59:42.532,1.320045,12:59:42.532,38.211572,12:59:42.532,0.00264
12:59:42.533,1.336929,12:59:42.533,38.312876,12:59:42.533,0.002969
12:59:42.534,1.336929,12:59:42.534,38.144036,12:59:42.534,0.003297
12:59:42.535,1.336929,12:59:42.535,38.110268,12:59:42.535,0.002969
12:59:42.536,1.336929,12:59:42.536,38.312876,12:59:42.536,0.002311
12:59:42.537,1.404465,12:59:42.537,38.194688,12:59:42.537,0.001982
12:59:42.538,1.387581,12:59:42.538,38.127152,12:59:42.538,0.00264
12:59:42.539,1.472001,12:59:42.539,38.24534,12:59:42.539,0.003297
12:59:42.540,1.404465,12:59:42.540,38.312876,12:59:42.540,0.003626
12:59:42.541,1.421349,12:59:42.541,38.211572,12:59:42.541,0.002969
12:59:42.542,1.556421,12:59:42.542,38.110268,12:59:42.542,0.002969
12:59:42.543,1.505769,12:59:42.543,38.177804,12:59:42.543,0.003297
12:59:42.544,1.455117,12:59:42.544,38.24534,12:59:42.544,0.002311
12:59:42.545,1.488885,12:59:42.545,38.295992,12:59:42.545,0.002969
12:59:42.546,1.472001,12:59:42.546,38.144036,12:59:42.546,0.003297
12:59:42.547,1.455117,12:59:42.547,38.008964,12:59:42.547,0.00264
12:59:42.548,1.472001,12:59:42.548,38.127152,12:59:42.548,0.003626
12:59:42.549,1.438233,12:59:42.549,38.025848,12:59:42.549,0.002969
12:59:42.550,1.505769,12:59:42.550,37.924544,12:59:42.550,0.003297
12:59:42.551,1.455117,12:59:42.551,37.90766,12:59:42.551,0.002969
12:59:42.552,1.472001,12:59:42.552,38.042732,12:59:42.552,0.002969
12:59:42.553,1.370697,12:59:42.553,37.975196,12:59:42.553,0.003626
12:59:42.554,1.404465,12:59:42.554,37.941428,12:59:42.554,0.002969
12:59:42.555,1.438233,12:59:42.555,37.924544,12:59:42.555,0.001325
12:59:42.556,1.421349,12:59:42.556,37.941428,12:59:42.556,0.004284
12:59:42.557,1.505769,12:59:42.557,38.008964,12:59:42.557,0.002969
12:59:42.558,1.539537,12:59:42.558,37.958312,12:59:42.558,0.001982
12:59:42.559,1.472001,12:59:42.559,37.941428,12:59:42.559,0.00264
12:59:42.560,1.522653,12:59:42.560,37.890776,12:59:42.560,0.001982
12:59:42.561,1.556421,12:59:42.561,37.941428,12:59:42.561,0.00264
12:59:42.562,1.590189,12:59:42.562,37.90766,12:59:42.562,0.002311
12:59:42.563,1.556421,12:59:42.563,37.857008,12:59:42.563,0.003297
12:59:42.564,1.505769,12:59:42.564,37.857008,12:59:42.564,0.003297
12:59:42.565,1.590189,12:59:42.565,37.958312,12:59:42.565,0.002311
12:59:42.566,1.573305,12:59:42.566,37.73882,12:59:42.566,0.002311
12:59:42.567,1.539537,12:59:42.567,37.73882,12:59:42.567,0.003297
12:59:42.568,1.539537,12:59:42.568,37.857008,12:59:42.568,0.003297
12:59:42.569,1.573305,12:59:42.569,37.82324,12:59:42.569,0.00264
12:59:42.570,1.556421,12:59:42.570,37.688168,12:59:42.570,0.00264
12:59:42.571,1.607073,12:59:42.571,37.705052,12:59:42.571,0.00264
12:59:42.572,1.607073,12:59:42.572,37.688168,12:59:42.572,0.003955
12:59:42.573,1.607073,12:59:42.573,37.755704,12:59:42.573,0.002311
12:59:42.574,1.657725,12:59:42.574,37.6544,12:59:42.574,0.002311
12:59:42.575,1.640841,12:59:42.575,37.671284,12:59:42.575,0.001982
12:59:42.576,1.640841,12:59:42.576,37.789472,12:59:42.576,0.004284
12:59:42.577,1.640841,12:59:42.577,37.73882,12:59:42.577,0.002311
12:59:42.578,1.775913,12:59:42.578,37.620632,12:59:42.578,0.003626
12:59:42.579,1.775913,12:59:42.579,37.586864,12:59:42.579,0.003297
12:59:42.580,1.691493,12:59:42.580,37.705052,12:59:42.580,0.00264
12:59:42.581,1.708377,12:59:42.581,37.73882,12:59:42.581,0.00264
12:59:42.582,1.691493,12:59:42.582,37.671284,12:59:42.582,0.002311
12:59:42.583,1.759029,12:59:42.583,37.6544,12:59:42.583,0.003626
12:59:42.584,1.623957,12:59:42.584,37.688168,12:59:42.584,0.004941
12:59:42.585,1.691493,12:59:42.585,37.671284,12:59:42.585,0.001982
12:59:42.586,1.674609,12:59:42.586,37.586864,12:59:42.586,0.00264
12:59:42.587,1.657725,12:59:42.587,37.553096,12:59:42.587,0.00264
12:59:42.588,1.556421,12:59:42.588,37.536212,12:59:42.588,0.002311
12:59:42.589,1.522653,12:59:42.589,37.553096,12:59:42.589,0.001653
12:59:42.590,1.522653,12:59:42.590,37.468676,12:59:42.590,0.00264
12:59:42.591,1.556421,12:59:42.591,37.418024,12:59:42.591,0.00264
12:59:42.592,1.404465,12:59:42.592,37.468676,12:59:42.592,0.003626
12:59:42.593,1.438233,12:59:42.593,37.519328,12:59:42.593,0.003626
12:59:42.594,1.505769,12:59:42.594,37.40114,12:59:42.594,0.001982
12:59:42.595,1.539537,12:59:42.595,37.451792,12:59:42.595,0.00264
12:59:42.596,1.522653,12:59:42.596,37.48556,12:59:42.596,0.003626
12:59:42.597,1.472001,12:59:42.597,37.502444,12:59:42.597,0.001982
12:59:42.598,1.573305,12:59:42.598,37.282953,12:59:42.598,0.003626
12:59:42.599,1.472001,12:59:42.599,37.350489,12:59:42.599,0.001982
12:59:42.600,1.590189,12:59:42.600,37.502444,12:59:42.600,0.002311
12:59:42.601,1.522653,12:59:42.601,37.451792,12:59:42.601,0.002969
12:59:42.602,1.573305,12:59:42.602,37.468676,12:59:42.602,0.002969
12:59:42.603,1.590189,12:59:42.603,37.418024,12:59:42.603,0.00264
12:59:42.604,1.556421,12:59:42.604,37.333605,12:59:42.604,0.003955
12:59:42.605,1.623957,12:59:42.605,37.434908,12:59:42.605,0.00264
12:59:42.606,1.607073,12:59:42.606,37.299837,12:59:42.606,0.002311
12:59:42.607,1.674609,12:59:42.607,37.249185,12:59:42.607,0.002969
12:59:42.608,1.607073,12:59:42.608,37.333605,12:59:42.608,0.00264
12:59:42.609,1.590189,12:59:42.609,37.282953,12:59:42.609,0.00264
12:59:42.610,1.623957,12:59:42.610,37.215417,12:59:42.610,0.001325
12:59:42.611,1.640841,12:59:42.611,37.232301,12:59:42.611,0.002969
12:59:42.612,1.573305,12:59:42.612,37.249185,12:59:42.612,0.003297
12:59:42.613,1.573305,12:59:42.613,37.333605,12:59:42.613,0.001653
12:59:42.614,1.674609,12:59:42.614,37.181649,12:59:42.614,0.003955
12:59:42.615,1.640841,12:59:42.615,37.215417,12:59:42.615,0.002311
12:59:42.616,1.623957,12:59:42.616,37.299837,12:59:42.616,0.003626
12:59:42.617,1.640841,12:59:42.617,37.333605,12:59:42.617,0.002969
12:59:42.618,1.657725,12:59:42.618,37.266069,12:59:42.618,0.003955
12:59:42.619,1.640841,12:59:42.619,37.316721,12:59:42.619,0.003297
12:59:42.620,1.590189,12:59:42.620,37.249185,12:59:42.620,0.00264
12:59:42.621,1.573305,12:59:42.621,37.282953,12:59:42.621,0.002311
12:59:42.622,1.556421,12:59:42.622,37.198533,12:59:42.622,0.002311
12:59:42.623,1.623957,12:59:42.623,37.198533,12:59:42.623,0.003297
12:59:42.624,1.522653,12:59:42.624,37.215417,12:59:42.624,0.003297
12:59:42.625,1.488885,12:59:42.625,37.249185,12:59:42.625,0.002969
12:59:42.626,1.438233,12:59:42.626,37.181649,12:59:42.626,0.002969
12:59:42.627,1.505769,12:59:42.627,37.080345,12:59:42.627,0.003626
12:59:42.628,1.438233,12:59:42.628,37.063461,12:59:42.628,0.004612
12:59:42.629,1.404465,12:59:42.629,37.130997,12:59:42.629,0.00264
12:59:42.630,1.387581,12:59:42.630,37.080345,12:59:42.630,0.002311
12:59:42.631,1.370697,12:59:42.631,37.046577,12:59:42.631,0.00264
12:59:42.632,1.353813,12:59:42.632,37.029693,12:59:42.632,0.002311
12:59:42.633,1.353813,12:59:42.633,37.046577,12:59:42.633,0.00264
12:59:42.634,1.370697,12:59:42.634,36.995925,12:59:42.634,0.003297
12:59:42.635,1.438233,12:59:42.635,36.979041,12:59:42.635,0.002969
12:59:42.636,1.472001,12:59:42.636,37.097229,12:59:42.636,0.002969
12:59:42.637,1.404465,12:59:42.637,37.097229,12:59:42.637,0.003626
12:59:42.638,1.488885,12:59:42.638,37.164765,12:59:42.638,0.00264
12:59:42.639,1.522653,12:59:42.639,36.995925,12:59:42.639,0.001982
12:59:42.640,1.472001,12:59:42.640,36.995925,12:59:42.640,0.003297
12:59:42.641,1.421349,12:59:42.641,37.097229,12:59:42.641,0.00264
12:59:42.642,1.505769,12:59:42.642,37.080345,12:59:42.642,0.001982
12:59:42.643,1.539537,12:59:42.643,36.945273,12:59:42.643,0.003297
12:59:42.644,1.539537,12:59:42.644,37.046577,12:59:42.644,0.002311
12:59:42.645,1.488885,12:59:42.645,37.063461,12:59:42.645,0.001325
12:59:42.646,1.488885,12:59:42.646,36.979041,12:59:42.646,0.003955
12:59:42.647,1.505769,12:59:42.647,36.928389,12:59:42.647,0.003297
12:59:42.648,1.522653,12:59:42.648,36.793317,12:59:42.648,0.002311
12:59:42.649,1.455117,12:59:42.649,36.911505,12:59:42.649,0.002969
12:59:42.650,1.488885,12:59:42.650,36.877737,12:59:42.650,0.002969
12:59:42.651,1.404465,12:59:42.651,36.877737,12:59:42.651,0.00264
12:59:42.652,1.472001,12:59:42.652,36.843969,12:59:42.652,0.001653
12:59:42.653,1.387581,12:59:42.653,36.928389,12:59:42.653,0.00264
12:59:42.654,1.387581,12:59:42.654,36.843969,12:59:42.654,0.001653
12:59:42.655,1.421349,12:59:42.655,36.810201,12:59:42.655,0.00264
12:59:42.656,1.370697,12:59:42.656,36.860853,12:59:42.656,0.002969
12:59:42.657,1.421349,12:59:42.657,36.945273,12:59:42.657,0.002969
12:59:42.658,1.455117,12:59:42.658,36.945273,12:59:42.658,0.00264
12:59:42.659,1.522653,12:59:42.659,36.827085,12:59:42.659,0.001653
12:59:42.660,1.421349,12:59:42.660,36.708897,12:59:42.660,0.002311
12:59:42.661,1.421349,12:59:42.661,36.877737,12:59:42.661,0.002311
12:59:42.662,1.421349,12:59:42.662,36.843969,12:59:42.662,0.001653
12:59:42.663,1.421349,12:59:42.663,36.860853,12:59:42.663,0.001982
12:59:42.664,1.387581,12:59:42.664,36.793317,12:59:42.664,0.00264
12:59:42.665,1.336929,12:59:42.665,36.793317,12:59:42.665,0.00264
12:59:42.666,1.303161,12:59:42.666,36.793317,12:59:42.666,0.003626
12:59:42.667,1.455117,12:59:42.667,36.675129,12:59:42.667,0.003626
12:59:42.668,1.353813,12:59:42.668,36.658245,12:59:42.668,0.002311
12:59:42.669,1.404465,12:59:42.669,36.708897,12:59:42.669,0.003626
12:59:42.670,1.336929,12:59:42.670,36.725781,12:59:42.670,0.002969
12:59:42.671,1.404465,12:59:42.671,36.658245,12:59:42.671,0.002969
12:59:42.672,1.404465,12:59:42.672,36.540057,12:59:42.672,0.002969
12:59:42.673,1.387581,12:59:42.673,36.675129,12:59:42.673,0.002969
12:59:42.674,1.387581,12:59:42.674,36.708897,12:59:42.674,0.002311
12:59:42.675,1.404465,12:59:42.675,36.675129,12:59:42.675,0.004941
12:59:42.676,1.438233,12:59:42.676,36.556941,12:59:42.676,0.00264
12:59:42.677,1.455117,12:59:42.677,36.675129,12:59:42.677,0.000667
12:59:42.678,1.488885,12:59:42.678,36.641361,12:59:42.678,0.003297
12:59:42.679,1.505769,12:59:42.679,36.573825,12:59:42.679,0.003297
12:59:42.680,1.505769,12:59:42.680,36.658245,12:59:42.680,0.001982
12:59:42.681,1.505769,12:59:42.681,36.658245,12:59:42.681,0.002311
12:59:42.682,1.455117,12:59:42.682,36.590709,12:59:42.682,0.002969
12:59:42.683,1.539537,12:59:42.683,36.624477,12:59:42.683,0.001982
12:59:42.684,1.438233,12:59:42.684,36.573825,12:59:42.684,0.00264
12:59:42.685,1.505769,12:59:42.685,36.624477,12:59:42.685,0.003297
12:59:42.686,1.455117,12:59:42.686,36.573825,12:59:42.686,0.002311
12:59:42.687,1.472001,12:59:42.687,36.438753,12:59:42.687,0.002969
12:59:42.688,1.421349,12:59:42.688,36.455637,12:59:42.688,0.002311
12:59:42.689,1.421349,12:59:42.689,36.523173,12:59:42.689,0.001982
12:59:42.690,1.404465,12:59:42.690,36.506289,12:59:42.690,0.002969
12:59:42.691,1.455117,12:59:42.691,36.472521,12:59:42.691,0.003297
12:59:42.692,1.421349,12:59:42.692,36.421869,12:59:42.692,0.003626
12:59:42.693,1.387581,12:59:42.693,36.506289,12:59:42.693,0.002311
12:59:42.694,1.421349,12:59:42.694,36.506289,12:59:42.694,0.002311
12:59:42.695,1.455117,12:59:42.695,36.404985,12:59:42.695,0.002311
12:59:42.696,1.488885,12:59:42.696,36.404985,12:59:42.696,0.00264
12:59:42.697,1.488885,12:59:42.697,36.404985,12:59:42.697,0.00264
12:59:42.698,1.472001,12:59:42.698,36.421869,12:59:42.698,0.00264
12:59:42.699,1.556421,12:59:42.699,36.421869,12:59:42.699,0.003626
12:59:42.700,1.556421,12:59:42.700,36.404985,12:59:42.700,0.002969
12:59:42.701,1.556421,12:59:42.701,36.371217,12:59:42.701,0.001325
12:59:42.702,1.505769,12:59:42.702,36.388101,12:59:42.702,0.003297
12:59:42.703,1.623957,12:59:42.703,36.404985,12:59:42.703,0.003955
12:59:42.704,1.590189,12:59:42.704,36.253029,12:59:42.704,0.002969
12:59:42.705,1.539537,12:59:42.705,36.388101,12:59:42.705,0.003626
12:59:42.706,1.556421,12:59:42.706,36.388101,12:59:42.706,0.003297
12:59:42.707,1.573305,12:59:42.707,36.354333,12:59:42.707,0.003626
12:59:42.708,1.573305,12:59:42.708,36.236145,12:59:42.708,0.003297
12:59:42.709,1.556421,12:59:42.709,36.320565,12:59:42.709,0.002969
12:59:42.710,1.573305,12:59:42.710,36.371217,12:59:42.710,0.00264
12:59:42.711,1.573305,12:59:42.711,36.269913,12:59:42.711,0.002969
12:59:42.712,1.556421,12:59:42.712,36.236145,12:59:42.712,0.003626
12:59:42.713,1.522653,12:59:42.713,36.219261,12:59:42.713,0.002311
12:59:42.714,1.539537,12:59:42.714,36.269913,12:59:42.714,0.00264
12:59:42.715,1.590189,12:59:42.715,36.219261,12:59:42.715,0.003297
12:59:42.716,1.573305,12:59:42.716,36.134841,12:59:42.716,0.002969
12:59:42.717,1.590189,12:59:42.717,36.404985,12:59:42.717,0.002969
12:59:42.718,1.573305,12:59:42.718,36.253029,12:59:42.718,0.002311
12:59:42.719,1.657725,12:59:42.719,36.202377,12:59:42.719,0.00264
12:59:42.720,1.657725,12:59:42.720,36.236145,12:59:42.720,0.003297
12:59:42.721,1.623957,12:59:42.721,36.253029,12:59:42.721,0.002969
12:59:42.722,1.623957,12:59:42.722,36.236145,12:59:42.722,0.00264
12:59:42.723,1.674609,12:59:42.723,36.134841,12:59:42.723,0.002969
12:59:42.724,1.607073,12:59:42.724,36.185493,12:59:42.724,0.003297
12:59:42.725,1.674609,12:59:42.725,36.202377,12:59:42.725,0.00264
12:59:42.726,1.607073,12:59:42.726,36.320565,12:59:42.726,0.003297
12:59:42.727,1.556421,12:59:42.727,36.168609,12:59:42.727,0.001982
12:59:42.728,1.556421,12:59:42.728,36.067305,12:59:42.728,0.002969
12:59:42.729,1.556421,12:59:42.729,36.067305,12:59:42.729,0.003297
12:59:42.730,1.556421,12:59:42.730,36.151725,12:59:42.730,0.002311
12:59:42.731,1.590189,12:59:42.731,36.084189,12:59:42.731,0.00264
12:59:42.732,1.573305,12:59:42.732,36.084189,12:59:42.732,0.002311
12:59:42.733,1.607073,12:59:42.733,36.101073,12:59:42.733,0.003626
12:59:42.734,1.556421,12:59:42.734,36.117957,12:59:42.734,0.002969
12:59:42.735,1.640841,12:59:42.735,36.151725,12:59:42.735,0.00264
12:59:42.736,1.657725,12:59:42.736,36.033537,12:59:42.736,0.003626
12:59:42.737,1.623957,12:59:42.737,36.151725,12:59:42.737,0.00264
12:59:42.738,1.674609,12:59:42.738,36.151725,12:59:42.738,0.004941
12:59:42.739,1.725261,12:59:42.739,36.016653,12:59:42.739,0.003626
12:59:42.740,1.725261,12:59:42.740,36.084189,12:59:42.740,0.001982
12:59:42.741,1.742145,12:59:42.741,36.067305,12:59:42.741,0.003297
12:59:42.742,1.623957,12:59:42.742,36.101073,12:59:42.742,0.00264
12:59:42.743,1.725261,12:59:42.743,36.033537,12:59:42.743,0.004612
12:59:42.744,1.742145,12:59:42.744,36.101073,12:59:42.744,0.003626
12:59:42.745,1.691493,12:59:42.745,35.982885,12:59:42.745,0.003297
12:59:42.746,1.674609,12:59:42.746,36.050421,12:59:42.746,0.003955
12:59:42.747,1.691493,12:59:42.747,35.949117,12:59:42.747,0.002969
12:59:42.748,1.759029,12:59:42.748,35.915349,12:59:42.748,0.00264
12:59:42.749,1.623957,12:59:42.749,35.915349,12:59:42.749,0.002969
12:59:42.750,1.657725,12:59:42.750,35.949117,12:59:42.750,0.003955
12:59:42.751,1.623957,12:59:42.751,35.814045,12:59:42.751,0.00264
12:59:42.752,1.691493,12:59:42.752,35.847813,12:59:42.752,0.001982
12:59:42.753,1.607073,12:59:42.753,35.830929,12:59:42.753,0.002969
12:59:42.754,1.640841,12:59:42.754,35.881581,12:59:42.754,0.001653
12:59:42.755,1.623957,12:59:42.755,35.797161,12:59:42.755,0.096347
12:59:42.756,1.725261,12:59:42.756,35.898465,12:59:42.756,3.973209
12:59:42.757,1.725261,12:59:42.757,35.847813,12:59:42.757,5.785212
12:59:42.758,1.623957,12:59:42.758,35.949117,12:59:42.758,5.786198
12:59:42.759,1.708377,12:59:42.759,35.780277,12:59:42.759,5.789486
12:59:42.760,1.657725,12:59:42.760,35.915349,12:59:42.760,5.801323
12:59:42.761,1.691493,12:59:42.761,35.814045,12:59:42.761,5.814475
12:59:42.762,1.691493,12:59:42.762,35.830929,12:59:42.762,5.828613
12:59:42.763,1.657725,12:59:42.763,35.780277,12:59:42.763,5.842423
12:59:42.764,1.657725,12:59:42.764,35.814045,12:59:42.764,5.860835
12:59:42.765,1.556421,12:59:42.765,35.746509,12:59:42.765,5.881221
12:59:42.766,1.556421,12:59:42.766,35.814045,12:59:42.766,5.886153
12:59:42.767,1.657725,12:59:42.767,35.678973,12:59:42.767,5.887468
12:59:42.768,1.742145,12:59:42.768,35.780277,12:59:42.768,5.831572
12:59:42.769,1.961637,12:59:42.769,35.780277,12:59:42.769,5.826969
12:59:42.770,2.282433,12:59:42.770,35.847813,12:59:42.770,5.834532
12:59:42.771,2.839604,12:59:42.771,35.695857,12:59:42.771,5.837819
12:59:42.772,3.953948,12:59:42.772,35.814045,12:59:42.772,5.910484
12:59:42.773,6.233288,12:59:42.773,35.763393,12:59:42.773,5.914758
12:59:42.774,8.900959,12:59:42.774,35.746509,12:59:42.774,5.905223
12:59:42.775,11.214066,12:59:42.775,35.695857,12:59:42.775,5.913772
12:59:42.776,13.864853,12:59:42.776,35.678973,12:59:42.776,5.909497
12:59:42.777,17.342956,12:59:42.777,35.611437,12:59:42.777,5.900948
12:59:42.778,21.057435,12:59:42.778,35.645205,12:59:42.778,5.892071
12:59:42.779,24.822566,12:59:42.779,35.628321,12:59:42.779,5.844724
12:59:42.780,29.44878,12:59:42.780,35.611437,12:59:42.780,5.813817
12:59:42.781,34.98673,12:59:42.781,35.594553,12:59:42.781,5.799679
12:59:42.782,41.166271,12:59:42.782,35.729625,12:59:42.782,5.811845
12:59:42.783,47.649723,12:59:42.783,35.594553,12:59:42.783,5.815461
12:59:42.784,54.386435,12:59:42.784,35.493249,12:59:42.784,5.883851
12:59:42.785,60.869887,12:59:42.785,35.543901,12:59:42.785,5.893057
12:59:42.786,66.998775,12:59:42.786,35.577669,12:59:42.786,5.885824
12:59:42.787,72.317231,12:59:42.787,35.442597,12:59:42.787,5.880563
12:59:42.788,77.027863,12:59:42.788,35.375061,12:59:42.788,5.87333
12:59:42.789,80.894296,12:59:42.789,35.510133,12:59:42.789,5.873658
12:59:42.790,82.937258,12:59:42.790,35.476365,12:59:42.790,5.877275
12:59:42.791,80.725456,12:59:42.791,35.611437,12:59:42.791,5.874316
12:59:42.792,75.204393,12:59:42.792,35.662089,12:59:42.792,5.84308
12:59:42.793,68.58587,12:59:42.793,35.729625,12:59:42.793,5.816119
12:59:42.794,61.427059,12:59:42.794,35.864697,12:59:42.794,5.824339
12:59:42.795,56.260558,12:59:42.795,35.881581,12:59:42.795,5.841107
12:59:42.796,52.71492,12:59:42.796,35.678973,12:59:42.796,5.916402
12:59:42.797,46.889944,12:59:42.797,35.695857,12:59:42.797,5.918046
12:59:42.798,41.014315,12:59:42.798,35.695857,12:59:42.798,5.910155
12:59:42.799,37.350489,12:59:42.799,35.695857,12:59:42.799,5.896345
12:59:42.800,35.307525,12:59:42.800,35.645205,12:59:42.800,5.885824
12:59:42.801,34.446442,12:59:42.801,35.662089,12:59:42.801,5.884837
12:59:42.802,34.074994,12:59:42.802,35.898465,12:59:42.802,5.879248
12:59:42.803,34.378906,12:59:42.803,35.780277,12:59:42.803,5.872672
12:59:42.804,35.712741,12:59:42.804,35.966001,12:59:42.804,5.854588
12:59:42.805,38.346644,12:59:42.805,36.050421,12:59:42.805,5.81842
12:59:42.806,42.398802,12:59:42.806,36.151725,12:59:42.806,5.828284
12:59:42.807,47.075668,12:59:42.807,36.269913,12:59:42.807,5.845053
12:59:42.808,51.414853,12:59:42.808,36.303681,12:59:42.808,5.853602
12:59:42.809,55.078679,12:59:42.809,36.337449,12:59:42.809,5.842423
12:59:42.810,58.117797,12:59:42.810,36.354333,12:59:42.810,5.900291
12:59:42.811,59.755544,12:59:42.811,36.320565,12:59:42.811,5.912456
12:59:42.812,59.755544,12:59:42.812,36.101073,12:59:42.812,5.913443
12:59:42.813,59.350328,12:59:42.813,36.033537,12:59:42.813,5.903908
12:59:42.814,59.502284,12:59:42.814,36.084189,12:59:42.814,5.907524
12:59:42.815,59.806196,12:59:42.815,36.269913,12:59:42.815,5.901935
12:59:42.816,59.367212,12:59:42.816,36.354333,12:59:42.816,5.888783
12:59:42.817,58.843809,12:59:42.817,36.523173,12:59:42.817,5.886481
12:59:42.818,58.641201,12:59:42.818,36.556941,12:59:42.818,5.883193
12:59:42.819,58.117797,12:59:42.819,36.641361,12:59:42.819,5.820064
12:59:42.820,57.222946,12:59:42.820,36.928389,12:59:42.820,5.800008
12:59:42.821,56.463166,12:59:42.821,36.995925,12:59:42.821,5.809543
12:59:42.822,56.14237,12:59:42.822,37.40114,12:59:42.822,5.828613
12:59:42.823,56.361862,12:59:42.823,37.772588,12:59:42.823,5.909826
12:59:42.824,56.969686,12:59:42.824,38.008964,12:59:42.824,5.921334
12:59:42.825,57.49309,12:59:42.825,38.059616,12:59:42.825,5.912785
12:59:42.826,57.881421,12:59:42.826,38.228456,12:59:42.826,5.902921
12:59:42.827,57.898305,12:59:42.827,38.211572,12:59:42.827,5.894044
12:59:42.828,57.256714,12:59:42.828,38.16092,12:59:42.828,5.887797
12:59:42.829,56.699542,12:59:42.829,38.042732,12:59:42.829,5.889112
12:59:42.830,56.530702,12:59:42.830,38.177804,12:59:42.830,5.881221
12:59:42.831,56.547586,12:59:42.831,38.0765,12:59:42.831,5.845053
12:59:42.832,56.868382,12:59:42.832,38.042732,12:59:42.832,5.805597
12:59:42.833,57.813885,12:59:42.833,38.110268,12:59:42.833,5.800337
12:59:42.834,59.282792,12:59:42.834,38.262224,12:59:42.834,5.810529
12:59:42.835,60.836119,12:59:42.835,38.4986,12:59:42.835,5.818749
12:59:42.836,61.764739,12:59:42.836,38.75186,12:59:42.836,5.827956
12:59:42.837,62.102418,12:59:42.837,39.106424,12:59:42.837,5.831244
12:59:42.838,61.612783,12:59:42.838,39.629827,12:59:42.838,5.860506
12:59:42.839,60.717931,12:59:42.839,40.068811,12:59:42.839,5.889769
12:59:42.840,60.025688,12:59:42.840,40.507795,12:59:42.840,5.889112
12:59:42.841,60.059456,12:59:42.841,40.997431,12:59:42.841,5.888125
12:59:42.842,59.671124,12:59:42.842,41.554602,12:59:42.842,5.881549
12:59:42.843,58.995765,12:59:42.843,42.078006,12:59:42.843,5.884509
12:59:42.844,58.573665,12:59:42.844,42.905322,12:59:42.844,5.870699
12:59:42.845,58.489245,12:59:42.845,44.104085,12:59:42.845,5.884509
12:59:42.846,58.219101,12:59:42.846,45.134009,12:59:42.846,5.882865
12:59:42.847,58.100913,12:59:42.847,45.404153,12:59:42.847,5.843409
12:59:42.848,58.067145,12:59:42.848,45.201545,12:59:42.848,5.797049
12:59:42.849,58.539897,12:59:42.849,45.235313,12:59:42.849,5.811845
12:59:42.850,59.56982,12:59:42.850,45.336617,12:59:42.850,5.826312
12:59:42.851,61.579015,12:59:42.851,45.843136,12:59:42.851,1.387869
12:59:42.852,61.494595,12:59:42.852,44.948285,12:59:42.852,1.255363
12:59:42.853,61.747855,12:59:42.853,44.711909,12:59:42.853,1.003832
12:59:42.854,61.089379,12:59:42.854,44.644373,12:59:42.854,0.719421
12:59:42.855,59.56982,12:59:42.855,44.830097,12:59:42.855,0.430736
12:59:42.856,57.577509,12:59:42.856,44.846981,12:59:42.856,0.160134
12:59:42.857,55.467011,12:59:42.857,45.100241,12:59:42.857,-0.050297
12:59:42.858,53.913684,12:59:42.858,45.741832,12:59:42.858,-0.119345
12:59:42.859,53.001948,12:59:42.859,46.602916,12:59:42.859,-0.142361
12:59:42.860,52.191517,12:59:42.860,47.345811,12:59:42.860,-0.153211
12:59:42.861,51.820069,12:59:42.861,48.206895,12:59:42.861,-0.153211
12:59:42.862,52.208401,12:59:42.862,49.051095,12:59:42.862,-0.147621
12:59:42.863,52.748688,12:59:42.863,49.152398,12:59:42.863,-0.134141
12:59:42.864,52.79934,12:59:42.864,48.578343,12:59:42.864,-0.121975
12:59:42.865,51.887605,12:59:42.865,48.341967,12:59:42.865,-0.105206
12:59:42.866,50.199206,12:59:42.866,48.105591,12:59:42.866,-0.083506
12:59:42.867,47.987403,12:59:42.867,47.717259,12:59:42.867,-0.06312
12:59:42.868,44.171621,12:59:42.868,47.430231,12:59:42.868,-0.043063
12:59:42.869,40.338955,12:59:42.869,47.379579,12:59:42.869,-0.024979
12:59:42.870,37.73882,12:59:42.870,47.278276,12:59:42.870,-0.009855
12:59:42.871,34.294486,12:59:42.871,47.143204,12:59:42.871,0.000996
12:59:42.872,31.863191,12:59:42.872,47.700375,12:59:42.872,0.000667
12:59:42.873,30.917687,12:59:42.873,48.747183,12:59:42.873,0.000667
12:59:42.874,29.718924,12:59:42.874,49.777106,12:59:42.874,0.000009
12:59:42.875,28.824072,12:59:42.875,49.895294,12:59:42.875,-0.000977
12:59:42.876,28.553928,12:59:42.876,49.591382,12:59:42.876,-0.000648
12:59:42.877,28.43574,12:59:42.877,49.895294,12:59:42.877,-0.001635
12:59:42.878,28.94226,12:59:42.878,50.452466,12:59:42.878,-0.001963
12:59:42.879,29.769576,12:59:42.879,50.857682,12:59:42.879,-0.003279
12:59:42.880,30.03972,12:59:42.880,50.739494,12:59:42.880,-0.00295
12:59:42.881,30.867035,12:59:42.881,50.72261,12:59:42.881,-0.001963
12:59:42.882,31.154063,12:59:42.882,50.570654,12:59:42.882,-0.001635
12:59:42.883,31.154063,12:59:42.883,50.165438,12:59:42.883,-0.001635
12:59:42.884,30.917687,12:59:42.884,49.422542,12:59:42.884,-0.000648
12:59:42.885,29.938416,12:59:42.885,49.017327,12:59:42.885,-0.000648
12:59:42.886,28.216248,12:59:42.886,48.848487,12:59:42.886,-0.000319
12:59:42.887,26.561617,12:59:42.887,48.916023,12:59:42.887,-0.000648
12:59:42.888,24.282278,12:59:42.888,48.966675,12:59:42.888,0.000667
12:59:42.889,21.699027,12:59:42.889,49.20305,12:59:42.889,-0.000648
12:59:42.890,19.200196,12:59:42.890,49.62515,12:59:42.890,-0.000648
12:59:42.891,17.207884,12:59:42.891,49.912178,12:59:42.891,-0.001963
12:59:42.892,15.553253,12:59:42.892,49.777106,12:59:42.892,-0.001963
12:59:42.893,14.270069,12:59:42.893,49.608266,12:59:42.893,-0.001635
12:59:42.894,13.763549,12:59:42.894,49.760222,12:59:42.894,-0.002621
12:59:42.895,14.033693,12:59:42.895,49.895294,12:59:42.895,-0.003607
12:59:42.896,14.489561,12:59:42.896,49.929062,12:59:42.896,-0.003279
12:59:42.897,15.164921,12:59:42.897,49.726454,12:59:42.897,-0.003936
12:59:42.898,15.789629,12:59:42.898,49.62515,12:59:42.898,-0.003936
12:59:42.899,16.346801,12:59:42.899,49.574498,12:59:42.899,-0.002292
12:59:42.900,16.701365,12:59:42.900,49.37189,12:59:42.900,-0.002621
12:59:42.901,17.072812,12:59:42.901,49.169282,12:59:42.901,-0.001306
12:59:42.902,17.44426,12:59:42.902,49.20305,12:59:42.902,0.000667
12:59:42.903,17.427376,12:59:42.903,49.574498,12:59:42.903,0.001325
12:59:42.904,17.393608,12:59:42.904,49.827758,12:59:42.904,0.001653
12:59:42.905,17.27542,12:59:42.905,50.21609,12:59:42.905,0.001982
12:59:42.906,17.089696,12:59:42.906,50.536886,12:59:42.906,0.002969
12:59:42.907,16.7689,12:59:42.907,50.89145,12:59:42.907,0.000996
12:59:42.908,16.431221,12:59:42.908,50.790146,12:59:42.908,0.001653
12:59:42.909,16.262381,12:59:42.909,50.30051,12:59:42.909,0.001653
12:59:42.910,16.194845,12:59:42.910,49.79399,12:59:42.910,0.002311
12:59:42.911,16.296149,12:59:42.911,49.422542,12:59:42.911,0.001325
12:59:42.912,16.296149,12:59:42.912,48.747183,12:59:42.912,0.001325
12:59:42.913,15.738977,12:59:42.913,48.274431,12:59:42.913,0.002311
12:59:42.914,13.037538,12:59:42.914,47.869215,12:59:42.914,-0.000648
12:59:42.915,8.090527,12:59:42.915,47.869215,12:59:42.915,0.002311
12:59:42.916,3.227936,12:59:42.916,47.700375,12:59:42.916,0.000996
12:59:42.917,-0.874875,12:59:42.917,47.852331,12:59:42.917,0.001653
12:59:42.918,-3.086678,12:59:42.918,48.206895,12:59:42.918,0.001325
12:59:42.919,-3.356822,12:59:42.919,48.865371,12:59:42.919,0.002311
12:59:42.920,-3.407474,12:59:42.920,49.355006,12:59:42.920,0.001325
12:59:42.921,-3.424358,12:59:42.921,49.810874,12:59:42.921,0.001653
12:59:42.922,-3.424358,12:59:42.922,50.486234,12:59:42.922,0.001982
12:59:42.923,-3.424358,12:59:42.923,51.009637,12:59:42.923,0.001982
12:59:42.924,-3.39059,12:59:42.924,51.296665,12:59:42.924,0.002311
12:59:42.925,-3.407474,12:59:42.925,51.110941,12:59:42.925,0.001653
12:59:42.926,-3.424358,12:59:42.926,50.72261,12:59:42.926,0.001982
12:59:42.927,-3.407474,12:59:42.927,50.283626,12:59:42.927,0.002311
12:59:42.928,-3.39059,12:59:42.928,49.62515,12:59:42.928,0.001653
12:59:42.929,-3.39059,12:59:42.929,48.747183,12:59:42.929,0.002969
12:59:42.930,-3.255518,12:59:42.930,47.987403,12:59:42.930,0.002311
12:59:42.931,-2.495738,12:59:42.931,47.480883,12:59:42.931,0.001982
12:59:42.932,0.053745,12:59:42.932,47.0419,12:59:42.932,0.001982
12:59:42.933,3.565616,12:59:42.933,46.687336,12:59:42.933,0.002311
12:59:42.934,7.229443,12:59:42.934,46.6198,12:59:42.934,0.002969
12:59:42.935,10.623126,12:59:42.935,46.95748,12:59:42.935,0.002969
12:59:42.936,13.881737,12:59:42.936,47.244508,12:59:42.936,0.002969
12:59:42.937,16.752017,12:59:42.937,47.599071,12:59:42.937,0.001982
12:59:42.938,19.200196,12:59:42.938,48.173127,12:59:42.938,0.002311
12:59:42.939,21.276927,12:59:42.939,48.713415,12:59:42.939,0.003626
12:59:42.940,22.509459,12:59:42.940,49.017327,12:59:42.940,0.002969
12:59:42.941,23.184818,12:59:42.941,48.932907,12:59:42.941,0.002969
12:59:42.942,23.31989,12:59:42.942,48.949791,12:59:42.942,0.003626
12:59:42.943,22.999094,12:59:42.943,48.983559,12:59:42.943,0.001982
12:59:42.944,22.138011,12:59:42.944,48.477039,12:59:42.944,0.001982
12:59:42.945,20.719755,12:59:42.945,47.902983,12:59:42.945,0.002311
12:59:42.946,18.862516,12:59:42.946,47.548419,12:59:42.946,0.001982
12:59:42.947,16.718249,12:59:42.947,47.12632,12:59:42.947,0.00264
12:59:42.948,14.337605,12:59:42.948,46.670452,12:59:42.948,0.002311
12:59:42.949,11.585514,12:59:42.949,46.130164,12:59:42.949,0.003297
12:59:42.950,8.613931,12:59:42.950,45.927556,12:59:42.950,0.00264
12:59:42.951,5.693,12:59:42.951,45.876904,12:59:42.951,0.001982
12:59:42.952,2.890256,12:59:42.952,45.94444,12:59:42.952,0.001982
12:59:42.953,0.492729,12:59:42.953,45.995092,12:59:42.953,0.001982
12:59:42.954,-1.381395,12:59:42.954,46.1977,12:59:42.954,0.001653
12:59:42.955,-2.613926,12:59:42.955,46.569148,12:59:42.955,0.001653
12:59:42.956,-3.120446,12:59:42.956,46.721104,12:59:42.956,0.004284
12:59:42.957,-3.272402,12:59:42.957,46.839292,12:59:42.957,0.001325
12:59:42.958,-3.30617,12:59:42.958,46.856176,12:59:42.958,0.001653
12:59:42.959,-3.323054,12:59:42.959,46.839292,12:59:42.959,0.003297
12:59:42.960,-3.339938,12:59:42.960,46.653568,12:59:42.960,0.002311
12:59:42.961,-3.339938,12:59:42.961,46.417192,12:59:42.961,0.002311
12:59:42.962,-3.272402,12:59:42.962,46.079512,12:59:42.962,0.00264
12:59:42.963,-3.154214,12:59:42.963,45.792484,12:59:42.963,0.00264
12:59:42.964,-2.816534,12:59:42.964,45.471688,12:59:42.964,0.002969
12:59:42.965,-1.95545,12:59:42.965,45.049589,12:59:42.965,0.002311
12:59:42.966,-0.655383,12:59:42.966,44.762561,12:59:42.966,0.00264
12:59:42.967,0.914829,12:59:42.967,44.627489,12:59:42.967,0.002969
12:59:42.968,2.805836,12:59:42.968,44.593721,12:59:42.968,0.002969
12:59:42.969,4.646192,12:59:42.969,44.526185,12:59:42.969,0.002969
12:59:42.970,6.5372,12:59:42.970,44.695025,12:59:42.970,0.004941
12:59:42.971,8.158063,12:59:42.971,44.880749,12:59:42.971,0.00264
12:59:42.972,8.951611,12:59:42.972,45.066473,12:59:42.972,0.002311
12:59:42.973,10.488054,12:59:42.973,45.032705,12:59:42.973,0.003626
12:59:42.974,11.90631,12:59:42.974,45.032705,12:59:42.974,0.003297
12:59:42.975,12.024498,12:59:42.975,45.150893,12:59:42.975,0.002311
12:59:42.976,12.531018,12:59:42.976,45.100241,12:59:42.976,0.00264
12:59:42.977,12.801162,12:59:42.977,44.846981,12:59:42.977,0.002969
12:59:42.978,12.514134,12:59:42.978,44.762561,12:59:42.978,0.002969
12:59:42.979,12.311526,12:59:42.979,44.695025,12:59:42.979,0.003955
12:59:42.980,11.501094,12:59:42.980,44.475533,12:59:42.980,0.001325
12:59:42.981,10.133491,12:59:42.981,44.070317,12:59:42.981,0.001982
12:59:42.982,8.867191,12:59:42.982,43.901477,12:59:42.982,0.001982
12:59:42.983,7.550239,12:59:42.983,43.867709,12:59:42.983,0.001325
12:59:42.984,6.233288,12:59:42.984,43.884593,12:59:42.984,0.000996
12:59:42.985,5.10206,12:59:42.985,43.732637,12:59:42.985,0.003626
12:59:42.986,3.717572,12:59:42.986,43.817057,12:59:42.986,0.00264
12:59:42.987,2.518809,12:59:42.987,43.969013,12:59:42.987,0.003297
12:59:42.988,1.573305,12:59:42.988,44.205389,12:59:42.988,0.002311
12:59:42.989,0.475845,12:59:42.989,44.036549,12:59:42.989,0.00264
12:59:42.990,-0.334587,12:59:42.990,44.289809,12:59:42.990,0.002969
12:59:42.991,-0.807339,12:59:42.991,44.289809,12:59:42.991,0.00264
12:59:42.992,-0.993063,12:59:42.992,44.374229,12:59:42.992,0.001653
12:59:42.993,-1.026831,12:59:42.993,44.306693,12:59:42.993,0.002969
12:59:42.994,-1.026831,12:59:42.994,44.188505,12:59:42.994,0.00264
12:59:42.995,-1.026831,12:59:42.995,44.137853,12:59:42.995,0.002311
12:59:42.996,-0.959295,12:59:42.996,44.120969,12:59:42.996,0.002311
12:59:42.997,-0.706035,12:59:42.997,43.952129,12:59:42.997,0.003297
12:59:42.998,-0.317703,12:59:42.998,43.850825,12:59:42.998,0.002969
12:59:42.999,0.205701,12:59:42.999,43.901477,12:59:42.999,0.00264
12:59:43.000,0.897945,12:59:43.000,43.985897,12:59:43.000,0.003297
12:59:43.001,1.775913,12:59:43.001,43.901477,12:59:43.001,0.004284
12:59:43.002,2.721416,12:59:43.002,43.884593,12:59:43.002,0.00264
12:59:43.003,3.49808,12:59:43.003,43.969013,12:59:43.003,0.00264
12:59:43.004,4.122788,12:59:43.004,44.171621,12:59:43.004,0.002969
12:59:43.005,4.612424,12:59:43.005,44.104085,12:59:43.005,0.001982
12:59:43.006,4.983872,12:59:43.006,44.104085,12:59:43.006,0.002311
12:59:43.007,5.18648,12:59:43.007,44.137853,12:59:43.007,0.002311
12:59:43.008,5.490392,12:59:43.008,44.272925,12:59:43.008,0.003626
12:59:43.009,5.743652,12:59:43.009,44.036549,12:59:43.009,0.003626
12:59:43.010,5.828072,12:59:43.010,43.867709,12:59:43.010,0.002969
12:59:43.011,5.77742,12:59:43.011,43.952129,12:59:43.011,0.002311
12:59:43.012,5.659232,12:59:43.012,43.901477,12:59:43.012,0.002969
12:59:43.013,5.338436,12:59:43.013,43.665101,12:59:43.013,0.004284
12:59:43.014,4.983872,12:59:43.014,43.850825,12:59:43.014,0.001325
12:59:43.015,4.59554,12:59:43.015,43.766405,12:59:43.015,0.002969
12:59:43.016,4.207208,12:59:43.016,43.867709,12:59:43.016,0.002969
12:59:43.017,3.970832,12:59:43.017,43.867709,12:59:43.017,0.002311
12:59:43.018,3.565616,12:59:43.018,43.817057,12:59:43.018,0.00264
12:59:43.019,3.261704,12:59:43.019,44.070317,12:59:43.019,0.001325
12:59:43.020,2.924024,12:59:43.020,44.306693,12:59:43.020,0.003297
12:59:43.021,2.569461,12:59:43.021,44.272925,12:59:43.021,0.001653
12:59:43.022,2.181129,12:59:43.022,44.374229,12:59:43.022,0.003626
12:59:43.023,1.708377,12:59:43.023,44.424881,12:59:43.023,0.002969
12:59:43.024,1.421349,12:59:43.024,44.458649,12:59:43.024,0.004941
12:59:43.025,1.184973,12:59:43.025,44.391113,12:59:43.025,0.003626
12:59:43.026,1.066785,12:59:43.026,44.357345,12:59:43.026,0.002969
12:59:43.027,0.965481,12:59:43.027,44.272925,12:59:43.027,0.003297
12:59:43.028,1.066785,12:59:43.028,44.222273,12:59:43.028,0.004284
12:59:43.029,1.066785,12:59:43.029,44.154737,12:59:43.029,0.002311
12:59:43.030,1.303161,12:59:43.030,44.087201,12:59:43.030,0.003297
12:59:43.031,1.421349,12:59:43.031,44.104085,12:59:43.031,0.001982
12:59:43.032,1.607073,12:59:43.032,44.154737,12:59:43.032,0.00264
12:59:43.033,1.927869,12:59:43.033,44.137853,12:59:43.033,0.00264
12:59:43.034,2.214897,12:59:43.034,44.171621,12:59:43.034,0.00264
12:59:43.035,2.603229,12:59:43.035,44.323577,12:59:43.035,0.002969
12:59:43.036,2.940908,12:59:43.036,44.543069,12:59:43.036,0.003297
12:59:43.037,3.312356,12:59:43.037,44.559953,12:59:43.037,0.001325
12:59:43.038,3.717572,12:59:43.038,44.627489,12:59:43.038,0.00264
12:59:43.039,4.055252,12:59:43.039,44.779445,12:59:43.039,0.001982
12:59:43.040,4.308512,12:59:43.040,44.897633,12:59:43.040,0.003626
12:59:43.041,4.561772,12:59:43.041,44.998937,12:59:43.041,0.002311
12:59:43.042,4.730612,12:59:43.042,44.830097,12:59:43.042,0.001653
12:59:43.043,4.798148,12:59:43.043,44.762561,12:59:43.043,0.003297
12:59:43.044,4.916336,12:59:43.044,44.813213,12:59:43.044,0.00264
12:59:43.045,4.93322,12:59:43.045,44.610605,12:59:43.045,0.00264
12:59:43.046,4.8488,12:59:43.046,44.559953,12:59:43.046,0.004284
12:59:43.047,4.815032,12:59:43.047,44.424881,12:59:43.047,0.001982
12:59:43.048,4.67996,12:59:43.048,44.458649,12:59:43.048,0.002969
12:59:43.049,4.578656,12:59:43.049,44.289809,12:59:43.049,0.003297
12:59:43.050,4.34228,12:59:43.050,44.323577,12:59:43.050,0.001325
12:59:43.051,4.08902,12:59:43.051,44.154737,12:59:43.051,0.002969
12:59:43.052,3.801992,12:59:43.052,44.441765,12:59:43.052,0.00264
12:59:43.053,3.650036,12:59:43.053,44.323577,12:59:43.053,0.003955
12:59:43.054,3.447428,12:59:43.054,44.391113,12:59:43.054,0.003626
12:59:43.055,3.278588,12:59:43.055,44.509301,12:59:43.055,0.003626
12:59:43.056,3.092864,12:59:43.056,44.695025,12:59:43.056,0.00264
12:59:43.057,2.805836,12:59:43.057,44.762561,12:59:43.057,0.002311
12:59:43.058,2.704532,12:59:43.058,44.779445,12:59:43.058,0.003297
12:59:43.059,2.518809,12:59:43.059,44.711909,12:59:43.059,0.00264
12:59:43.060,2.265549,12:59:43.060,44.880749,12:59:43.060,0.002969
12:59:43.061,2.214897,12:59:43.061,44.813213,12:59:43.061,0.00264
12:59:43.062,2.181129,12:59:43.062,44.914517,12:59:43.062,0.001982
12:59:43.063,2.231781,12:59:43.063,44.745677,12:59:43.063,0.002969
12:59:43.064,2.164245,12:59:43.064,44.914517,12:59:43.064,0.00264
12:59:43.065,2.248665,12:59:43.065,44.728793,12:59:43.065,0.002969
12:59:43.066,2.400621,12:59:43.066,44.695025,12:59:43.066,0.002969
12:59:43.067,2.451273,12:59:43.067,44.678141,12:59:43.067,0.003626
12:59:43.068,2.518809,12:59:43.068,44.678141,12:59:43.068,0.001982
12:59:43.069,2.670765,12:59:43.069,44.593721,12:59:43.069,0.00264
12:59:43.070,2.839604,12:59:43.070,44.475533,12:59:43.070,0.002969
12:59:43.071,3.042212,12:59:43.071,44.509301,12:59:43.071,0.00264
12:59:43.072,3.227936,12:59:43.072,44.627489,12:59:43.072,0.002969
12:59:43.073,3.396776,12:59:43.073,44.509301,12:59:43.073,0.003297
12:59:43.074,3.66692,12:59:43.074,44.458649,12:59:43.074,0.00264
12:59:43.075,3.886412,12:59:43.075,44.475533,12:59:43.075,0.002969
12:59:43.076,4.038368,12:59:43.076,44.492417,12:59:43.076,0.00264
12:59:43.077,4.240976,12:59:43.077,44.458649,12:59:43.077,0.001325
12:59:43.078,4.409816,12:59:43.078,44.407997,12:59:43.078,0.001653
12:59:43.079,4.612424,12:59:43.079,44.374229,12:59:43.079,0.00264
12:59:43.080,4.612424,12:59:43.080,44.492417,12:59:43.080,0.002969
12:59:43.081,4.713728,12:59:43.081,44.458649,12:59:43.081,0.00264
12:59:43.082,4.730612,12:59:43.082,44.441765,12:59:43.082,0.00264
12:59:43.083,4.67996,12:59:43.083,44.340461,12:59:43.083,0.001982
12:59:43.084,4.629308,12:59:43.084,44.492417,12:59:43.084,0.002969
12:59:43.085,4.561772,12:59:43.085,44.424881,12:59:43.085,0.002969
12:59:43.086,4.477352,12:59:43.086,44.256041,12:59:43.086,0.00264
12:59:43.087,4.4267,12:59:43.087,44.323577,12:59:43.087,0.001982
12:59:43.088,4.25786,12:59:43.088,44.340461,12:59:43.088,0.003297
12:59:43.089,4.139672,12:59:43.089,44.256041,12:59:43.089,0.001653
12:59:43.090,4.0046,12:59:43.090,44.087201,12:59:43.090,0.003297
12:59:43.091,3.83576,12:59:43.091,44.070317,12:59:43.091,0.00264
12:59:43.092,3.734456,12:59:43.092,44.087201,12:59:43.092,0.003955
12:59:43.093,3.514964,12:59:43.093,43.935245,12:59:43.093,0.00264
12:59:43.094,3.49808,12:59:43.094,43.952129,12:59:43.094,0.003626
12:59:43.095,3.396776,12:59:43.095,43.884593,12:59:43.095,0.002311
12:59:43.096,3.194168,12:59:43.096,43.867709,12:59:43.096,0.004941
12:59:43.097,3.1604,12:59:43.097,43.817057,12:59:43.097,0.002969
12:59:43.098,3.025328,12:59:43.098,43.833941,12:59:43.098,0.003626
12:59:43.099,2.957792,12:59:43.099,43.901477,12:59:43.099,0.002969
12:59:43.100,2.940908,12:59:43.100,43.935245,12:59:43.100,0.00264
12:59:43.101,2.924024,12:59:43.101,44.019665,12:59:43.101,0.003626
12:59:43.102,2.957792,12:59:43.102,43.969013,12:59:43.102,0.002311
12:59:43.103,2.957792,12:59:43.103,43.850825,12:59:43.103,0.003297
12:59:43.104,2.873372,12:59:43.104,43.952129,12:59:43.104,0.003626
12:59:43.105,2.772068,12:59:43.105,43.985897,12:59:43.105,0.003297
12:59:43.106,2.805836,12:59:43.106,43.800173,12:59:43.106,0.001982
12:59:43.107,2.890256,12:59:43.107,43.715753,12:59:43.107,0.00264
12:59:43.108,3.042212,12:59:43.108,43.817057,12:59:43.108,0.00264
12:59:43.109,3.109748,12:59:43.109,43.817057,12:59:43.109,0.00264
12:59:43.110,3.126632,12:59:43.110,43.614449,12:59:43.110,0.001982
12:59:43.111,3.109748,12:59:43.111,43.479378,12:59:43.111,0.001653
12:59:43.112,3.227936,12:59:43.112,43.513146,12:59:43.112,0.004941
12:59:43.113,3.379892,12:59:43.113,43.462494,12:59:43.113,0.001653
12:59:43.114,3.49808,12:59:43.114,43.293654,12:59:43.114,0.001982
12:59:43.115,3.548732,12:59:43.115,43.293654,12:59:43.115,0.002969
12:59:43.116,3.514964,12:59:43.116,43.462494,12:59:43.116,0.002969
12:59:43.117,3.650036,12:59:43.117,43.513146,12:59:43.117,0.003626
12:59:43.118,3.734456,12:59:43.118,43.53003,12:59:43.118,0.001653
12:59:43.119,3.818876,12:59:43.119,43.479378,12:59:43.119,0.002969
12:59:43.120,3.700688,12:59:43.120,43.496262,12:59:43.120,0.003297
12:59:43.121,3.66692,12:59:43.121,43.428726,12:59:43.121,0.002311
12:59:43.122,3.734456,12:59:43.122,43.209234,12:59:43.122,0.003297
12:59:43.123,3.700688,12:59:43.123,43.27677,12:59:43.123,0.002969
12:59:43.124,3.633152,12:59:43.124,43.36119,12:59:43.124,0.003626
12:59:43.125,3.548732,12:59:43.125,43.411842,12:59:43.125,0.001653
12:59:43.126,3.565616,12:59:43.126,43.259886,12:59:43.126,0.003626
12:59:43.127,3.531848,12:59:43.127,43.175466,12:59:43.127,0.003626
12:59:43.128,3.430544,12:59:43.128,43.293654,12:59:43.128,0.003297
12:59:43.129,3.227936,12:59:43.129,43.209234,12:59:43.129,0.00264
12:59:43.130,3.194168,12:59:43.130,43.141698,12:59:43.130,0.001653
12:59:43.131,3.126632,12:59:43.131,43.074162,12:59:43.131,0.00264
12:59:43.132,3.025328,12:59:43.132,43.209234,12:59:43.132,0.002969
12:59:43.133,2.856488,12:59:43.133,43.310538,12:59:43.133,0.002311
12:59:43.134,2.873372,12:59:43.134,43.10793,12:59:43.134,0.002311
12:59:43.135,2.839604,12:59:43.135,43.209234,12:59:43.135,0.001982
12:59:43.136,2.704532,12:59:43.136,43.259886,12:59:43.136,0.004612
12:59:43.137,2.586345,12:59:43.137,43.243002,12:59:43.137,0.002969
12:59:43.138,2.501925,12:59:43.138,43.124814,12:59:43.138,0.003626
12:59:43.139,2.451273,12:59:43.139,43.040394,12:59:43.139,0.001982
12:59:43.140,2.349969,12:59:43.140,43.074162,12:59:43.140,0.003297
12:59:43.141,2.282433,12:59:43.141,42.93909,12:59:43.141,0.00264
12:59:43.142,2.349969,12:59:43.142,42.787134,12:59:43.142,0.001982
12:59:43.143,2.248665,12:59:43.143,42.804018,12:59:43.143,0.001653
12:59:43.144,2.248665,12:59:43.144,42.85467,12:59:43.144,0.003297
12:59:43.145,2.248665,12:59:43.145,42.871554,12:59:43.145,0.003626
12:59:43.146,2.231781,12:59:43.146,42.68583,12:59:43.146,0.00264
12:59:43.147,2.198013,12:59:43.147,42.68583,12:59:43.147,0.001982
12:59:43.148,2.231781,12:59:43.148,42.68583,12:59:43.148,0.002311
12:59:43.149,2.299317,12:59:43.149,42.668946,12:59:43.149,0.002969
12:59:43.150,2.400621,12:59:43.150,42.652062,12:59:43.150,0.002969
12:59:43.151,2.383737,12:59:43.151,42.60141,12:59:43.151,0.00264
12:59:43.152,2.518809,12:59:43.152,42.68583,12:59:43.152,0.003297
12:59:43.153,2.653881,12:59:43.153,42.702714,12:59:43.153,0.001325
12:59:43.154,2.704532,12:59:43.154,42.635178,12:59:43.154,0.003626
12:59:43.155,2.704532,12:59:43.155,42.60141,12:59:43.155,0.002311
12:59:43.156,2.839604,12:59:43.156,42.668946,12:59:43.156,0.003626
12:59:43.157,2.805836,12:59:43.157,42.702714,12:59:43.157,0.002969
12:59:43.158,2.890256,12:59:43.158,42.533874,12:59:43.158,0.00264
12:59:43.159,2.924024,12:59:43.159,42.584526,12:59:43.159,0.002969
12:59:43.160,2.90714,12:59:43.160,42.550758,12:59:43.160,0.002969
12:59:43.161,2.856488,12:59:43.161,42.60141,12:59:43.161,0.002311
12:59:43.162,2.856488,12:59:43.162,42.449454,12:59:43.162,0.00264
12:59:43.163,2.82272,12:59:43.163,42.381918,12:59:43.163,0.003626
12:59:43.164,2.687649,12:59:43.164,42.365034,12:59:43.164,0.004612
12:59:43.165,2.653881,12:59:43.165,42.449454,12:59:43.165,0.002311
12:59:43.166,2.552577,12:59:43.166,42.331266,12:59:43.166,0.002969
12:59:43.167,2.400621,12:59:43.167,42.331266,12:59:43.167,0.002969
12:59:43.168,2.299317,12:59:43.168,42.297498,12:59:43.168,0.003626
12:59:43.169,2.181129,12:59:43.169,42.297498,12:59:43.169,0.002311
12:59:43.170,2.096709,12:59:43.170,42.365034,12:59:43.170,0.002311
12:59:43.171,1.995405,12:59:43.171,42.26373,12:59:43.171,0.001982
12:59:43.172,1.826565,12:59:43.172,42.297498,12:59:43.172,0.002969
12:59:43.173,1.792797,12:59:43.173,42.449454,12:59:43.173,0.001982
12:59:43.174,1.640841,12:59:43.174,42.34815,12:59:43.174,0.00264
12:59:43.175,1.607073,12:59:43.175,42.34815,12:59:43.175,0.00264
12:59:43.176,1.522653,12:59:43.176,42.314382,12:59:43.176,0.002311
12:59:43.177,1.539537,12:59:43.177,42.365034,12:59:43.177,0.00264
12:59:43.178,1.539537,12:59:43.178,42.297498,12:59:43.178,0.00264
12:59:43.179,1.556421,12:59:43.179,42.17931,12:59:43.179,0.001982
12:59:43.180,1.590189,12:59:43.180,42.162426,12:59:43.180,0.00264
12:59:43.181,1.590189,12:59:43.181,42.280614,12:59:43.181,0.002969
12:59:43.182,1.674609,12:59:43.182,42.17931,12:59:43.182,0.002969
12:59:43.183,1.742145,12:59:43.183,42.145542,12:59:43.183,0.001982
12:59:43.184,1.742145,12:59:43.184,42.145542,12:59:43.184,0.002969
12:59:43.185,1.843449,12:59:43.185,42.17931,12:59:43.185,0.003297
12:59:43.186,1.978521,12:59:43.186,42.09489,12:59:43.186,0.00264
12:59:43.187,1.995405,12:59:43.187,42.061122,12:59:43.187,0.003626
12:59:43.188,2.164245,12:59:43.188,42.09489,12:59:43.188,0.002969
12:59:43.189,2.214897,12:59:43.189,42.196194,12:59:43.189,0.003297
12:59:43.190,2.316201,12:59:43.190,42.01047,12:59:43.190,0.002969
12:59:43.191,2.400621,12:59:43.191,42.027354,12:59:43.191,0.003297
12:59:43.192,2.400621,12:59:43.192,41.993586,12:59:43.192,0.004284
12:59:43.193,2.434389,12:59:43.193,42.213078,12:59:43.193,0.002969
12:59:43.194,2.485041,12:59:43.194,42.01047,12:59:43.194,0.002969
12:59:43.195,2.535693,12:59:43.195,42.027354,12:59:43.195,0.002969
12:59:43.196,2.468157,12:59:43.196,42.128658,12:59:43.196,0.003297
12:59:43.197,2.383737,12:59:43.197,42.162426,12:59:43.197,0.002311
12:59:43.198,2.400621,12:59:43.198,42.128658,12:59:43.198,0.003955
12:59:43.199,2.400621,12:59:43.199,42.111774,12:59:43.199,0.001982
12:59:43.200,2.349969,12:59:43.200,41.993586,12:59:43.200,0.002311
12:59:43.201,2.248665,12:59:43.201,42.196194,12:59:43.201,0.003626
12:59:43.202,2.113593,12:59:43.202,42.078006,12:59:43.202,0.003297
12:59:43.203,2.046057,12:59:43.203,42.027354,12:59:43.203,0.00264
12:59:43.204,1.961637,12:59:43.204,41.92605,12:59:43.204,0.00264
12:59:43.205,1.894101,12:59:43.205,42.061122,12:59:43.205,0.003626
12:59:43.206,1.809681,12:59:43.206,41.942934,12:59:43.206,0.001982
12:59:43.207,1.792797,12:59:43.207,41.993586,12:59:43.207,0.001325
12:59:43.208,1.657725,12:59:43.208,41.942934,12:59:43.208,0.004284
12:59:43.209,1.623957,12:59:43.209,42.01047,12:59:43.209,0.003955
12:59:43.210,1.674609,12:59:43.210,42.01047,12:59:43.210,0.00264
12:59:43.211,1.640841,12:59:43.211,41.92605,12:59:43.211,0.002311
12:59:43.212,1.623957,12:59:43.212,41.875398,12:59:43.212,0.001982
12:59:43.213,1.505769,12:59:43.213,42.01047,12:59:43.213,0.003297
12:59:43.214,1.640841,12:59:43.214,41.942934,12:59:43.214,0.003955
12:59:43.215,1.657725,12:59:43.215,41.909166,12:59:43.215,0.00264
12:59:43.216,1.708377,12:59:43.216,41.942934,12:59:43.216,0.003626
12:59:43.217,1.775913,12:59:43.217,41.959818,12:59:43.217,0.00264
12:59:43.218,1.775913,12:59:43.218,41.892282,12:59:43.218,0.00264
12:59:43.219,1.944753,12:59:43.219,41.909166,12:59:43.219,0.002311
12:59:43.220,2.029173,12:59:43.220,41.858514,12:59:43.220,0.003297
12:59:43.221,2.079825,12:59:43.221,41.92605,12:59:43.221,0.001653
12:59:43.222,2.181129,12:59:43.222,41.858514,12:59:43.222,0.004284
12:59:43.223,2.282433,12:59:43.223,41.824746,12:59:43.223,0.001982
12:59:43.224,2.349969,12:59:43.224,41.858514,12:59:43.224,0.00264
12:59:43.225,2.468157,12:59:43.225,41.942934,12:59:43.225,0.00264
12:59:43.226,2.468157,12:59:43.226,41.858514,12:59:43.226,0.002969
12:59:43.227,2.535693,12:59:43.227,41.84163,12:59:43.227,0.001653
12:59:43.228,2.603229,12:59:43.228,41.84163,12:59:43.228,0.003297
12:59:43.229,2.518809,12:59:43.229,41.824746,12:59:43.229,0.00264
12:59:43.230,2.569461,12:59:43.230,41.92605,12:59:43.230,0.002969
12:59:43.231,2.569461,12:59:43.231,41.740326,12:59:43.231,0.002969
12:59:43.232,2.535693,12:59:43.232,41.774094,12:59:43.232,0.002311
12:59:43.233,2.518809,12:59:43.233,41.92605,12:59:43.233,0.003297
12:59:43.234,2.383737,12:59:43.234,41.875398,12:59:43.234,0.002969
12:59:43.235,2.366853,12:59:43.235,41.875398,12:59:43.235,0.001325
12:59:43.236,2.299317,12:59:43.236,41.807862,12:59:43.236,0.000996
12:59:43.237,2.316201,12:59:43.237,41.909166,12:59:43.237,0.00264
12:59:43.238,2.181129,12:59:43.238,41.942934,12:59:43.238,0.004612
12:59:43.239,2.079825,12:59:43.239,41.892282,12:59:43.239,0.003297
12:59:43.240,2.113593,12:59:43.240,41.774094,12:59:43.240,0.003297
12:59:43.241,2.062941,12:59:43.241,41.942934,12:59:43.241,0.002969
12:59:43.242,2.012289,12:59:43.242,41.875398,12:59:43.242,0.003297
12:59:43.243,1.910985,12:59:43.243,41.909166,12:59:43.243,0.00264
12:59:43.244,1.877217,12:59:43.244,41.824746,12:59:43.244,0.003297
12:59:43.245,1.927869,12:59:43.245,41.875398,12:59:43.245,0.00264
12:59:43.246,1.995405,12:59:43.246,41.858514,12:59:43.246,0.00264
12:59:43.247,2.012289,12:59:43.247,41.807862,12:59:43.247,0.001982
12:59:43.248,2.029173,12:59:43.248,41.807862,12:59:43.248,0.004612
12:59:43.249,2.012289,12:59:43.249,41.790978,12:59:43.249,0.004941
12:59:43.250,2.029173,12:59:43.250,41.774094,12:59:43.250,0.003297
12:59:43.251,2.062941,12:59:43.251,41.639022,12:59:43.251,0.002311
12:59:43.252,2.113593,12:59:43.252,41.67279,12:59:43.252,0.003626
12:59:43.253,2.231781,12:59:43.253,41.75721,12:59:43.253,0.004284
12:59:43.254,2.181129,12:59:43.254,41.740326,12:59:43.254,0.003626
12:59:43.255,2.383737,12:59:43.255,41.58837,12:59:43.255,0.00264
12:59:43.256,2.434389,12:59:43.256,41.639022,12:59:43.256,0.00264
12:59:43.257,2.485041,12:59:43.257,41.655906,12:59:43.257,0.001982
12:59:43.258,2.552577,12:59:43.258,41.807862,12:59:43.258,0.00264
12:59:43.259,2.670765,12:59:43.259,41.58837,12:59:43.259,0.00264
12:59:43.260,2.687649,12:59:43.260,41.639022,12:59:43.260,0.002311
12:59:43.261,2.636997,12:59:43.261,41.723442,12:59:43.261,0.003297
12:59:43.262,2.653881,12:59:43.262,41.723442,12:59:43.262,0.003297
12:59:43.263,2.7383,12:59:43.263,41.58837,12:59:43.263,0.002311
12:59:43.264,2.687649,12:59:43.264,41.655906,12:59:43.264,0.001982
12:59:43.265,2.586345,12:59:43.265,41.639022,12:59:43.265,0.001653
12:59:43.266,2.586345,12:59:43.266,41.67279,12:59:43.266,0.002969
12:59:43.267,2.535693,12:59:43.267,41.58837,12:59:43.267,0.003297
12:59:43.268,2.586345,12:59:43.268,41.58837,12:59:43.268,0.002969
12:59:43.269,2.417505,12:59:43.269,41.605254,12:59:43.269,0.001982
12:59:43.270,2.349969,12:59:43.270,41.537719,12:59:43.270,0.001653
12:59:43.271,2.333085,12:59:43.271,41.402647,12:59:43.271,0.003297
12:59:43.272,2.198013,12:59:43.272,41.436415,12:59:43.272,0.001325
12:59:43.273,2.147361,12:59:43.273,41.520835,12:59:43.273,0.002969
12:59:43.274,2.046057,12:59:43.274,41.537719,12:59:43.274,0.003626
12:59:43.275,2.046057,12:59:43.275,41.402647,12:59:43.275,0.001653
12:59:43.276,1.961637,12:59:43.276,41.402647,12:59:43.276,0.003297
12:59:43.277,1.944753,12:59:43.277,41.487067,12:59:43.277,0.002969
12:59:43.278,1.894101,12:59:43.278,41.487067,12:59:43.278,0.002311
12:59:43.279,1.877217,12:59:43.279,41.402647,12:59:43.279,0.003955
12:59:43.280,1.860333,12:59:43.280,41.368879,12:59:43.280,0.002969
12:59:43.281,1.826565,12:59:43.281,41.436415,12:59:43.281,0.00264
12:59:43.282,1.843449,12:59:43.282,41.419531,12:59:43.282,0.003955
12:59:43.283,1.894101,12:59:43.283,41.368879,12:59:43.283,0.002311
12:59:43.284,1.877217,12:59:43.284,41.233807,12:59:43.284,0.003297
12:59:43.285,1.910985,12:59:43.285,41.284459,12:59:43.285,0.003297
12:59:43.286,1.910985,12:59:43.286,41.301343,12:59:43.286,0.001325
12:59:43.287,1.927869,12:59:43.287,41.250691,12:59:43.287,0.003626
12:59:43.288,2.012289,12:59:43.288,41.216923,12:59:43.288,0.003626
12:59:43.289,1.978521,12:59:43.289,41.183155,12:59:43.289,0.003297
12:59:43.290,1.995405,12:59:43.290,41.250691,12:59:43.290,0.002311
12:59:43.291,2.046057,12:59:43.291,41.064967,12:59:43.291,0.002311
12:59:43.292,2.147361,12:59:43.292,40.946779,12:59:43.292,0.002969
12:59:43.293,2.147361,12:59:43.293,41.115619,12:59:43.293,0.003626
12:59:43.294,2.147361,12:59:43.294,41.115619,12:59:43.294,0.001982
12:59:43.295,2.164245,12:59:43.295,40.946779,12:59:43.295,0.002969
12:59:43.296,2.164245,12:59:43.296,41.048083,12:59:43.296,0.002311
12:59:43.297,2.265549,12:59:43.297,40.980547,12:59:43.297,0.002311
12:59:43.298,2.248665,12:59:43.298,40.946779,12:59:43.298,0.002311
12:59:43.299,2.248665,12:59:43.299,40.963663,12:59:43.299,0.00264
12:59:43.300,2.214897,12:59:43.300,40.929895,12:59:43.300,0.002969
12:59:43.301,2.198013,12:59:43.301,41.014315,12:59:43.301,0.002311
12:59:43.302,2.181129,12:59:43.302,41.048083,12:59:43.302,0.002969
12:59:43.303,2.147361,12:59:43.303,40.896127,12:59:43.303,0.003626
12:59:43.304,2.113593,12:59:43.304,40.744171,12:59:43.304,0.002311
12:59:43.305,2.012289,12:59:43.305,40.913011,12:59:43.305,0.00264
12:59:43.306,1.944753,12:59:43.306,40.913011,12:59:43.306,0.001982
12:59:43.307,1.910985,12:59:43.307,40.913011,12:59:43.307,0.001653
12:59:43.308,1.877217,12:59:43.308,40.727287,12:59:43.308,0.002969
12:59:43.309,1.809681,12:59:43.309,40.676635,12:59:43.309,0.002311
12:59:43.310,1.742145,12:59:43.310,40.727287,12:59:43.310,0.00264
12:59:43.311,1.691493,12:59:43.311,40.727287,12:59:43.311,0.003626
12:59:43.312,1.657725,12:59:43.312,40.625983,12:59:43.312,0.001982
12:59:43.313,1.590189,12:59:43.313,40.592215,12:59:43.313,0.00264
12:59:43.314,1.472001,12:59:43.314,40.642867,12:59:43.314,0.002969
12:59:43.315,1.556421,12:59:43.315,40.659751,12:59:43.315,0.002311
12:59:43.316,1.488885,12:59:43.316,40.625983,12:59:43.316,0.003297
12:59:43.317,1.438233,12:59:43.317,40.558447,12:59:43.317,0.002969
12:59:43.318,1.505769,12:59:43.318,40.642867,12:59:43.318,0.003955
12:59:43.319,1.505769,12:59:43.319,40.524679,12:59:43.319,0.003297
12:59:43.320,1.505769,12:59:43.320,40.575331,12:59:43.320,0.00264
12:59:43.321,1.472001,12:59:43.321,40.541563,12:59:43.321,0.003297
12:59:43.322,1.522653,12:59:43.322,40.575331,12:59:43.322,0.002969
12:59:43.323,1.556421,12:59:43.323,40.457143,12:59:43.323,0.003626
12:59:43.324,1.573305,12:59:43.324,40.457143,12:59:43.324,0.00264
12:59:43.325,1.607073,12:59:43.325,40.474027,12:59:43.325,0.003297
12:59:43.326,1.607073,12:59:43.326,40.575331,12:59:43.326,0.003297
12:59:43.327,1.573305,12:59:43.327,40.406491,12:59:43.327,0.002969
12:59:43.328,1.657725,12:59:43.328,40.389607,12:59:43.328,0.00264
12:59:43.329,1.607073,12:59:43.329,40.423375,12:59:43.329,0.003626
12:59:43.330,1.623957,12:59:43.330,40.372723,12:59:43.330,0.003297
12:59:43.331,1.623957,12:59:43.331,40.254535,12:59:43.331,0.00264
12:59:43.332,1.640841,12:59:43.332,40.271419,12:59:43.332,0.002969
12:59:43.333,1.539537,12:59:43.333,40.288303,12:59:43.333,0.003955
12:59:43.334,1.590189,12:59:43.334,40.406491,12:59:43.334,0.002969
12:59:43.335,1.573305,12:59:43.335,40.305187,12:59:43.335,0.001653
12:59:43.336,1.556421,12:59:43.336,40.220767,12:59:43.336,0.002311
12:59:43.337,1.573305,12:59:43.337,40.271419,12:59:43.337,0.00264
12:59:43.338,1.488885,12:59:43.338,40.355839,12:59:43.338,0.00264
12:59:43.339,1.472001,12:59:43.339,40.288303,12:59:43.339,0.002311
12:59:43.340,1.522653,12:59:43.340,40.220767,12:59:43.340,0.00264
12:59:43.341,1.539537,12:59:43.341,40.271419,12:59:43.341,0.001982
12:59:43.342,1.421349,12:59:43.342,40.305187,12:59:43.342,0.000996
12:59:43.343,1.455117,12:59:43.343,40.305187,12:59:43.343,0.003955
12:59:43.344,1.505769,12:59:43.344,40.305187,12:59:43.344,0.00264
12:59:43.345,1.404465,12:59:43.345,40.203883,12:59:43.345,0.003626
12:59:43.346,1.336929,12:59:43.346,40.305187,12:59:43.346,0.003297
12:59:43.347,1.320045,12:59:43.347,40.203883,12:59:43.347,0.002311
12:59:43.348,1.286277,12:59:43.348,40.153231,12:59:43.348,0.003626
12:59:43.349,1.303161,12:59:43.349,40.119463,12:59:43.349,0.00264
12:59:43.350,1.320045,12:59:43.350,40.271419,12:59:43.350,0.002969
12:59:43.351,1.353813,12:59:43.351,40.085695,12:59:43.351,0.004284
12:59:43.352,1.336929,12:59:43.352,40.119463,12:59:43.352,0.002969
12:59:43.353,1.320045,12:59:43.353,40.119463,12:59:43.353,0.003626
12:59:43.354,1.336929,12:59:43.354,40.186999,12:59:43.354,0.002969
12:59:43.355,1.370697,12:59:43.355,40.254535,12:59:43.355,0.00264
12:59:43.356,1.404465,12:59:43.356,40.102579,12:59:43.356,0.001325
12:59:43.357,1.438233,12:59:43.357,40.068811,12:59:43.357,0.002311
12:59:43.358,1.404465,12:59:43.358,40.170115,12:59:43.358,0.001653
12:59:43.359,1.488885,12:59:43.359,40.203883,12:59:43.359,0.003297
12:59:43.360,1.607073,12:59:43.360,40.186999,12:59:43.360,0.001982
12:59:43.361,1.539537,12:59:43.361,40.102579,12:59:43.361,0.002311
12:59:43.362,1.556421,12:59:43.362,40.186999,12:59:43.362,0.00264
12:59:43.363,1.623957,12:59:43.363,40.220767,12:59:43.363,0.002969
12:59:43.364,1.657725,12:59:43.364,40.119463,12:59:43.364,0.003297
12:59:43.365,1.657725,12:59:43.365,40.051927,12:59:43.365,0.003297
12:59:43.366,1.590189,12:59:43.366,40.203883,12:59:43.366,0.002969
12:59:43.367,1.623957,12:59:43.367,40.119463,12:59:43.367,0.003955
12:59:43.368,1.573305,12:59:43.368,39.950623,12:59:43.368,0.00264
12:59:43.369,1.623957,12:59:43.369,40.018159,12:59:43.369,0.001325
12:59:43.370,1.556421,12:59:43.370,40.203883,12:59:43.370,0.002311
12:59:43.371,1.522653,12:59:43.371,40.001275,12:59:43.371,0.00264
12:59:43.372,1.488885,12:59:43.372,39.984391,12:59:43.372,0.002969
12:59:43.373,1.455117,12:59:43.373,40.051927,12:59:43.373,0.002969
12:59:43.374,1.387581,12:59:43.374,40.068811,12:59:43.374,0.001982
12:59:43.375,1.455117,12:59:43.375,40.001275,12:59:43.375,0.00264
12:59:43.376,1.387581,12:59:43.376,40.035043,12:59:43.376,0.003955
12:59:43.377,1.370697,12:59:43.377,40.001275,12:59:43.377,0.002311
12:59:43.378,1.387581,12:59:43.378,40.102579,12:59:43.378,0.00264
12:59:43.379,1.370697,12:59:43.379,40.035043,12:59:43.379,0.002311
12:59:43.380,1.336929,12:59:43.380,40.035043,12:59:43.380,0.003626
12:59:43.381,1.353813,12:59:43.381,40.085695,12:59:43.381,0.002969
12:59:43.382,1.353813,12:59:43.382,40.119463,12:59:43.382,0.002969
12:59:43.383,1.370697,12:59:43.383,40.102579,12:59:43.383,0.002969
12:59:43.384,1.404465,12:59:43.384,40.018159,12:59:43.384,0.00264
12:59:43.385,1.472001,12:59:43.385,40.085695,12:59:43.385,0.002969
12:59:43.386,1.421349,12:59:43.386,40.119463,12:59:43.386,0.004284
12:59:43.387,1.472001,12:59:43.387,40.035043,12:59:43.387,0.002311
12:59:43.388,1.488885,12:59:43.388,39.933739,12:59:43.388,0.002969
12:59:43.389,1.539537,12:59:43.389,39.899971,12:59:43.389,0.002969
12:59:43.390,1.539537,12:59:43.390,39.933739,12:59:43.390,0.001325
12:59:43.391,1.556421,12:59:43.391,39.933739,12:59:43.391,0.003626
12:59:43.392,1.640841,12:59:43.392,39.832435,12:59:43.392,0.003297
12:59:43.393,1.607073,12:59:43.393,39.866203,12:59:43.393,0.003297
12:59:43.394,1.657725,12:59:43.394,39.984391,12:59:43.394,0.002969
12:59:43.395,1.674609,12:59:43.395,40.001275,12:59:43.395,0.002969
12:59:43.396,1.657725,12:59:43.396,39.933739,12:59:43.396,0.00264
12:59:43.397,1.725261,12:59:43.397,39.866203,12:59:43.397,0.001982
12:59:43.398,1.742145,12:59:43.398,40.085695,12:59:43.398,0.001653
12:59:43.399,1.742145,12:59:43.399,39.984391,12:59:43.399,0.003297
12:59:43.400,1.860333,12:59:43.400,39.967507,12:59:43.400,0.002311
12:59:43.401,1.792797,12:59:43.401,39.849319,12:59:43.401,0.001325
12:59:43.402,1.792797,12:59:43.402,39.933739,12:59:43.402,0.00264
12:59:43.403,1.742145,12:59:43.403,40.018159,12:59:43.403,0.004284
12:59:43.404,1.775913,12:59:43.404,39.866203,12:59:43.404,0.001653
12:59:43.405,1.792797,12:59:43.405,39.815551,12:59:43.405,0.002969
12:59:43.406,1.725261,12:59:43.406,39.866203,12:59:43.406,0.001982
12:59:43.407,1.725261,12:59:43.407,39.815551,12:59:43.407,0.002311
12:59:43.408,1.691493,12:59:43.408,39.781783,12:59:43.408,0.001982
12:59:43.409,1.623957,12:59:43.409,39.781783,12:59:43.409,0.00264
12:59:43.410,1.573305,12:59:43.410,39.781783,12:59:43.410,0.002969
12:59:43.411,1.539537,12:59:43.411,39.781783,12:59:43.411,0.002311
12:59:43.412,1.556421,12:59:43.412,39.579175,12:59:43.412,0.002969
12:59:43.413,1.640841,12:59:43.413,39.680479,12:59:43.413,0.003297
12:59:43.414,1.573305,12:59:43.414,39.731131,12:59:43.414,0.001982
12:59:43.415,1.522653,12:59:43.415,39.748015,12:59:43.415,0.002311
12:59:43.416,1.522653,12:59:43.416,39.680479,12:59:43.416,0.00264
12:59:43.417,1.607073,12:59:43.417,39.629827,12:59:43.417,0.003297
12:59:43.418,1.556421,12:59:43.418,39.663595,12:59:43.418,0.001325
12:59:43.419,1.539537,12:59:43.419,39.714247,12:59:43.419,0.003297
12:59:43.420,1.708377,12:59:43.420,39.629827,12:59:43.420,0.001982
12:59:43.421,1.623957,12:59:43.421,39.612943,12:59:43.421,0.002969
12:59:43.422,1.640841,12:59:43.422,39.612943,12:59:43.422,0.00264
12:59:43.423,1.674609,12:59:43.423,39.697363,12:59:43.423,0.002969
12:59:43.424,1.708377,12:59:43.424,39.612943,12:59:43.424,0.002311
12:59:43.425,1.775913,12:59:43.425,39.545407,12:59:43.425,0.002311
12:59:43.426,1.775913,12:59:43.426,39.562291,12:59:43.426,0.00264
12:59:43.427,1.759029,12:59:43.427,39.596059,12:59:43.427,0.003297
12:59:43.428,1.775913,12:59:43.428,39.477872,12:59:43.428,0.003297
12:59:43.429,1.792797,12:59:43.429,39.42722,12:59:43.429,0.00264
12:59:43.430,1.742145,12:59:43.430,39.444104,12:59:43.430,0.00264
12:59:43.431,1.809681,12:59:43.431,39.477872,12:59:43.431,0.001982
12:59:43.432,1.759029,12:59:43.432,39.460988,12:59:43.432,0.003297
12:59:43.433,1.775913,12:59:43.433,39.325916,12:59:43.433,0.002969
12:59:43.434,1.759029,12:59:43.434,39.376568,12:59:43.434,0.004284
12:59:43.435,1.708377,12:59:43.435,39.3428,12:59:43.435,0.002311
12:59:43.436,1.809681,12:59:43.436,39.309032,12:59:43.436,0.003297
12:59:43.437,1.759029,12:59:43.437,39.325916,12:59:43.437,0.001982
12:59:43.438,1.742145,12:59:43.438,39.3428,12:59:43.438,0.00264
12:59:43.439,1.708377,12:59:43.439,39.376568,12:59:43.439,0.002969
12:59:43.440,1.809681,12:59:43.440,39.224612,12:59:43.440,0.002311
12:59:43.441,1.775913,12:59:43.441,39.224612,12:59:43.441,0.003626
12:59:43.442,1.691493,12:59:43.442,39.25838,12:59:43.442,0.002969
12:59:43.443,1.691493,12:59:43.443,39.25838,12:59:43.443,0.004284
12:59:43.444,1.640841,12:59:43.444,39.292148,12:59:43.444,0.00264
12:59:43.445,1.623957,12:59:43.445,39.157076,12:59:43.445,0.00527
12:59:43.446,1.573305,12:59:43.446,39.309032,12:59:43.446,0.003297
12:59:43.447,1.607073,12:59:43.447,39.190844,12:59:43.447,0.001653
12:59:43.448,1.657725,12:59:43.448,39.140192,12:59:43.448,0.001982
12:59:43.449,1.607073,12:59:43.449,39.072656,12:59:43.449,0.000667
12:59:43.450,1.590189,12:59:43.450,39.055772,12:59:43.450,0.00264
12:59:43.451,1.539537,12:59:43.451,39.072656,12:59:43.451,0.001325
12:59:43.452,1.522653,12:59:43.452,39.022004,12:59:43.452,0.001982
12:59:43.453,1.522653,12:59:43.453,38.988236,12:59:43.453,0.003297
12:59:43.454,1.505769,12:59:43.454,39.072656,12:59:43.454,0.002311
12:59:43.455,1.488885,12:59:43.455,39.08954,12:59:43.455,0.002969
12:59:43.456,1.573305,12:59:43.456,38.988236,12:59:43.456,0.00264
12:59:43.457,1.573305,12:59:43.457,39.022004,12:59:43.457,0.002311
12:59:43.458,1.573305,12:59:43.458,39.00512,12:59:43.458,0.001653
12:59:43.459,1.607073,12:59:43.459,39.123308,12:59:43.459,0.001982
12:59:43.460,1.640841,12:59:43.460,39.022004,12:59:43.460,0.000009
12:59:43.461,1.725261,12:59:43.461,38.988236,12:59:43.461,0.002311
12:59:43.462,1.657725,12:59:43.462,38.954468,12:59:43.462,0.002311
12:59:43.463,1.573305,12:59:43.463,39.038888,12:59:43.463,0.003955
12:59:43.464,1.640841,12:59:43.464,39.00512,12:59:43.464,0.003626
12:59:43.465,1.657725,12:59:43.465,38.954468,12:59:43.465,0.002969
12:59:43.466,1.607073,12:59:43.466,38.9207,12:59:43.466,0.003626
12:59:43.467,1.573305,12:59:43.467,38.903816,12:59:43.467,0.00264
12:59:43.468,1.623957,12:59:43.468,38.853164,12:59:43.468,0.002969
12:59:43.469,1.607073,12:59:43.469,38.870048,12:59:43.469,0.002311
12:59:43.470,1.539537,12:59:43.470,38.802512,12:59:43.470,0.00264
12:59:43.471,1.522653,12:59:43.471,38.903816,12:59:43.471,0.001982
12:59:43.472,1.539537,12:59:43.472,38.734976,12:59:43.472,0.002311
12:59:43.473,1.455117,12:59:43.473,38.802512,12:59:43.473,0.002311
12:59:43.474,1.472001,12:59:43.474,38.734976,12:59:43.474,0.002311
12:59:43.475,1.488885,12:59:43.475,38.853164,12:59:43.475,0.002311
12:59:43.476,1.472001,12:59:43.476,38.684324,12:59:43.476,0.001325
12:59:43.477,1.421349,12:59:43.477,38.83628,12:59:43.477,0.001982
12:59:43.478,1.505769,12:59:43.478,38.819396,12:59:43.478,0.002311
12:59:43.479,1.455117,12:59:43.479,38.819396,12:59:43.479,0.003297
12:59:43.480,1.404465,12:59:43.480,38.75186,12:59:43.480,0.001653
12:59:43.481,1.387581,12:59:43.481,38.785628,12:59:43.481,0.002311
12:59:43.482,1.421349,12:59:43.482,38.718092,12:59:43.482,0.001982
12:59:43.483,1.370697,12:59:43.483,38.819396,12:59:43.483,0.002311
12:59:43.484,1.336929,12:59:43.484,38.785628,12:59:43.484,0.002311
12:59:43.485,1.336929,12:59:43.485,38.701208,12:59:43.485,0.001653
12:59:43.486,1.370697,12:59:43.486,38.58302,12:59:43.486,0.002969
12:59:43.487,1.320045,12:59:43.487,38.616788,12:59:43.487,0.003297
12:59:43.488,1.353813,12:59:43.488,38.75186,12:59:43.488,0.00264
12:59:43.489,1.387581,12:59:43.489,38.599904,12:59:43.489,0.00264
12:59:43.490,1.336929,12:59:43.490,38.599904,12:59:43.490,0.001982
12:59:43.491,1.303161,12:59:43.491,38.734976,12:59:43.491,0.003297
12:59:43.492,1.286277,12:59:43.492,38.58302,12:59:43.492,0.00264
12:59:43.493,1.286277,12:59:43.493,38.58302,12:59:43.493,0.002969
12:59:43.494,1.286277,12:59:43.494,38.58302,12:59:43.494,0.002311
12:59:43.495,1.286277,12:59:43.495,38.75186,12:59:43.495,0.002969
12:59:43.496,1.320045,12:59:43.496,38.66744,12:59:43.496,0.002311
12:59:43.497,1.320045,12:59:43.497,38.549252,12:59:43.497,0.004941
12:59:43.498,1.370697,12:59:43.498,38.4986,12:59:43.498,0.00264
12:59:43.499,1.353813,12:59:43.499,38.701208,12:59:43.499,0.002311
12:59:43.500,1.353813,12:59:43.500,38.633672,12:59:43.500,0.002311
12:59:43.501,1.404465,12:59:43.501,38.650556,12:59:43.501,0.00264
12:59:43.502,1.404465,12:59:43.502,38.549252,12:59:43.502,0.003297
12:59:43.503,1.387581,12:59:43.503,38.616788,12:59:43.503,0.003955
12:59:43.504,1.353813,12:59:43.504,38.549252,12:59:43.504,0.002311
12:59:43.505,1.370697,12:59:43.505,38.549252,12:59:43.505,0.001653
12:59:43.506,1.370697,12:59:43.506,38.464832,12:59:43.506,0.002311
12:59:43.507,1.303161,12:59:43.507,38.515484,12:59:43.507,0.003626
12:59:43.508,1.286277,12:59:43.508,38.481716,12:59:43.508,0.003297
12:59:43.509,1.336929,12:59:43.509,38.515484,12:59:43.509,0.002311
12:59:43.510,1.353813,12:59:43.510,38.397296,12:59:43.510,0.003297
12:59:43.511,1.235625,12:59:43.511,38.464832,12:59:43.511,0.003297
12:59:43.512,1.201857,12:59:43.512,38.41418,12:59:43.512,0.003626
12:59:43.513,1.336929,12:59:43.513,38.363528,12:59:43.513,0.00264
12:59:43.514,1.286277,12:59:43.514,38.363528,12:59:43.514,0.003297
12:59:43.515,1.235625,12:59:43.515,38.41418,12:59:43.515,0.001982
12:59:43.516,1.218741,12:59:43.516,38.431064,12:59:43.516,0.00264
12:59:43.517,1.235625,12:59:43.517,38.41418,12:59:43.517,0.002969
12:59:43.518,1.252509,12:59:43.518,38.397296,12:59:43.518,0.00264
12:59:43.519,1.235625,12:59:43.519,38.431064,12:59:43.519,0.002969
12:59:43.520,1.269393,12:59:43.520,38.464832,12:59:43.520,0.001653
12:59:43.521,1.320045,12:59:43.521,38.363528,12:59:43.521,0.001982
12:59:43.522,1.353813,12:59:43.522,38.363528,12:59:43.522,0.00264
12:59:43.523,1.336929,12:59:43.523,38.447948,12:59:43.523,0.001653
12:59:43.524,1.370697,12:59:43.524,38.41418,12:59:43.524,0.002969
12:59:43.525,1.353813,12:59:43.525,38.397296,12:59:43.525,0.002969
12:59:43.526,1.353813,12:59:43.526,38.363528,12:59:43.526,0.003297
12:59:43.527,1.303161,12:59:43.527,38.431064,12:59:43.527,0.001982
12:59:43.528,1.387581,12:59:43.528,38.363528,12:59:43.528,0.002311
12:59:43.529,1.336929,12:59:43.529,38.312876,12:59:43.529,0.002969
12:59:43.530,1.353813,12:59:43.530,38.363528,12:59:43.530,0.00264
12:59:43.531,1.320045,12:59:43.531,38.312876,12:59:43.531,0.00264
12:59:43.532,1.320045,12:59:43.532,38.346644,12:59:43.532,0.004612
12:59:43.533,1.252509,12:59:43.533,38.24534,12:59:43.533,0.001982
12:59:43.534,1.336929,12:59:43.534,38.194688,12:59:43.534,0.000996
12:59:43.535,1.336929,12:59:43.535,38.24534,12:59:43.535,0.00264
12:59:43.536,1.286277,12:59:43.536,38.228456,12:59:43.536,0.00264
12:59:43.537,1.404465,12:59:43.537,38.24534,12:59:43.537,0.00264
12:59:43.538,1.404465,12:59:43.538,38.262224,12:59:43.538,0.003626
12:59:43.539,1.421349,12:59:43.539,38.397296,12:59:43.539,0.004284
12:59:43.540,1.353813,12:59:43.540,38.380412,12:59:43.540,0.002311
12:59:43.541,1.404465,12:59:43.541,38.279108,12:59:43.541,0.001653
12:59:43.542,1.472001,12:59:43.542,38.24534,12:59:43.542,0.003297
12:59:43.543,1.421349,12:59:43.543,38.312876,12:59:43.543,0.00264
12:59:43.544,1.421349,12:59:43.544,38.32976,12:59:43.544,0.003626
12:59:43.545,1.472001,12:59:43.545,38.144036,12:59:43.545,0.00264
12:59:43.546,1.472001,12:59:43.546,38.211572,12:59:43.546,0.001982
12:59:43.547,1.505769,12:59:43.547,38.228456,12:59:43.547,0.00264
12:59:43.548,1.438233,12:59:43.548,38.228456,12:59:43.548,0.002311
12:59:43.549,1.539537,12:59:43.549,38.093384,12:59:43.549,0.001653
12:59:43.550,1.488885,12:59:43.550,38.042732,12:59:43.550,0.003297
12:59:43.551,1.438233,12:59:43.551,38.0765,12:59:43.551,0.002311
12:59:43.552,1.353813,12:59:43.552,38.025848,12:59:43.552,0.002969
12:59:43.553,1.455117,12:59:43.553,37.975196,12:59:43.553,0.002969
12:59:43.554,1.387581,12:59:43.554,37.924544,12:59:43.554,0.002969
12:59:43.555,1.472001,12:59:43.555,38.059616,12:59:43.555,0.002969
12:59:43.556,1.438233,12:59:43.556,38.110268,12:59:43.556,0.002311
12:59:43.557,1.472001,12:59:43.557,38.008964,12:59:43.557,0.00264
12:59:43.558,1.472001,12:59:43.558,37.975196,12:59:43.558,0.00264
12:59:43.559,1.455117,12:59:43.559,38.042732,12:59:43.559,0.00264
12:59:43.560,1.539537,12:59:43.560,38.110268,12:59:43.560,0.002311
12:59:43.561,1.573305,12:59:43.561,37.958312,12:59:43.561,0.002969
12:59:43.562,1.539537,12:59:43.562,37.90766,12:59:43.562,0.002311
12:59:43.563,1.488885,12:59:43.563,37.975196,12:59:43.563,0.002969
12:59:43.564,1.539537,12:59:43.564,38.042732,12:59:43.564,0.003297
12:59:43.565,1.573305,12:59:43.565,37.941428,12:59:43.565,0.003626
12:59:43.566,1.539537,12:59:43.566,37.840124,12:59:43.566,0.002969
12:59:43.567,1.539537,12:59:43.567,37.941428,12:59:43.567,0.001982
12:59:43.568,1.505769,12:59:43.568,37.958312,12:59:43.568,0.003626
12:59:43.569,1.539537,12:59:43.569,37.82324,12:59:43.569,0.00264
12:59:43.570,1.539537,12:59:43.570,37.705052,12:59:43.570,0.00264
12:59:43.571,1.522653,12:59:43.571,37.82324,12:59:43.571,0.001653
12:59:43.572,1.488885,12:59:43.572,37.806356,12:59:43.572,0.002311
12:59:43.573,1.522653,12:59:43.573,37.772588,12:59:43.573,0.001982
12:59:43.574,1.522653,12:59:43.574,37.806356,12:59:43.574,0.00264
12:59:43.575,1.573305,12:59:43.575,37.705052,12:59:43.575,0.001982
12:59:43.576,1.573305,12:59:43.576,37.806356,12:59:43.576,0.001982
12:59:43.577,1.607073,12:59:43.577,37.789472,12:59:43.577,0.003626
12:59:43.578,1.657725,12:59:43.578,37.755704,12:59:43.578,0.002311
12:59:43.579,1.691493,12:59:43.579,37.82324,12:59:43.579,0.003626
12:59:43.580,1.640841,12:59:43.580,37.755704,12:59:43.580,0.001653
12:59:43.581,1.725261,12:59:43.581,37.721936,12:59:43.581,0.003955
12:59:43.582,1.691493,12:59:43.582,37.6544,12:59:43.582,0.004941
12:59:43.583,1.708377,12:59:43.583,37.82324,12:59:43.583,0.002311
12:59:43.584,1.657725,12:59:43.584,37.73882,12:59:43.584,0.002969
12:59:43.585,1.708377,12:59:43.585,37.603748,12:59:43.585,0.001653
12:59:43.586,1.708377,12:59:43.586,37.637516,12:59:43.586,0.002969
12:59:43.587,1.742145,12:59:43.587,37.620632,12:59:43.587,0.002969
12:59:43.588,1.691493,12:59:43.588,37.6544,12:59:43.588,0.002969
12:59:43.589,1.640841,12:59:43.589,37.620632,12:59:43.589,0.002969
12:59:43.590,1.657725,12:59:43.590,37.620632,12:59:43.590,0.001653
12:59:43.591,1.623957,12:59:43.591,37.671284,12:59:43.591,0.002969
12:59:43.592,1.522653,12:59:43.592,37.6544,12:59:43.592,0.00264
12:59:43.593,1.556421,12:59:43.593,37.502444,12:59:43.593,0.001325
12:59:43.594,1.556421,12:59:43.594,37.468676,12:59:43.594,0.00264
12:59:43.595,1.505769,12:59:43.595,37.56998,12:59:43.595,0.00264
12:59:43.596,1.472001,12:59:43.596,37.56998,12:59:43.596,0.001653
12:59:43.597,1.488885,12:59:43.597,37.553096,12:59:43.597,0.00264
12:59:43.598,1.539537,12:59:43.598,37.48556,12:59:43.598,0.003297
12:59:43.599,1.472001,12:59:43.599,37.502444,12:59:43.599,0.003297
12:59:43.600,1.488885,12:59:43.600,37.603748,12:59:43.600,0.002311
12:59:43.601,1.539537,12:59:43.601,37.519328,12:59:43.601,0.003626
12:59:43.602,1.505769,12:59:43.602,37.468676,12:59:43.602,0.001982
12:59:43.603,1.590189,12:59:43.603,37.519328,12:59:43.603,0.002969
12:59:43.604,1.505769,12:59:43.604,37.536212,12:59:43.604,0.002311
12:59:43.605,1.539537,12:59:43.605,37.468676,12:59:43.605,0.002311
12:59:43.606,1.623957,12:59:43.606,37.418024,12:59:43.606,0.002969
12:59:43.607,1.573305,12:59:43.607,37.451792,12:59:43.607,0.00264
12:59:43.608,1.539537,12:59:43.608,37.502444,12:59:43.608,0.004941
12:59:43.609,1.623957,12:59:43.609,37.418024,12:59:43.609,0.001653
12:59:43.610,1.607073,12:59:43.610,37.333605,12:59:43.610,0.00264
12:59:43.611,1.590189,12:59:43.611,37.333605,12:59:43.611,0.002311
12:59:43.612,1.590189,12:59:43.612,37.350489,12:59:43.612,0.00264
12:59:43.613,1.590189,12:59:43.613,37.333605,12:59:43.613,0.002969
12:59:43.614,1.640841,12:59:43.614,37.299837,12:59:43.614,0.003626
12:59:43.615,1.573305,12:59:43.615,37.333605,12:59:43.615,0.002969
12:59:43.616,1.623957,12:59:43.616,37.350489,12:59:43.616,0.003297
12:59:43.617,1.657725,12:59:43.617,37.316721,12:59:43.617,0.002969
12:59:43.618,1.674609,12:59:43.618,37.266069,12:59:43.618,0.00264
12:59:43.619,1.657725,12:59:43.619,37.232301,12:59:43.619,0.001653
12:59:43.620,1.607073,12:59:43.620,37.333605,12:59:43.620,0.001982
12:59:43.621,1.657725,12:59:43.621,37.367373,12:59:43.621,0.002969
12:59:43.622,1.623957,12:59:43.622,37.282953,12:59:43.622,0.002311
12:59:43.623,1.657725,12:59:43.623,37.282953,12:59:43.623,0.003297
12:59:43.624,1.573305,12:59:43.624,37.434908,12:59:43.624,0.003297
12:59:43.625,1.556421,12:59:43.625,37.266069,12:59:43.625,0.003626
12:59:43.626,1.556421,12:59:43.626,37.299837,12:59:43.626,0.003626
12:59:43.627,1.539537,12:59:43.627,37.266069,12:59:43.627,0.003297
12:59:43.628,1.438233,12:59:43.628,37.333605,12:59:43.628,0.003955
12:59:43.629,1.455117,12:59:43.629,37.266069,12:59:43.629,0.003626
12:59:43.630,1.472001,12:59:43.630,37.147881,12:59:43.630,0.002311
12:59:43.631,1.404465,12:59:43.631,37.097229,12:59:43.631,0.001982
12:59:43.632,1.387581,12:59:43.632,37.198533,12:59:43.632,0.00264
12:59:43.633,1.303161,12:59:43.633,37.130997,12:59:43.633,0.002311
12:59:43.634,1.320045,12:59:43.634,37.080345,12:59:43.634,0.003626
12:59:43.635,1.387581,12:59:43.635,37.046577,12:59:43.635,0.001653
12:59:43.636,1.370697,12:59:43.636,37.147881,12:59:43.636,0.002311
12:59:43.637,1.353813,12:59:43.637,37.097229,12:59:43.637,0.00264
12:59:43.638,1.353813,12:59:43.638,37.114113,12:59:43.638,0.002969
12:59:43.639,1.370697,12:59:43.639,37.114113,12:59:43.639,0.002311
12:59:43.640,1.472001,12:59:43.640,37.181649,12:59:43.640,0.003626
12:59:43.641,1.387581,12:59:43.641,37.114113,12:59:43.641,0.002969
12:59:43.642,1.472001,12:59:43.642,37.080345,12:59:43.642,0.00264
12:59:43.643,1.438233,12:59:43.643,37.012809,12:59:43.643,0.002969
12:59:43.644,1.438233,12:59:43.644,37.181649,12:59:43.644,0.003297
12:59:43.645,1.438233,12:59:43.645,37.097229,12:59:43.645,0.003955
12:59:43.646,1.455117,12:59:43.646,37.029693,12:59:43.646,0.003955
12:59:43.647,1.472001,12:59:43.647,37.012809,12:59:43.647,0.002969
12:59:43.648,1.472001,12:59:43.648,37.147881,12:59:43.648,0.001653
12:59:43.649,1.539537,12:59:43.649,36.962157,12:59:43.649,0.003626
12:59:43.650,1.455117,12:59:43.650,36.945273,12:59:43.650,0.003297
12:59:43.651,1.455117,12:59:43.651,36.962157,12:59:43.651,0.002311
12:59:43.652,1.472001,12:59:43.652,36.945273,12:59:43.652,0.002969
12:59:43.653,1.336929,12:59:43.653,36.945273,12:59:43.653,0.003297
12:59:43.654,1.421349,12:59:43.654,36.843969,12:59:43.654,0.003297
12:59:43.655,1.455117,12:59:43.655,36.928389,12:59:43.655,0.001325
12:59:43.656,1.438233,12:59:43.656,36.911505,12:59:43.656,0.003297
12:59:43.657,1.421349,12:59:43.657,36.928389,12:59:43.657,0.00264
12:59:43.658,1.472001,12:59:43.658,36.877737,12:59:43.658,0.004612
12:59:43.659,1.472001,12:59:43.659,36.894621,12:59:43.659,0.001982
12:59:43.660,1.472001,12:59:43.660,36.995925,12:59:43.660,0.003297
12:59:43.661,1.438233,12:59:43.661,36.979041,12:59:43.661,0.001982
12:59:43.662,1.421349,12:59:43.662,36.827085,12:59:43.662,0.001982
12:59:43.663,1.438233,12:59:43.663,36.843969,12:59:43.663,0.001982
12:59:43.664,1.387581,12:59:43.664,36.962157,12:59:43.664,0.001982
12:59:43.665,1.336929,12:59:43.665,36.979041,12:59:43.665,0.003297
12:59:43.666,1.472001,12:59:43.666,36.843969,12:59:43.666,0.002969
12:59:43.667,1.353813,12:59:43.667,36.725781,12:59:43.667,0.00264
12:59:43.668,1.353813,12:59:43.668,36.860853,12:59:43.668,0.003955
12:59:43.669,1.353813,12:59:43.669,36.860853,12:59:43.669,0.002969
12:59:43.670,1.387581,12:59:43.670,36.725781,12:59:43.670,0.003297
12:59:43.671,1.387581,12:59:43.671,36.658245,12:59:43.671,0.002969
12:59:43.672,1.370697,12:59:43.672,36.793317,12:59:43.672,0.002969
12:59:43.673,1.320045,12:59:43.673,36.793317,12:59:43.673,0.003297
12:59:43.674,1.370697,12:59:43.674,36.675129,12:59:43.674,0.002311
12:59:43.675,1.404465,12:59:43.675,36.607593,12:59:43.675,0.001325
12:59:43.676,1.336929,12:59:43.676,36.708897,12:59:43.676,0.002311
12:59:43.677,1.421349,12:59:43.677,36.793317,12:59:43.677,0.002311
12:59:43.678,1.455117,12:59:43.678,36.675129,12:59:43.678,0.00264
12:59:43.679,1.488885,12:59:43.679,36.540057,12:59:43.679,0.002969
12:59:43.680,1.421349,12:59:43.680,36.641361,12:59:43.680,0.003626
12:59:43.681,1.438233,12:59:43.681,36.759549,12:59:43.681,0.003297
12:59:43.682,1.539537,12:59:43.682,36.573825,12:59:43.682,0.000996
12:59:43.683,1.488885,12:59:43.683,36.675129,12:59:43.683,0.00264
12:59:43.684,1.488885,12:59:43.684,36.742665,12:59:43.684,0.004612
12:59:43.685,1.505769,12:59:43.685,36.708897,12:59:43.685,0.002969
12:59:43.686,1.539537,12:59:43.686,36.607593,12:59:43.686,0.002969
12:59:43.687,1.488885,12:59:43.687,36.556941,12:59:43.687,0.000667
12:59:43.688,1.488885,12:59:43.688,36.540057,12:59:43.688,0.003297
12:59:43.689,1.455117,12:59:43.689,36.624477,12:59:43.689,0.002311
12:59:43.690,1.455117,12:59:43.690,36.506289,12:59:43.690,0.001982
12:59:43.691,1.472001,12:59:43.691,36.506289,12:59:43.691,0.003626
12:59:43.692,1.438233,12:59:43.692,36.556941,12:59:43.692,0.00264
12:59:43.693,1.421349,12:59:43.693,36.489405,12:59:43.693,0.002969
12:59:43.694,1.404465,12:59:43.694,36.506289,12:59:43.694,0.002311
12:59:43.695,1.421349,12:59:43.695,36.404985,12:59:43.695,0.001653
12:59:43.696,1.404465,12:59:43.696,36.523173,12:59:43.696,0.002311
12:59:43.697,1.353813,12:59:43.697,36.573825,12:59:43.697,0.002969
12:59:43.698,1.421349,12:59:43.698,36.489405,12:59:43.698,0.003626
12:59:43.699,1.488885,12:59:43.699,36.388101,12:59:43.699,0.00264
12:59:43.700,1.522653,12:59:43.700,36.573825,12:59:43.700,0.003955
12:59:43.701,1.421349,12:59:43.701,36.573825,12:59:43.701,0.001653
12:59:43.702,1.472001,12:59:43.702,36.388101,12:59:43.702,0.003297
12:59:43.703,1.539537,12:59:43.703,36.489405,12:59:43.703,0.00264
12:59:43.704,1.488885,12:59:43.704,36.455637,12:59:43.704,0.003626
12:59:43.705,1.522653,12:59:43.705,36.523173,12:59:43.705,0.002969
12:59:43.706,1.539537,12:59:43.706,36.438753,12:59:43.706,0.002969
12:59:43.707,1.556421,12:59:43.707,36.388101,12:59:43.707,0.002311
12:59:43.708,1.539537,12:59:43.708,36.489405,12:59:43.708,0.002311
12:59:43.709,1.522653,12:59:43.709,36.438753,12:59:43.709,0.001982
12:59:43.710,1.556421,12:59:43.710,36.286797,12:59:43.710,0.000996
12:59:43.711,1.573305,12:59:43.711,36.337449,12:59:43.711,0.002311
12:59:43.712,1.488885,12:59:43.712,36.371217,12:59:43.712,0.001982
12:59:43.713,1.556421,12:59:43.713,36.371217,12:59:43.713,0.001982
12:59:43.714,1.539537,12:59:43.714,36.202377,12:59:43.714,0.002969
12:59:43.715,1.505769,12:59:43.715,36.303681,12:59:43.715,0.001982
12:59:43.716,1.556421,12:59:43.716,36.337449,12:59:43.716,0.003955
12:59:43.717,1.573305,12:59:43.717,36.320565,12:59:43.717,0.00264
12:59:43.718,1.640841,12:59:43.718,36.253029,12:59:43.718,0.00264
12:59:43.719,1.573305,12:59:43.719,36.236145,12:59:43.719,0.002311
12:59:43.720,1.607073,12:59:43.720,36.286797,12:59:43.720,0.001653
12:59:43.721,1.623957,12:59:43.721,36.320565,12:59:43.721,0.002969
12:59:43.722,1.556421,12:59:43.722,36.337449,12:59:43.722,0.002311
12:59:43.723,1.623957,12:59:43.723,36.151725,12:59:43.723,0.00264
12:59:43.724,1.657725,12:59:43.724,36.253029,12:59:43.724,0.002311
12:59:43.725,1.573305,12:59:43.725,36.371217,12:59:43.725,0.001982
12:59:43.726,1.607073,12:59:43.726,36.202377,12:59:43.726,0.004941
12:59:43.727,1.607073,12:59:43.727,36.134841,12:59:43.727,0.004284
12:59:43.728,1.590189,12:59:43.728,36.253029,12:59:43.728,0.001982
12:59:43.729,1.623957,12:59:43.729,36.219261,12:59:43.729,0.002969
12:59:43.730,1.556421,12:59:43.730,36.117957,12:59:43.730,0.00264
12:59:43.731,1.573305,12:59:43.731,36.151725,12:59:43.731,0.003297
12:59:43.732,1.556421,12:59:43.732,36.168609,12:59:43.732,0.003626
12:59:43.733,1.539537,12:59:43.733,36.101073,12:59:43.733,0.004284
12:59:43.734,1.573305,12:59:43.734,36.117957,12:59:43.734,0.003626
12:59:43.735,1.539537,12:59:43.735,36.101073,12:59:43.735,0.003297
12:59:43.736,1.556421,12:59:43.736,36.117957,12:59:43.736,0.00264
12:59:43.737,1.623957,12:59:43.737,36.117957,12:59:43.737,0.00264
12:59:43.738,1.640841,12:59:43.738,36.134841,12:59:43.738,0.003297
12:59:43.739,1.640841,12:59:43.739,36.151725,12:59:43.739,0.003297
12:59:43.740,1.674609,12:59:43.740,36.151725,12:59:43.740,0.002311
12:59:43.741,1.691493,12:59:43.741,36.117957,12:59:43.741,0.003297
12:59:43.742,1.674609,12:59:43.742,36.050421,12:59:43.742,0.00264
12:59:43.743,1.674609,12:59:43.743,36.084189,12:59:43.743,0.001653
12:59:43.744,1.657725,12:59:43.744,36.067305,12:59:43.744,0.003297
12:59:43.745,1.674609,12:59:43.745,36.151725,12:59:43.745,0.00264
12:59:43.746,1.691493,12:59:43.746,36.151725,12:59:43.746,0.002969
12:59:43.747,1.759029,12:59:43.747,36.050421,12:59:43.747,0.001982
12:59:43.748,1.691493,12:59:43.748,35.966001,12:59:43.748,0.003297
12:59:43.749,1.708377,12:59:43.749,36.084189,12:59:43.749,0.000996
12:59:43.750,1.674609,12:59:43.750,36.016653,12:59:43.750,0.002311
12:59:43.751,1.691493,12:59:43.751,35.915349,12:59:43.751,0.004284
12:59:43.752,1.640841,12:59:43.752,35.915349,12:59:43.752,0.002969
12:59:43.753,1.623957,12:59:43.753,35.999769,12:59:43.753,0.003297
12:59:43.754,1.640841,12:59:43.754,35.898465,12:59:43.754,0.028286
12:59:43.755,1.607073,12:59:43.755,35.949117,12:59:43.755,3.117019
12:59:43.756,1.640841,12:59:43.756,36.033537,12:59:43.756,5.612265
12:59:43.757,1.607073,12:59:43.757,36.050421,12:59:43.757,5.768772
12:59:43.758,1.623957,12:59:43.758,35.999769,12:59:43.758,5.778636
12:59:43.759,1.657725,12:59:43.759,35.932233,12:59:43.759,5.794089
12:59:43.760,1.640841,12:59:43.760,35.881581,12:59:43.760,5.808557
12:59:43.761,1.640841,12:59:43.761,35.999769,12:59:43.761,5.824668
12:59:43.762,1.657725,12:59:43.762,35.881581,12:59:43.762,5.835847
12:59:43.763,1.674609,12:59:43.763,35.932233,12:59:43.763,5.853931
12:59:43.764,1.657725,12:59:43.764,35.847813,12:59:43.764,5.830915
12:59:43.765,1.590189,12:59:43.765,35.932233,12:59:43.765,5.822366
12:59:43.766,1.708377,12:59:43.766,35.898465,12:59:43.766,5.828284
12:59:43.767,1.792797,12:59:43.767,35.797161,12:59:43.767,5.835189
12:59:43.768,1.877217,12:59:43.768,35.814045,12:59:43.768,5.857547
12:59:43.769,2.062941,12:59:43.769,35.898465,12:59:43.769,5.925608
12:59:43.770,2.535693,12:59:43.770,35.830929,12:59:43.770,5.931198
12:59:43.771,3.869528,12:59:43.771,35.780277,12:59:43.771,5.929883
12:59:43.772,6.587851,12:59:43.772,35.780277,12:59:43.772,5.926595
12:59:43.773,9.913999,12:59:43.773,35.898465,12:59:43.773,5.92791
12:59:43.774,13.560941,12:59:43.774,35.780277,12:59:43.774,5.925279
12:59:43.775,18.052084,12:59:43.775,35.780277,12:59:43.775,5.874645
12:59:43.776,23.691338,12:59:43.776,35.763393,12:59:43.776,5.861164
12:59:43.777,29.837112,12:59:43.777,35.729625,12:59:43.777,5.87037
12:59:43.778,36.421869,12:59:43.778,35.645205,12:59:43.778,5.868726
12:59:43.779,43.850825,12:59:43.779,35.678973,12:59:43.779,5.929883
12:59:43.780,52.123981,12:59:43.780,35.729625,12:59:43.780,5.943692
12:59:43.781,60.532208,12:59:43.781,35.695857,12:59:43.781,5.921005
12:59:43.782,68.602754,12:59:43.782,35.594553,12:59:43.782,5.917388
12:59:43.783,75.795332,12:59:43.783,35.527017,12:59:43.783,5.90325
12:59:43.784,82.008639,12:59:43.784,35.611437,12:59:43.784,5.910155
12:59:43.785,86.668618,12:59:43.785,35.678973,12:59:43.785,5.848012
12:59:43.786,87.867381,12:59:43.786,35.645205,12:59:43.786,5.823352
12:59:43.787,83.291821,12:59:43.787,35.628321,12:59:43.787,5.811516
12:59:43.788,74.309541,12:59:43.788,35.746509,12:59:43.788,5.813488
12:59:43.789,64.719437,12:59:43.789,35.847813,12:59:43.789,5.817434
12:59:43.790,56.05795,12:59:43.790,35.898465,12:59:43.790,5.879248
12:59:43.791,51.296665,12:59:43.791,35.966001,12:59:43.791,5.904894
12:59:43.792,46.974364,12:59:43.792,35.915349,12:59:43.792,5.901606
12:59:43.793,40.929895,12:59:43.793,35.949117,12:59:43.793,5.894044
12:59:43.794,36.371217,12:59:43.794,35.915349,12:59:43.794,5.895359
12:59:43.795,33.821734,12:59:43.795,35.712741,12:59:43.795,5.901606
12:59:43.796,33.230794,12:59:43.796,35.746509,12:59:43.796,5.898976
12:59:43.797,34.547746,12:59:43.797,35.847813,12:59:43.797,5.888125
12:59:43.798,36.320565,12:59:43.798,35.966001,12:59:43.798,5.85689
12:59:43.799,38.633672,12:59:43.799,35.932233,12:59:43.799,5.799021
12:59:43.800,41.993586,12:59:43.800,36.016653,12:59:43.800,5.805269
12:59:43.801,46.653568,12:59:43.801,35.999769,12:59:43.801,5.819407
12:59:43.802,51.853837,12:59:43.802,35.999769,12:59:43.802,5.828613
12:59:43.803,56.429398,12:59:43.803,36.084189,12:59:43.803,5.889441
12:59:43.804,59.65424,12:59:43.804,36.236145,12:59:43.804,5.898976
12:59:43.805,61.376407,12:59:43.805,36.354333,12:59:43.805,5.885824
12:59:43.806,61.241335,12:59:43.806,36.540057,12:59:43.806,5.877275
12:59:43.807,59.23214,12:59:43.807,36.404985,12:59:43.807,5.885495
12:59:43.808,56.074834,12:59:43.808,36.320565,12:59:43.808,5.881549
12:59:43.809,52.951296,12:59:43.809,36.438753,12:59:43.809,5.871686
12:59:43.810,50.46935,12:59:43.810,36.523173,12:59:43.810,5.865438
12:59:43.811,48.848487,12:59:43.811,36.523173,12:59:43.811,5.855246
12:59:43.812,48.274431,12:59:43.812,36.742665,12:59:43.812,5.864123
12:59:43.813,48.679647,12:59:43.813,36.810201,12:59:43.813,5.783239
12:59:43.814,49.658918,12:59:43.814,36.894621,12:59:43.814,5.778307
12:59:43.815,50.604422,12:59:43.815,36.860853,12:59:43.815,5.773375
12:59:43.816,51.448621,12:59:43.816,36.911505,12:59:43.816,5.773375
12:59:43.817,51.955141,12:59:43.817,37.147881,12:59:43.817,5.784554
12:59:43.818,52.596733,12:59:43.818,37.316721,12:59:43.818,5.785212
12:59:43.819,53.795496,12:59:43.819,37.418024,12:59:43.819,5.851629
12:59:43.820,55.939762,12:59:43.820,37.772588,12:59:43.820,5.866754
12:59:43.821,58.168449,12:59:43.821,37.99208,12:59:43.821,5.852287
12:59:43.822,59.417864,12:59:43.822,38.127152,12:59:43.822,5.846368
12:59:43.823,59.890616,12:59:43.823,38.211572,12:59:43.823,5.839463
12:59:43.824,59.924384,12:59:43.824,38.194688,12:59:43.824,5.828284
12:59:43.825,59.755544,12:59:43.825,38.24534,12:59:43.825,5.822366
12:59:43.826,59.0633,12:59:43.826,38.262224,12:59:43.826,5.825654
12:59:43.827,58.286637,12:59:43.827,38.194688,12:59:43.827,5.826969
12:59:43.828,58.387941,12:59:43.828,38.093384,12:59:43.828,5.830257
12:59:43.829,59.198372,12:59:43.829,38.194688,12:59:43.829,5.829928
12:59:43.830,60.464672,12:59:43.830,38.41418,12:59:43.830,5.834532
12:59:43.831,61.443943,12:59:43.831,38.549252,12:59:43.831,5.792445
12:59:43.832,61.781623,12:59:43.832,38.83628,12:59:43.832,5.782253
12:59:43.833,61.173799,12:59:43.833,39.08954,12:59:43.833,5.792445
12:59:43.834,59.789312,12:59:43.834,39.562291,12:59:43.834,5.805926
12:59:43.835,57.23983,12:59:43.835,39.832435,12:59:43.835,5.825983
12:59:43.836,54.487739,12:59:43.836,40.254535,12:59:43.836,5.897989
12:59:43.837,51.701881,12:59:43.837,40.862359,12:59:43.837,5.891742
12:59:43.838,49.439426,12:59:43.838,41.335111,12:59:43.838,5.883193
12:59:43.839,47.953635,12:59:43.839,41.689674,12:59:43.839,5.869055
12:59:43.840,47.261392,12:59:43.840,42.398802,12:59:43.840,5.860178
12:59:43.841,47.345811,12:59:43.841,43.158582,12:59:43.841,5.857876
12:59:43.842,47.396463,12:59:43.842,43.783289,12:59:43.842,5.855246
12:59:43.843,48.443271,12:59:43.843,44.154737,12:59:43.843,5.852944
12:59:43.844,49.675802,12:59:43.844,44.576837,12:59:43.844,5.854259
12:59:43.845,51.212245,12:59:43.845,45.049589,12:59:43.845,5.866754
12:59:43.846,52.951296,12:59:43.846,45.269081,12:59:43.846,5.814146
12:59:43.847,54.808535,12:59:43.847,45.454805,12:59:43.847,5.815461
12:59:43.848,56.716426,12:59:43.848,45.910672,12:59:43.848,5.831572
12:59:43.849,57.864537,12:59:43.849,46.1977,12:59:43.849,5.84308
12:59:43.850,48.139359,12:59:43.850,39.444104,12:59:43.850,-10.650727
12:59:43.851,58.860693,12:59:43.851,45.843136,12:59:43.851,1.145873
12:59:43.852,58.860693,12:59:43.852,45.640528,12:59:43.852,0.975884
12:59:43.853,58.168449,12:59:43.853,45.910672,12:59:43.853,0.764138
12:59:43.854,56.328094,12:59:43.854,45.927556,12:59:43.854,0.5445
12:59:43.855,54.099408,12:59:43.855,45.792484,12:59:43.855,0.320259
12:59:43.856,51.836953,12:59:43.856,45.843136,12:59:43.856,0.106211
12:59:43.857,49.70957,12:59:43.857,45.995092,12:59:43.857,-0.049968
12:59:43.858,47.700375,12:59:43.858,46.163932,12:59:43.858,-0.098959
12:59:43.859,46.096396,12:59:43.859,45.927556,12:59:43.859,-0.111453
12:59:43.860,45.792484,12:59:43.860,45.708064,12:59:43.860,-0.102905
12:59:43.861,46.602916,12:59:43.861,45.708064,12:59:43.861,-0.086794
12:59:43.862,48.341967,12:59:43.862,45.792484,12:59:43.862,-0.071011
12:59:43.863,50.351162,12:59:43.863,46.11328,12:59:43.863,-0.051941
12:59:43.864,50.874566,12:59:43.864,46.653568,12:59:43.864,-0.032213
12:59:43.865,51.364201,12:59:43.865,47.312044,12:59:43.865,-0.0138
12:59:43.866,49.861526,12:59:43.866,47.582187,12:59:43.866,0.001653
12:59:43.867,45.995092,12:59:43.867,47.29516,12:59:43.867,0.001653
12:59:43.868,41.75721,12:59:43.868,47.514651,12:59:43.868,0.00264
12:59:43.869,37.215417,12:59:43.869,48.021171,12:59:43.869,0.003626
12:59:43.870,32.808695,12:59:43.870,49.101747,12:59:43.870,0.002969
12:59:43.871,29.229288,12:59:43.871,49.96283,12:59:43.871,0.002311
12:59:43.872,26.983717,12:59:43.872,50.317394,12:59:43.872,0.002311
12:59:43.873,25.329086,12:59:43.873,50.232974,12:59:43.873,0.002969
12:59:43.874,24.603074,12:59:43.874,50.081018,12:59:43.874,0.003297
12:59:43.875,24.603074,12:59:43.875,49.692686,12:59:43.875,0.002311
12:59:43.876,25.244666,12:59:43.876,49.37189,12:59:43.876,0.003297
12:59:43.877,25.599229,12:59:43.877,49.152398,12:59:43.877,0.003955
12:59:43.878,26.274589,12:59:43.878,49.152398,12:59:43.878,0.001982
12:59:43.879,27.591541,12:59:43.879,48.882255,12:59:43.879,0.002969
12:59:43.880,29.330592,12:59:43.880,48.662763,12:59:43.880,0.002311
12:59:43.881,30.529355,12:59:43.881,48.460155,12:59:43.881,0.000996
12:59:43.882,31.103411,12:59:43.882,48.493923,12:59:43.882,0.001653
12:59:43.883,31.018991,12:59:43.883,48.409503,12:59:43.883,0.000338
12:59:43.884,30.360516,12:59:43.884,48.038055,12:59:43.884,0.001653
12:59:43.885,29.060448,12:59:43.885,47.970519,12:59:43.885,0.001653
12:59:43.886,27.591541,12:59:43.886,48.358851,12:59:43.886,0.002311
12:59:43.887,25.649881,12:59:43.887,48.882255,12:59:43.887,0.002969
12:59:43.888,23.370542,12:59:43.888,49.506962,12:59:43.888,0.001982
12:59:43.889,21.091203,12:59:43.889,50.013482,12:59:43.889,0.002969
12:59:43.890,19.04824,12:59:43.890,50.418698,12:59:43.890,0.001982
12:59:43.891,17.039044,12:59:43.891,50.266742,12:59:43.891,0.003297
12:59:43.892,15.502601,12:59:43.892,50.148554,12:59:43.892,0.001653
12:59:43.893,14.573981,12:59:43.893,50.04725,12:59:43.893,0.002311
12:59:43.894,13.831085,12:59:43.894,50.165438,12:59:43.894,0.001325
12:59:43.895,14.101229,12:59:43.895,49.979714,12:59:43.895,0.002311
12:59:43.896,14.590865,12:59:43.896,49.844642,12:59:43.896,0.002311
12:59:43.897,15.249341,12:59:43.897,49.608266,12:59:43.897,0.001325
12:59:43.898,15.992237,12:59:43.898,49.37189,12:59:43.898,0.00264
12:59:43.899,16.549409,12:59:43.899,48.747183,12:59:43.899,0.002311
12:59:43.900,17.191,12:59:43.900,48.223779,12:59:43.900,0.003626
12:59:43.901,17.680636,12:59:43.901,47.919867,12:59:43.901,0.002311
12:59:43.902,17.95078,12:59:43.902,47.852331,12:59:43.902,0.002311
12:59:43.903,18.187156,12:59:43.903,47.987403,12:59:43.903,0.001653
12:59:43.904,18.37288,12:59:43.904,48.325083,12:59:43.904,0.002969
12:59:43.905,18.220924,12:59:43.905,48.780951,12:59:43.905,0.002311
12:59:43.906,18.0352,12:59:43.906,49.236818,12:59:43.906,0.003626
12:59:43.907,17.815708,12:59:43.907,49.388774,12:59:43.907,0.002969
12:59:43.908,17.342956,12:59:43.908,49.405658,12:59:43.908,0.003297
12:59:43.909,16.735133,12:59:43.909,49.439426,12:59:43.909,0.001982
12:59:43.910,16.279265,12:59:43.910,49.506962,12:59:43.910,0.003626
12:59:43.911,15.722093,12:59:43.911,49.388774,12:59:43.911,0.003297
12:59:43.912,14.270069,12:59:43.912,49.219934,12:59:43.912,0.003626
12:59:43.913,9.593203,12:59:43.913,49.219934,12:59:43.913,0.003297
12:59:43.914,3.852644,12:59:43.914,49.321238,12:59:43.914,0.001325
12:59:43.915,-0.385239,12:59:43.915,49.051095,12:59:43.915,0.005599
12:59:43.916,-2.782766,12:59:43.916,48.865371,12:59:43.916,0.001982
12:59:43.917,-3.339938,12:59:43.917,48.544575,12:59:43.917,0.00264
12:59:43.918,-3.407474,12:59:43.918,48.595227,12:59:43.918,0.004284
12:59:43.919,-3.407474,12:59:43.919,48.510807,12:59:43.919,0.00264
12:59:43.920,-3.407474,12:59:43.920,48.493923,12:59:43.920,0.00264
12:59:43.921,-3.424358,12:59:43.921,48.612111,12:59:43.921,0.002969
12:59:43.922,-3.407474,12:59:43.922,48.814719,12:59:43.922,0.00264
12:59:43.923,-3.424358,12:59:43.923,48.764067,12:59:43.923,0.002311
12:59:43.924,-3.424358,12:59:43.924,48.814719,12:59:43.924,0.002311
12:59:43.925,-3.407474,12:59:43.925,48.696531,12:59:43.925,0.001325
12:59:43.926,-3.407474,12:59:43.926,48.493923,12:59:43.926,0.00264
12:59:43.927,-3.407474,12:59:43.927,48.291315,12:59:43.927,0.001653
12:59:43.928,-3.373706,12:59:43.928,48.071823,12:59:43.928,0.002311
12:59:43.929,-3.255518,12:59:43.929,48.021171,12:59:43.929,0.002311
12:59:43.930,-2.225594,12:59:43.930,47.936751,12:59:43.930,0.002311
12:59:43.931,0.458961,12:59:43.931,47.869215,12:59:43.931,0.002311
12:59:43.932,3.987716,12:59:43.932,47.700375,12:59:43.932,0.002969
12:59:43.933,7.516471,12:59:43.933,47.548419,12:59:43.933,0.001982
12:59:43.934,11.028342,12:59:43.934,47.514651,12:59:43.934,0.002969
12:59:43.935,14.236301,12:59:43.935,47.413347,12:59:43.935,0.001653
12:59:43.936,16.718249,12:59:43.936,47.227624,12:59:43.936,0.003297
12:59:43.937,18.659908,12:59:43.937,47.29516,12:59:43.937,0.003626
12:59:43.938,20.162583,12:59:43.938,47.463999,12:59:43.938,0.00264
12:59:43.939,21.479535,12:59:43.939,47.362695,12:59:43.939,0.001982
12:59:43.940,22.222431,12:59:43.940,47.176972,12:59:43.940,0.003297
12:59:43.941,22.222431,12:59:43.941,47.109436,12:59:43.941,0.002969
12:59:43.942,21.411999,12:59:43.942,46.95748,12:59:43.942,0.001982
12:59:43.943,20.263887,12:59:43.943,46.95748,12:59:43.943,0.002969
12:59:43.944,18.727444,12:59:43.944,46.754872,12:59:43.944,0.002311
12:59:43.945,16.633829,12:59:43.945,46.569148,12:59:43.945,0.001982
12:59:43.946,14.253185,12:59:43.946,46.602916,12:59:43.946,0.00264
12:59:43.947,11.720586,12:59:43.947,46.586032,12:59:43.947,0.004612
12:59:43.948,9.103567,12:59:43.948,46.467844,12:59:43.948,0.001653
12:59:43.949,6.317708,12:59:43.949,46.349656,12:59:43.949,0.002969
12:59:43.950,3.430544,12:59:43.950,46.586032,12:59:43.950,0.00264
12:59:43.951,0.745989,12:59:43.951,46.417192,12:59:43.951,0.002311
12:59:43.952,-1.229439,12:59:43.952,46.349656,12:59:43.952,0.003297
12:59:43.953,-2.529506,12:59:43.953,46.248352,12:59:43.953,0.002311
12:59:43.954,-3.103562,12:59:43.954,46.248352,12:59:43.954,0.00264
12:59:43.955,-3.272402,12:59:43.955,46.1977,12:59:43.955,0.004284
12:59:43.956,-3.30617,12:59:43.956,46.02886,12:59:43.956,0.001982
12:59:43.957,-3.323054,12:59:43.957,45.86002,12:59:43.957,0.00264
12:59:43.958,-3.356822,12:59:43.958,45.589876,12:59:43.958,0.002969
12:59:43.959,-3.356822,12:59:43.959,45.556108,12:59:43.959,0.002969
12:59:43.960,-3.339938,12:59:43.960,45.252197,12:59:43.960,0.00264
12:59:43.961,-3.323054,12:59:43.961,44.965169,12:59:43.961,0.003297
12:59:43.962,-3.22175,12:59:43.962,44.931401,12:59:43.962,0.002311
12:59:43.963,-2.867186,12:59:43.963,44.762561,12:59:43.963,0.001653
12:59:43.964,-1.989218,12:59:43.964,44.559953,12:59:43.964,0.004284
12:59:43.965,-0.469659,12:59:43.965,44.475533,12:59:43.965,0.003297
12:59:43.966,1.218741,12:59:43.966,44.593721,12:59:43.966,0.003626
12:59:43.967,2.90714,12:59:43.967,44.695025,12:59:43.967,0.00264
12:59:43.968,4.612424,12:59:43.968,44.661257,12:59:43.968,0.001982
12:59:43.969,6.250172,12:59:43.969,44.796329,12:59:43.969,0.00264
12:59:43.970,7.871035,12:59:43.970,44.880749,12:59:43.970,0.003297
12:59:43.971,9.272407,12:59:43.971,44.931401,12:59:43.971,0.00264
12:59:43.972,10.454286,12:59:43.972,44.830097,12:59:43.972,0.00264
12:59:43.973,11.382906,12:59:43.973,44.779445,12:59:43.973,0.002311
12:59:43.974,11.805006,12:59:43.974,44.779445,12:59:43.974,0.002969
12:59:43.975,11.838774,12:59:43.975,44.745677,12:59:43.975,0.001982
12:59:43.976,11.669934,12:59:43.976,44.458649,12:59:43.976,0.001653
12:59:43.977,11.332254,12:59:43.977,44.272925,12:59:43.977,0.001982
12:59:43.978,10.420518,12:59:43.978,44.120969,12:59:43.978,0.001653
12:59:43.979,9.491899,12:59:43.979,43.935245,12:59:43.979,0.001982
12:59:43.980,8.546395,12:59:43.980,43.715753,12:59:43.980,0.002969
12:59:43.981,7.381399,12:59:43.981,43.681985,12:59:43.981,0.003297
12:59:43.982,6.081332,12:59:43.982,43.563797,12:59:43.982,0.002969
12:59:43.983,4.663076,12:59:43.983,43.631333,12:59:43.983,0.002969
12:59:43.984,3.211052,12:59:43.984,43.648217,12:59:43.984,0.00264
12:59:43.985,1.961637,12:59:43.985,43.681985,12:59:43.985,0.003626
12:59:43.986,0.847293,12:59:43.986,43.850825,12:59:43.986,0.001982
12:59:43.987,-0.013791,12:59:43.987,44.120969,12:59:43.987,0.003626
12:59:43.988,-0.638499,12:59:43.988,44.070317,12:59:43.988,0.002311
12:59:43.989,-1.195671,12:59:43.989,44.188505,12:59:43.989,0.003626
12:59:43.990,-1.600886,12:59:43.990,44.306693,12:59:43.990,0.003626
12:59:43.991,-1.752842,12:59:43.991,44.357345,12:59:43.991,0.001653
12:59:43.992,-1.87103,12:59:43.992,44.272925,12:59:43.992,0.003297
12:59:43.993,-1.904798,12:59:43.993,44.002781,12:59:43.993,0.00264
12:59:43.994,-1.820378,12:59:43.994,43.969013,12:59:43.994,0.001325
12:59:43.995,-1.651538,12:59:43.995,43.985897,12:59:43.995,0.00264
12:59:43.996,-1.263207,12:59:43.996,43.665101,12:59:43.996,0.000996
12:59:43.997,-0.874875,12:59:43.997,43.411842,12:59:43.997,0.003297
12:59:43.998,-0.267051,12:59:43.998,43.462494,12:59:43.998,0.00264
12:59:43.999,0.509613,12:59:43.999,43.36119,12:59:43.999,0.002969
12:59:44.000,1.353813,12:59:44.000,43.310538,12:59:44.000,0.001982
12:59:44.001,2.231781,12:59:44.001,43.27677,12:59:44.001,0.001982
12:59:44.002,2.924024,12:59:44.002,43.513146,12:59:44.002,0.001325
12:59:44.003,3.683804,12:59:44.003,43.681985,12:59:44.003,0.002969
12:59:44.004,4.105904,12:59:44.004,43.749521,12:59:44.004,0.003626
12:59:44.005,4.646192,12:59:44.005,43.850825,12:59:44.005,0.002311
12:59:44.006,4.950104,12:59:44.006,44.019665,12:59:44.006,0.002311
12:59:44.007,5.254016,12:59:44.007,44.171621,12:59:44.007,0.003297
12:59:44.008,5.389088,12:59:44.008,44.087201,12:59:44.008,0.004284
12:59:44.009,5.389088,12:59:44.009,44.070317,12:59:44.009,0.001982
12:59:44.010,5.203364,12:59:44.010,43.969013,12:59:44.010,0.003297
12:59:44.011,5.085176,12:59:44.011,44.053433,12:59:44.011,0.002311
12:59:44.012,4.696844,12:59:44.012,43.766405,12:59:44.012,0.002969
12:59:44.013,4.308512,12:59:44.013,43.648217,12:59:44.013,0.00264
12:59:44.014,3.886412,12:59:44.014,43.563797,12:59:44.014,0.004284
12:59:44.015,3.481196,12:59:44.015,43.563797,12:59:44.015,0.002311
12:59:44.016,3.092864,12:59:44.016,43.479378,12:59:44.016,0.00264
12:59:44.017,2.670765,12:59:44.017,43.394958,12:59:44.017,0.00264
12:59:44.018,2.265549,12:59:44.018,43.496262,12:59:44.018,0.001325
12:59:44.019,1.809681,12:59:44.019,43.665101,12:59:44.019,0.001982
12:59:44.020,1.421349,12:59:44.020,43.749521,12:59:44.020,0.001982
12:59:44.021,1.033017,12:59:44.021,43.817057,12:59:44.021,0.00264
12:59:44.022,0.729105,12:59:44.022,43.952129,12:59:44.022,0.003626
12:59:44.023,0.492729,12:59:44.023,44.087201,12:59:44.023,0.001982
12:59:44.024,0.273237,12:59:44.024,44.087201,12:59:44.024,0.003955
12:59:44.025,0.171933,12:59:44.025,44.188505,12:59:44.025,0.004284
12:59:44.026,0.188817,12:59:44.026,44.188505,12:59:44.026,0.002311
12:59:44.027,0.188817,12:59:44.027,44.205389,12:59:44.027,0.003626
12:59:44.028,0.307005,12:59:44.028,44.137853,12:59:44.028,0.001653
12:59:44.029,0.458961,12:59:44.029,44.120969,12:59:44.029,0.001982
12:59:44.030,0.661569,12:59:44.030,43.985897,12:59:44.030,0.003626
12:59:44.031,0.931713,12:59:44.031,44.070317,12:59:44.031,0.001982
12:59:44.032,1.201857,12:59:44.032,43.952129,12:59:44.032,0.00264
12:59:44.033,1.556421,12:59:44.033,43.884593,12:59:44.033,0.003297
12:59:44.034,1.894101,12:59:44.034,43.901477,12:59:44.034,0.002969
12:59:44.035,2.248665,12:59:44.035,44.070317,12:59:44.035,0.002311
12:59:44.036,2.670765,12:59:44.036,44.087201,12:59:44.036,0.003297
12:59:44.037,2.99156,12:59:44.037,44.154737,12:59:44.037,0.001653
12:59:44.038,3.447428,12:59:44.038,44.239157,12:59:44.038,0.003297
12:59:44.039,3.717572,12:59:44.039,44.441765,12:59:44.039,0.00264
12:59:44.040,3.92018,12:59:44.040,44.424881,12:59:44.040,0.001982
12:59:44.041,4.038368,12:59:44.041,44.424881,12:59:44.041,0.001653
12:59:44.042,4.105904,12:59:44.042,44.475533,12:59:44.042,0.002969
12:59:44.043,4.139672,12:59:44.043,44.509301,12:59:44.043,0.002969
12:59:44.044,4.122788,12:59:44.044,44.492417,12:59:44.044,0.003955
12:59:44.045,4.156556,12:59:44.045,44.357345,12:59:44.045,0.003626
12:59:44.046,3.987716,12:59:44.046,44.391113,12:59:44.046,0.002969
12:59:44.047,3.83576,12:59:44.047,44.222273,12:59:44.047,0.00264
12:59:44.048,3.768224,12:59:44.048,44.239157,12:59:44.048,0.003955
12:59:44.049,3.514964,12:59:44.049,44.087201,12:59:44.049,0.001982
12:59:44.050,3.261704,12:59:44.050,43.985897,12:59:44.050,0.002311
12:59:44.051,3.025328,12:59:44.051,44.256041,12:59:44.051,0.001982
12:59:44.052,2.788952,12:59:44.052,44.205389,12:59:44.052,0.002311
12:59:44.053,2.620113,12:59:44.053,44.120969,12:59:44.053,0.003297
12:59:44.054,2.366853,12:59:44.054,44.154737,12:59:44.054,0.002311
12:59:44.055,2.164245,12:59:44.055,44.272925,12:59:44.055,0.003626
12:59:44.056,1.894101,12:59:44.056,44.391113,12:59:44.056,0.00264
12:59:44.057,1.759029,12:59:44.057,44.357345,12:59:44.057,0.002969
12:59:44.058,1.623957,12:59:44.058,44.424881,12:59:44.058,0.003297
12:59:44.059,1.539537,12:59:44.059,44.559953,12:59:44.059,0.003626
12:59:44.060,1.488885,12:59:44.060,44.526185,12:59:44.060,0.00264
12:59:44.061,1.505769,12:59:44.061,44.509301,12:59:44.061,0.003955
12:59:44.062,1.539537,12:59:44.062,44.441765,12:59:44.062,0.001982
12:59:44.063,1.539537,12:59:44.063,44.610605,12:59:44.063,0.002311
12:59:44.064,1.590189,12:59:44.064,44.509301,12:59:44.064,0.003626
12:59:44.065,1.742145,12:59:44.065,44.407997,12:59:44.065,0.003297
12:59:44.066,1.809681,12:59:44.066,44.407997,12:59:44.066,0.003955
12:59:44.067,1.961637,12:59:44.067,44.424881,12:59:44.067,0.003297
12:59:44.068,2.130477,12:59:44.068,44.357345,12:59:44.068,0.001653
12:59:44.069,2.316201,12:59:44.069,44.272925,12:59:44.069,0.002311
12:59:44.070,2.501925,12:59:44.070,44.272925,12:59:44.070,0.003626
12:59:44.071,2.636997,12:59:44.071,44.323577,12:59:44.071,0.00264
12:59:44.072,2.805836,12:59:44.072,44.205389,12:59:44.072,0.002969
12:59:44.073,3.07598,12:59:44.073,44.104085,12:59:44.073,0.002969
12:59:44.074,3.194168,12:59:44.074,44.070317,12:59:44.074,0.003955
12:59:44.075,3.379892,12:59:44.075,44.222273,12:59:44.075,0.002969
12:59:44.076,3.49808,12:59:44.076,44.222273,12:59:44.076,0.002311
12:59:44.077,3.734456,12:59:44.077,44.104085,12:59:44.077,0.00264
12:59:44.078,3.785108,12:59:44.078,44.070317,12:59:44.078,0.002311
12:59:44.079,3.83576,12:59:44.079,44.120969,12:59:44.079,0.001982
12:59:44.080,3.818876,12:59:44.080,44.087201,12:59:44.080,0.003297
12:59:44.081,3.818876,12:59:44.081,43.969013,12:59:44.081,0.000996
12:59:44.082,3.818876,12:59:44.082,43.918361,12:59:44.082,0.002311
12:59:44.083,3.700688,12:59:44.083,44.154737,12:59:44.083,0.001982
12:59:44.084,3.5825,12:59:44.084,44.087201,12:59:44.084,0.00264
12:59:44.085,3.49808,12:59:44.085,44.036549,12:59:44.085,0.003626
12:59:44.086,3.379892,12:59:44.086,43.952129,12:59:44.086,0.003297
12:59:44.087,3.312356,12:59:44.087,44.036549,12:59:44.087,0.001653
12:59:44.088,3.211052,12:59:44.088,44.053433,12:59:44.088,0.003297
12:59:44.089,3.092864,12:59:44.089,43.935245,12:59:44.089,0.00264
12:59:44.090,2.890256,12:59:44.090,43.800173,12:59:44.090,0.003297
12:59:44.091,2.772068,12:59:44.091,43.935245,12:59:44.091,0.00264
12:59:44.092,2.636997,12:59:44.092,43.800173,12:59:44.092,0.003297
12:59:44.093,2.518809,12:59:44.093,43.648217,12:59:44.093,0.002311
12:59:44.094,2.417505,12:59:44.094,43.631333,12:59:44.094,0.002969
12:59:44.095,2.299317,12:59:44.095,43.665101,12:59:44.095,0.00264
12:59:44.096,2.214897,12:59:44.096,43.614449,12:59:44.096,0.003297
12:59:44.097,2.214897,12:59:44.097,43.462494,12:59:44.097,0.002969
12:59:44.098,2.198013,12:59:44.098,43.411842,12:59:44.098,0.003297
12:59:44.099,2.113593,12:59:44.099,43.513146,12:59:44.099,0.003297
12:59:44.100,2.079825,12:59:44.100,43.631333,12:59:44.100,0.001325
12:59:44.101,2.164245,12:59:44.101,43.411842,12:59:44.101,0.003955
12:59:44.102,2.214897,12:59:44.102,43.44561,12:59:44.102,0.00264
12:59:44.103,2.248665,12:59:44.103,43.479378,12:59:44.103,0.001325
12:59:44.104,2.282433,12:59:44.104,43.513146,12:59:44.104,0.003297
12:59:44.105,2.383737,12:59:44.105,43.44561,12:59:44.105,0.002311
12:59:44.106,2.333085,12:59:44.106,43.394958,12:59:44.106,0.002311
12:59:44.107,2.383737,12:59:44.107,43.394958,12:59:44.107,0.002969
12:59:44.108,2.586345,12:59:44.108,43.496262,12:59:44.108,0.003626
12:59:44.109,2.636997,12:59:44.109,43.36119,12:59:44.109,0.003297
12:59:44.110,2.7383,12:59:44.110,43.344306,12:59:44.110,0.003297
12:59:44.111,2.653881,12:59:44.111,43.27677,12:59:44.111,0.003297
12:59:44.112,2.687649,12:59:44.112,43.36119,12:59:44.112,0.00264
12:59:44.113,2.805836,12:59:44.113,43.226118,12:59:44.113,0.002969
12:59:44.114,2.82272,12:59:44.114,43.19235,12:59:44.114,0.003297
12:59:44.115,2.873372,12:59:44.115,43.27677,12:59:44.115,0.001325
12:59:44.116,2.856488,12:59:44.116,43.293654,12:59:44.116,0.002969
12:59:44.117,2.957792,12:59:44.117,43.074162,12:59:44.117,0.00264
12:59:44.118,2.90714,12:59:44.118,43.006626,12:59:44.118,0.003297
12:59:44.119,2.890256,12:59:44.119,43.141698,12:59:44.119,0.001982
12:59:44.120,2.82272,12:59:44.120,43.074162,12:59:44.120,0.00264
12:59:44.121,2.805836,12:59:44.121,42.93909,12:59:44.121,0.00264
12:59:44.122,2.788952,12:59:44.122,42.93909,12:59:44.122,0.003626
12:59:44.123,2.772068,12:59:44.123,43.02351,12:59:44.123,0.002311
12:59:44.124,2.670765,12:59:44.124,43.091046,12:59:44.124,0.002311
12:59:44.125,2.636997,12:59:44.125,43.006626,12:59:44.125,0.002969
12:59:44.126,2.518809,12:59:44.126,42.905322,12:59:44.126,0.001982
12:59:44.127,2.485041,12:59:44.127,43.006626,12:59:44.127,0.002969
12:59:44.128,2.383737,12:59:44.128,43.006626,12:59:44.128,0.00264
12:59:44.129,2.333085,12:59:44.129,42.888438,12:59:44.129,0.003297
12:59:44.130,2.231781,12:59:44.130,42.787134,12:59:44.130,0.001325
12:59:44.131,2.130477,12:59:44.131,42.905322,12:59:44.131,0.001982
12:59:44.132,2.012289,12:59:44.132,42.922206,12:59:44.132,0.00264
12:59:44.133,1.995405,12:59:44.133,42.77025,12:59:44.133,0.002969
12:59:44.134,2.012289,12:59:44.134,42.702714,12:59:44.134,0.00264
12:59:44.135,1.894101,12:59:44.135,42.736482,12:59:44.135,0.002311
12:59:44.136,1.826565,12:59:44.136,42.652062,12:59:44.136,0.002969
12:59:44.137,1.860333,12:59:44.137,42.60141,12:59:44.137,0.002311
12:59:44.138,1.843449,12:59:44.138,42.60141,12:59:44.138,0.00264
12:59:44.139,1.792797,12:59:44.139,42.60141,12:59:44.139,0.003955
12:59:44.140,1.775913,12:59:44.140,42.618294,12:59:44.140,0.002311
12:59:44.141,1.792797,12:59:44.141,42.466338,12:59:44.141,0.001982
12:59:44.142,1.809681,12:59:44.142,42.500106,12:59:44.142,0.002311
12:59:44.143,1.759029,12:59:44.143,42.500106,12:59:44.143,0.002969
12:59:44.144,1.843449,12:59:44.144,42.500106,12:59:44.144,0.002311
12:59:44.145,1.860333,12:59:44.145,42.466338,12:59:44.145,0.002311
12:59:44.146,1.877217,12:59:44.146,42.550758,12:59:44.146,0.002311
12:59:44.147,1.910985,12:59:44.147,42.635178,12:59:44.147,0.002969
12:59:44.148,1.860333,12:59:44.148,42.584526,12:59:44.148,0.001982
12:59:44.149,1.944753,12:59:44.149,42.60141,12:59:44.149,0.003297
12:59:44.150,1.995405,12:59:44.150,42.466338,12:59:44.150,0.002969
12:59:44.151,2.012289,12:59:44.151,42.466338,12:59:44.151,0.002969
12:59:44.152,2.012289,12:59:44.152,42.533874,12:59:44.152,0.002969
12:59:44.153,2.062941,12:59:44.153,42.398802,12:59:44.153,0.002311
12:59:44.154,2.096709,12:59:44.154,42.297498,12:59:44.154,0.00264
12:59:44.155,2.079825,12:59:44.155,42.314382,12:59:44.155,0.002311
12:59:44.156,2.012289,12:59:44.156,42.26373,12:59:44.156,0.000996
12:59:44.157,1.978521,12:59:44.157,42.196194,12:59:44.157,0.002311
12:59:44.158,2.062941,12:59:44.158,42.128658,12:59:44.158,0.002311
12:59:44.159,2.096709,12:59:44.159,42.162426,12:59:44.159,0.00264
12:59:44.160,2.046057,12:59:44.160,42.17931,12:59:44.160,0.00264
12:59:44.161,2.062941,12:59:44.161,42.111774,12:59:44.161,0.002311
12:59:44.162,1.961637,12:59:44.162,42.213078,12:59:44.162,0.002311
12:59:44.163,1.894101,12:59:44.163,42.213078,12:59:44.163,0.001653
12:59:44.164,1.894101,12:59:44.164,42.314382,12:59:44.164,0.002969
12:59:44.165,1.742145,12:59:44.165,42.229962,12:59:44.165,0.00264
12:59:44.166,1.640841,12:59:44.166,42.246846,12:59:44.166,0.002311
12:59:44.167,1.556421,12:59:44.167,42.162426,12:59:44.167,0.002969
12:59:44.168,1.421349,12:59:44.168,42.331266,12:59:44.168,0.002969
12:59:44.169,1.404465,12:59:44.169,42.196194,12:59:44.169,0.003297
12:59:44.170,1.353813,12:59:44.170,42.09489,12:59:44.170,0.003626
12:59:44.171,1.286277,12:59:44.171,42.145542,12:59:44.171,0.003297
12:59:44.172,1.252509,12:59:44.172,42.044238,12:59:44.172,0.004284
12:59:44.173,1.083669,12:59:44.173,41.993586,12:59:44.173,0.00264
12:59:44.174,1.083669,12:59:44.174,41.892282,12:59:44.174,0.00264
12:59:44.175,1.100553,12:59:44.175,41.959818,12:59:44.175,0.00264
12:59:44.176,1.100553,12:59:44.176,42.027354,12:59:44.176,0.00264
12:59:44.177,1.151205,12:59:44.177,41.92605,12:59:44.177,0.003626
12:59:44.178,1.168089,12:59:44.178,41.993586,12:59:44.178,0.002969
12:59:44.179,1.269393,12:59:44.179,41.909166,12:59:44.179,0.003955
12:59:44.180,1.151205,12:59:44.180,42.111774,12:59:44.180,0.00264
12:59:44.181,1.320045,12:59:44.181,42.027354,12:59:44.181,0.001982
12:59:44.182,1.353813,12:59:44.182,42.027354,12:59:44.182,0.003626
12:59:44.183,1.455117,12:59:44.183,41.993586,12:59:44.183,0.003297
12:59:44.184,1.539537,12:59:44.184,42.09489,12:59:44.184,0.003626
12:59:44.185,1.573305,12:59:44.185,41.959818,12:59:44.185,0.003626
12:59:44.186,1.657725,12:59:44.186,42.027354,12:59:44.186,0.002969
12:59:44.187,1.657725,12:59:44.187,41.875398,12:59:44.187,0.004941
12:59:44.188,1.708377,12:59:44.188,42.061122,12:59:44.188,0.002969
12:59:44.189,1.809681,12:59:44.189,41.892282,12:59:44.189,0.004941
12:59:44.190,1.877217,12:59:44.190,41.84163,12:59:44.190,0.004284
12:59:44.191,1.809681,12:59:44.191,41.909166,12:59:44.191,0.002969
12:59:44.192,1.826565,12:59:44.192,41.92605,12:59:44.192,0.003626
12:59:44.193,1.792797,12:59:44.193,41.875398,12:59:44.193,0.00264
12:59:44.194,1.759029,12:59:44.194,41.807862,12:59:44.194,0.002311
12:59:44.195,1.826565,12:59:44.195,41.723442,12:59:44.195,0.00264
12:59:44.196,1.674609,12:59:44.196,41.909166,12:59:44.196,0.001653
12:59:44.197,1.775913,12:59:44.197,41.892282,12:59:44.197,0.002969
12:59:44.198,1.691493,12:59:44.198,41.892282,12:59:44.198,0.002969
12:59:44.199,1.640841,12:59:44.199,41.807862,12:59:44.199,0.003626
12:59:44.200,1.488885,12:59:44.200,41.858514,12:59:44.200,0.003626
12:59:44.201,1.556421,12:59:44.201,41.909166,12:59:44.201,0.002969
12:59:44.202,1.488885,12:59:44.202,41.875398,12:59:44.202,0.002969
12:59:44.203,1.472001,12:59:44.203,41.892282,12:59:44.203,0.00264
12:59:44.204,1.404465,12:59:44.204,41.824746,12:59:44.204,0.00264
12:59:44.205,1.286277,12:59:44.205,41.909166,12:59:44.205,0.001653
12:59:44.206,1.286277,12:59:44.206,41.67279,12:59:44.206,0.00264
12:59:44.207,1.252509,12:59:44.207,41.655906,12:59:44.207,0.003626
12:59:44.208,1.201857,12:59:44.208,41.790978,12:59:44.208,0.001653
12:59:44.209,1.168089,12:59:44.209,41.58837,12:59:44.209,0.004284
12:59:44.210,1.218741,12:59:44.210,41.605254,12:59:44.210,0.004941
12:59:44.211,1.201857,12:59:44.211,41.520835,12:59:44.211,0.003297
12:59:44.212,1.235625,12:59:44.212,41.689674,12:59:44.212,0.004284
12:59:44.213,1.218741,12:59:44.213,41.605254,12:59:44.213,0.003626
12:59:44.214,1.286277,12:59:44.214,41.537719,12:59:44.214,0.00264
12:59:44.215,1.353813,12:59:44.215,41.605254,12:59:44.215,0.003297
12:59:44.216,1.336929,12:59:44.216,41.622138,12:59:44.216,0.001982
12:59:44.217,1.353813,12:59:44.217,41.58837,12:59:44.217,0.00264
12:59:44.218,1.590189,12:59:44.218,41.503951,12:59:44.218,0.003297
12:59:44.219,1.640841,12:59:44.219,41.605254,12:59:44.219,0.003626
12:59:44.220,1.657725,12:59:44.220,41.67279,12:59:44.220,0.004284
12:59:44.221,1.759029,12:59:44.221,41.571486,12:59:44.221,0.003626
12:59:44.222,1.860333,12:59:44.222,41.571486,12:59:44.222,0.002969
12:59:44.223,1.877217,12:59:44.223,41.520835,12:59:44.223,0.002969
12:59:44.224,1.978521,12:59:44.224,41.723442,12:59:44.224,0.003297
12:59:44.225,2.012289,12:59:44.225,41.723442,12:59:44.225,0.00264
12:59:44.226,2.012289,12:59:44.226,41.622138,12:59:44.226,0.004284
12:59:44.227,2.029173,12:59:44.227,41.58837,12:59:44.227,0.002969
12:59:44.228,2.029173,12:59:44.228,41.655906,12:59:44.228,0.002311
12:59:44.229,1.978521,12:59:44.229,41.622138,12:59:44.229,0.001982
12:59:44.230,2.046057,12:59:44.230,41.503951,12:59:44.230,0.00527
12:59:44.231,1.961637,12:59:44.231,41.470183,12:59:44.231,0.003626
12:59:44.232,1.910985,12:59:44.232,41.503951,12:59:44.232,0.00264
12:59:44.233,1.843449,12:59:44.233,41.639022,12:59:44.233,0.00264
12:59:44.234,1.826565,12:59:44.234,41.470183,12:59:44.234,0.003626
12:59:44.235,1.742145,12:59:44.235,41.537719,12:59:44.235,0.00264
12:59:44.236,1.657725,12:59:44.236,41.554602,12:59:44.236,0.004284
12:59:44.237,1.623957,12:59:44.237,41.571486,12:59:44.237,0.00264
12:59:44.238,1.657725,12:59:44.238,41.605254,12:59:44.238,0.00264
12:59:44.239,1.640841,12:59:44.239,41.470183,12:59:44.239,0.002969
12:59:44.240,1.573305,12:59:44.240,41.605254,12:59:44.240,0.001653
12:59:44.241,1.573305,12:59:44.241,41.655906,12:59:44.241,0.003297
12:59:44.242,1.522653,12:59:44.242,41.453299,12:59:44.242,0.002311
12:59:44.243,1.590189,12:59:44.243,41.402647,12:59:44.243,0.003955
12:59:44.244,1.607073,12:59:44.244,41.58837,12:59:44.244,0.002969
12:59:44.245,1.623957,12:59:44.245,41.58837,12:59:44.245,0.003955
12:59:44.246,1.691493,12:59:44.246,41.520835,12:59:44.246,0.004284
12:59:44.247,1.775913,12:59:44.247,41.470183,12:59:44.247,0.00264
12:59:44.248,1.640841,12:59:44.248,41.470183,12:59:44.248,0.00264
12:59:44.249,1.674609,12:59:44.249,41.537719,12:59:44.249,0.001325
12:59:44.250,1.826565,12:59:44.250,41.453299,12:59:44.250,0.002311
12:59:44.251,1.877217,12:59:44.251,41.368879,12:59:44.251,0.003626
12:59:44.252,1.877217,12:59:44.252,41.419531,12:59:44.252,0.001325
12:59:44.253,1.927869,12:59:44.253,41.470183,12:59:44.253,0.002969
12:59:44.254,2.012289,12:59:44.254,41.284459,12:59:44.254,0.00264
12:59:44.255,2.046057,12:59:44.255,41.351995,12:59:44.255,0.003297
12:59:44.256,2.079825,12:59:44.256,41.335111,12:59:44.256,0.004284
12:59:44.257,2.079825,12:59:44.257,41.385763,12:59:44.257,0.002969
12:59:44.258,2.181129,12:59:44.258,41.385763,12:59:44.258,0.003297
12:59:44.259,2.214897,12:59:44.259,41.368879,12:59:44.259,0.001982
12:59:44.260,2.231781,12:59:44.260,41.385763,12:59:44.260,0.002969
12:59:44.261,2.214897,12:59:44.261,41.368879,12:59:44.261,0.002969
12:59:44.262,2.164245,12:59:44.262,41.385763,12:59:44.262,0.000667
12:59:44.263,2.231781,12:59:44.263,41.351995,12:59:44.263,0.002311
12:59:44.264,2.181129,12:59:44.264,41.419531,12:59:44.264,0.003297
12:59:44.265,2.113593,12:59:44.265,41.402647,12:59:44.265,0.001982
12:59:44.266,2.029173,12:59:44.266,41.385763,12:59:44.266,0.004284
12:59:44.267,2.062941,12:59:44.267,41.385763,12:59:44.267,0.002969
12:59:44.268,1.961637,12:59:44.268,41.335111,12:59:44.268,0.003955
12:59:44.269,1.894101,12:59:44.269,41.419531,12:59:44.269,0.003626
12:59:44.270,1.792797,12:59:44.270,41.301343,12:59:44.270,0.00264
12:59:44.271,1.775913,12:59:44.271,41.233807,12:59:44.271,0.002311
12:59:44.272,1.708377,12:59:44.272,41.216923,12:59:44.272,0.002969
12:59:44.273,1.623957,12:59:44.273,41.250691,12:59:44.273,0.004612
12:59:44.274,1.573305,12:59:44.274,41.183155,12:59:44.274,0.00264
12:59:44.275,1.556421,12:59:44.275,41.115619,12:59:44.275,0.001982
12:59:44.276,1.472001,12:59:44.276,41.115619,12:59:44.276,0.001325
12:59:44.277,1.421349,12:59:44.277,41.166271,12:59:44.277,0.003626
12:59:44.278,1.472001,12:59:44.278,41.064967,12:59:44.278,0.002969
12:59:44.279,1.556421,12:59:44.279,41.081851,12:59:44.279,0.003297
12:59:44.280,1.539537,12:59:44.280,41.098735,12:59:44.280,0.002969
12:59:44.281,1.573305,12:59:44.281,41.216923,12:59:44.281,0.001982
12:59:44.282,1.607073,12:59:44.282,41.048083,12:59:44.282,0.003626
12:59:44.283,1.590189,12:59:44.283,41.031199,12:59:44.283,0.00264
12:59:44.284,1.607073,12:59:44.284,41.031199,12:59:44.284,0.002969
12:59:44.285,1.573305,12:59:44.285,41.132503,12:59:44.285,0.001653
12:59:44.286,1.674609,12:59:44.286,40.913011,12:59:44.286,0.001982
12:59:44.287,1.742145,12:59:44.287,41.081851,12:59:44.287,0.002969
12:59:44.288,1.759029,12:59:44.288,41.014315,12:59:44.288,0.002311
12:59:44.289,1.708377,12:59:44.289,40.963663,12:59:44.289,0.003626
12:59:44.290,1.809681,12:59:44.290,40.896127,12:59:44.290,0.002969
12:59:44.291,1.809681,12:59:44.291,40.862359,12:59:44.291,0.002969
12:59:44.292,1.775913,12:59:44.292,40.845475,12:59:44.292,0.002311
12:59:44.293,1.792797,12:59:44.293,40.879243,12:59:44.293,0.001325
12:59:44.294,1.826565,12:59:44.294,40.710403,12:59:44.294,0.003297
12:59:44.295,1.809681,12:59:44.295,40.727287,12:59:44.295,0.00264
12:59:44.296,1.860333,12:59:44.296,40.744171,12:59:44.296,0.00264
12:59:44.297,1.792797,12:59:44.297,40.811707,12:59:44.297,0.003626
12:59:44.298,1.809681,12:59:44.298,40.727287,12:59:44.298,0.002311
12:59:44.299,1.843449,12:59:44.299,40.777939,12:59:44.299,0.003297
12:59:44.300,1.775913,12:59:44.300,40.744171,12:59:44.300,0.002311
12:59:44.301,1.708377,12:59:44.301,40.761055,12:59:44.301,0.003297
12:59:44.302,1.742145,12:59:44.302,40.609099,12:59:44.302,0.001653
12:59:44.303,1.691493,12:59:44.303,40.558447,12:59:44.303,0.002311
12:59:44.304,1.708377,12:59:44.304,40.592215,12:59:44.304,0.003297
12:59:44.305,1.573305,12:59:44.305,40.693519,12:59:44.305,0.002969
12:59:44.306,1.539537,12:59:44.306,40.592215,12:59:44.306,0.002311
12:59:44.307,1.455117,12:59:44.307,40.490911,12:59:44.307,0.002969
12:59:44.308,1.421349,12:59:44.308,40.507795,12:59:44.308,0.003297
12:59:44.309,1.336929,12:59:44.309,40.710403,12:59:44.309,0.001982
12:59:44.310,1.336929,12:59:44.310,40.541563,12:59:44.310,0.003626
12:59:44.311,1.320045,12:59:44.311,40.389607,12:59:44.311,0.001325
12:59:44.312,1.269393,12:59:44.312,40.389607,12:59:44.312,0.002311
12:59:44.313,1.269393,12:59:44.313,40.575331,12:59:44.313,0.00264
12:59:44.314,1.235625,12:59:44.314,40.457143,12:59:44.314,0.00264
12:59:44.315,1.151205,12:59:44.315,40.271419,12:59:44.315,0.003955
12:59:44.316,1.218741,12:59:44.316,40.322071,12:59:44.316,0.001653
12:59:44.317,1.184973,12:59:44.317,40.389607,12:59:44.317,0.004612
12:59:44.318,1.269393,12:59:44.318,40.305187,12:59:44.318,0.004284
12:59:44.319,1.252509,12:59:44.319,40.305187,12:59:44.319,0.001325
12:59:44.320,1.286277,12:59:44.320,40.237651,12:59:44.320,0.003955
12:59:44.321,1.286277,12:59:44.321,40.288303,12:59:44.321,0.001325
12:59:44.322,1.235625,12:59:44.322,40.254535,12:59:44.322,0.004941
12:59:44.323,1.303161,12:59:44.323,40.220767,12:59:44.323,0.002969
12:59:44.324,1.370697,12:59:44.324,40.288303,12:59:44.324,0.001982
12:59:44.325,1.286277,12:59:44.325,40.254535,12:59:44.325,0.001982
12:59:44.326,1.370697,12:59:44.326,40.203883,12:59:44.326,0.002969
12:59:44.327,1.421349,12:59:44.327,40.136347,12:59:44.327,0.001982
12:59:44.328,1.421349,12:59:44.328,40.119463,12:59:44.328,0.00264
12:59:44.329,1.320045,12:59:44.329,40.237651,12:59:44.329,0.001982
12:59:44.330,1.387581,12:59:44.330,40.085695,12:59:44.330,0.00264
12:59:44.331,1.320045,12:59:44.331,40.068811,12:59:44.331,0.003626
12:59:44.332,1.387581,12:59:44.332,39.984391,12:59:44.332,0.002311
12:59:44.333,1.235625,12:59:44.333,40.051927,12:59:44.333,0.002311
12:59:44.334,1.201857,12:59:44.334,40.085695,12:59:44.334,0.001982
12:59:44.335,1.235625,12:59:44.335,40.001275,12:59:44.335,0.003626
12:59:44.336,1.269393,12:59:44.336,39.967507,12:59:44.336,0.001982
12:59:44.337,1.218741,12:59:44.337,40.035043,12:59:44.337,0.001653
12:59:44.338,1.201857,12:59:44.338,40.051927,12:59:44.338,0.00264
12:59:44.339,1.218741,12:59:44.339,40.102579,12:59:44.339,0.002311
12:59:44.340,1.218741,12:59:44.340,39.933739,12:59:44.340,0.003297
12:59:44.341,1.134321,12:59:44.341,40.153231,12:59:44.341,0.004284
12:59:44.342,1.184973,12:59:44.342,40.136347,12:59:44.342,0.002311
12:59:44.343,1.201857,12:59:44.343,40.035043,12:59:44.343,0.003955
12:59:44.344,1.201857,12:59:44.344,40.051927,12:59:44.344,0.002311
12:59:44.345,1.117437,12:59:44.345,40.051927,12:59:44.345,0.003297
12:59:44.346,1.100553,12:59:44.346,40.068811,12:59:44.346,0.003297
12:59:44.347,1.100553,12:59:44.347,39.950623,12:59:44.347,0.001325
12:59:44.348,1.100553,12:59:44.348,39.916855,12:59:44.348,0.00264
12:59:44.349,1.168089,12:59:44.349,39.984391,12:59:44.349,0.00264
12:59:44.350,1.134321,12:59:44.350,39.984391,12:59:44.350,0.001653
12:59:44.351,1.184973,12:59:44.351,39.832435,12:59:44.351,0.001325
12:59:44.352,1.168089,12:59:44.352,39.916855,12:59:44.352,0.00264
12:59:44.353,1.117437,12:59:44.353,39.899971,12:59:44.353,0.003955
12:59:44.354,1.184973,12:59:44.354,39.916855,12:59:44.354,0.003626
12:59:44.355,1.201857,12:59:44.355,39.832435,12:59:44.355,0.002311
12:59:44.356,1.201857,12:59:44.356,39.815551,12:59:44.356,0.003955
12:59:44.357,1.303161,12:59:44.357,39.883087,12:59:44.357,0.002311
12:59:44.358,1.320045,12:59:44.358,39.883087,12:59:44.358,0.003297
12:59:44.359,1.387581,12:59:44.359,39.849319,12:59:44.359,0.00264
12:59:44.360,1.387581,12:59:44.360,39.832435,12:59:44.360,0.001653
12:59:44.361,1.404465,12:59:44.361,39.933739,12:59:44.361,0.001982
12:59:44.362,1.370697,12:59:44.362,39.832435,12:59:44.362,0.00264
12:59:44.363,1.472001,12:59:44.363,39.815551,12:59:44.363,0.002969
12:59:44.364,1.505769,12:59:44.364,39.883087,12:59:44.364,0.003626
12:59:44.365,1.455117,12:59:44.365,39.832435,12:59:44.365,0.003297
12:59:44.366,1.505769,12:59:44.366,39.916855,12:59:44.366,0.003626
12:59:44.367,1.438233,12:59:44.367,39.764899,12:59:44.367,0.002969
12:59:44.368,1.421349,12:59:44.368,39.714247,12:59:44.368,0.002969
12:59:44.369,1.387581,12:59:44.369,39.832435,12:59:44.369,0.003297
12:59:44.370,1.286277,12:59:44.370,39.764899,12:59:44.370,0.001653
12:59:44.371,1.303161,12:59:44.371,39.731131,12:59:44.371,0.003955
12:59:44.372,1.235625,12:59:44.372,39.764899,12:59:44.372,0.002311
12:59:44.373,1.269393,12:59:44.373,39.798667,12:59:44.373,0.00264
12:59:44.374,1.218741,12:59:44.374,39.832435,12:59:44.374,0.000338
12:59:44.375,1.218741,12:59:44.375,39.748015,12:59:44.375,0.00264
12:59:44.376,1.218741,12:59:44.376,39.731131,12:59:44.376,0.003626
12:59:44.377,1.201857,12:59:44.377,39.714247,12:59:44.377,0.003955
12:59:44.378,1.151205,12:59:44.378,39.883087,12:59:44.378,0.00264
12:59:44.379,1.201857,12:59:44.379,39.731131,12:59:44.379,0.00264
12:59:44.380,1.252509,12:59:44.380,39.697363,12:59:44.380,0.002311
12:59:44.381,1.235625,12:59:44.381,39.764899,12:59:44.381,0.002969
12:59:44.382,1.252509,12:59:44.382,39.781783,12:59:44.382,0.00264
12:59:44.383,1.320045,12:59:44.383,39.748015,12:59:44.383,0.001653
12:59:44.384,1.269393,12:59:44.384,39.815551,12:59:44.384,0.00264
12:59:44.385,1.269393,12:59:44.385,39.798667,12:59:44.385,0.002969
12:59:44.386,1.336929,12:59:44.386,39.815551,12:59:44.386,0.002311
12:59:44.387,1.353813,12:59:44.387,39.714247,12:59:44.387,0.003626
12:59:44.388,1.404465,12:59:44.388,39.629827,12:59:44.388,0.002311
12:59:44.389,1.404465,12:59:44.389,39.748015,12:59:44.389,0.003297
12:59:44.390,1.404465,12:59:44.390,39.714247,12:59:44.390,0.001982
12:59:44.391,1.488885,12:59:44.391,39.629827,12:59:44.391,0.00264
12:59:44.392,1.522653,12:59:44.392,39.697363,12:59:44.392,0.003955
12:59:44.393,1.522653,12:59:44.393,39.663595,12:59:44.393,0.001982
12:59:44.394,1.472001,12:59:44.394,39.612943,12:59:44.394,0.005599
12:59:44.395,1.556421,12:59:44.395,39.629827,12:59:44.395,0.001653
12:59:44.396,1.607073,12:59:44.396,39.562291,12:59:44.396,0.001653
12:59:44.397,1.590189,12:59:44.397,39.646711,12:59:44.397,0.002311
12:59:44.398,1.607073,12:59:44.398,39.764899,12:59:44.398,0.002969
12:59:44.399,1.623957,12:59:44.399,39.528523,12:59:44.399,0.003626
12:59:44.400,1.640841,12:59:44.400,39.562291,12:59:44.400,0.003297
12:59:44.401,1.674609,12:59:44.401,39.714247,12:59:44.401,0.00264
12:59:44.402,1.590189,12:59:44.402,39.714247,12:59:44.402,0.002969
12:59:44.403,1.640841,12:59:44.403,39.663595,12:59:44.403,0.003297
12:59:44.404,1.691493,12:59:44.404,39.596059,12:59:44.404,0.00264
12:59:44.405,1.640841,12:59:44.405,39.646711,12:59:44.405,0.00264
12:59:44.406,1.607073,12:59:44.406,39.764899,12:59:44.406,0.001653
12:59:44.407,1.607073,12:59:44.407,39.562291,12:59:44.407,0.002311
12:59:44.408,1.556421,12:59:44.408,39.477872,12:59:44.408,0.002969
12:59:44.409,1.505769,12:59:44.409,39.562291,12:59:44.409,0.000338
12:59:44.410,1.404465,12:59:44.410,39.663595,12:59:44.410,0.00264
12:59:44.411,1.472001,12:59:44.411,39.376568,12:59:44.411,0.00264
12:59:44.412,1.404465,12:59:44.412,39.444104,12:59:44.412,0.002311
12:59:44.413,1.455117,12:59:44.413,39.444104,12:59:44.413,0.003626
12:59:44.414,1.370697,12:59:44.414,39.477872,12:59:44.414,0.002311
12:59:44.415,1.438233,12:59:44.415,39.460988,12:59:44.415,0.003626
12:59:44.416,1.421349,12:59:44.416,39.393452,12:59:44.416,0.001653
12:59:44.417,1.438233,12:59:44.417,39.410336,12:59:44.417,0.003626
12:59:44.418,1.455117,12:59:44.418,39.562291,12:59:44.418,0.00264
12:59:44.419,1.438233,12:59:44.419,39.477872,12:59:44.419,0.002311
12:59:44.420,1.455117,12:59:44.420,39.477872,12:59:44.420,0.003297
12:59:44.421,1.607073,12:59:44.421,39.460988,12:59:44.421,0.003626
12:59:44.422,1.590189,12:59:44.422,39.494756,12:59:44.422,0.003297
12:59:44.423,1.657725,12:59:44.423,39.42722,12:59:44.423,0.00264
12:59:44.424,1.657725,12:59:44.424,39.410336,12:59:44.424,0.002311
12:59:44.425,1.657725,12:59:44.425,39.359684,12:59:44.425,0.003626
12:59:44.426,1.640841,12:59:44.426,39.3428,12:59:44.426,0.003297
12:59:44.427,1.725261,12:59:44.427,39.325916,12:59:44.427,0.00264
12:59:44.428,1.674609,12:59:44.428,39.224612,12:59:44.428,0.002969
12:59:44.429,1.691493,12:59:44.429,39.140192,12:59:44.429,0.002311
12:59:44.430,1.623957,12:59:44.430,39.309032,12:59:44.430,0.001325
12:59:44.431,1.674609,12:59:44.431,39.17396,12:59:44.431,0.002969
12:59:44.432,1.674609,12:59:44.432,39.123308,12:59:44.432,0.000667
12:59:44.433,1.607073,12:59:44.433,39.08954,12:59:44.433,0.002969
12:59:44.434,1.556421,12:59:44.434,39.190844,12:59:44.434,0.002311
12:59:44.435,1.556421,12:59:44.435,39.055772,12:59:44.435,0.003626
12:59:44.436,1.556421,12:59:44.436,39.157076,12:59:44.436,0.002311
12:59:44.437,1.590189,12:59:44.437,38.971352,12:59:44.437,0.000996
12:59:44.438,1.573305,12:59:44.438,39.157076,12:59:44.438,0.00264
12:59:44.439,1.657725,12:59:44.439,39.08954,12:59:44.439,0.002311
12:59:44.440,1.556421,12:59:44.440,38.988236,12:59:44.440,0.003626
12:59:44.441,1.573305,12:59:44.441,39.038888,12:59:44.441,0.002969
12:59:44.442,1.539537,12:59:44.442,39.157076,12:59:44.442,0.002311
12:59:44.443,1.573305,12:59:44.443,39.038888,12:59:44.443,0.003626
12:59:44.444,1.556421,12:59:44.444,38.988236,12:59:44.444,0.001982
12:59:44.445,1.556421,12:59:44.445,39.00512,12:59:44.445,0.003297
12:59:44.446,1.522653,12:59:44.446,39.055772,12:59:44.446,0.000667
12:59:44.447,1.488885,12:59:44.447,39.055772,12:59:44.447,0.001982
12:59:44.448,1.488885,12:59:44.448,39.00512,12:59:44.448,0.002969
12:59:44.449,1.472001,12:59:44.449,38.9207,12:59:44.449,0.003297
12:59:44.450,1.472001,12:59:44.450,39.022004,12:59:44.450,0.001325
12:59:44.451,1.488885,12:59:44.451,38.886932,12:59:44.451,0.002311
12:59:44.452,1.505769,12:59:44.452,38.785628,12:59:44.452,0.002969
12:59:44.453,1.488885,12:59:44.453,38.768744,12:59:44.453,0.003626
12:59:44.454,1.421349,12:59:44.454,38.819396,12:59:44.454,0.002969
12:59:44.455,1.438233,12:59:44.455,38.785628,12:59:44.455,0.002311
12:59:44.456,1.539537,12:59:44.456,38.785628,12:59:44.456,0.00264
12:59:44.457,1.505769,12:59:44.457,38.83628,12:59:44.457,0.001982
12:59:44.458,1.455117,12:59:44.458,38.802512,12:59:44.458,0.00264
12:59:44.459,1.505769,12:59:44.459,38.819396,12:59:44.459,0.004284
12:59:44.460,1.488885,12:59:44.460,38.734976,12:59:44.460,0.001325
12:59:44.461,1.539537,12:59:44.461,38.768744,12:59:44.461,0.003626
12:59:44.462,1.505769,12:59:44.462,38.718092,12:59:44.462,0.003297
12:59:44.463,1.539537,12:59:44.463,38.75186,12:59:44.463,0.001653
12:59:44.464,1.556421,12:59:44.464,38.616788,12:59:44.464,0.003297
12:59:44.465,1.505769,12:59:44.465,38.66744,12:59:44.465,0.003626
12:59:44.466,1.505769,12:59:44.466,38.734976,12:59:44.466,0.004612
12:59:44.467,1.539537,12:59:44.467,38.718092,12:59:44.467,0.002969
12:59:44.468,1.488885,12:59:44.468,38.66744,12:59:44.468,0.001982
12:59:44.469,1.488885,12:59:44.469,38.599904,12:59:44.469,0.001982
12:59:44.470,1.421349,12:59:44.470,38.650556,12:59:44.470,0.002969
12:59:44.471,1.421349,12:59:44.471,38.599904,12:59:44.471,0.00264
12:59:44.472,1.370697,12:59:44.472,38.532368,12:59:44.472,0.002311
12:59:44.473,1.404465,12:59:44.473,38.532368,12:59:44.473,0.001982
12:59:44.474,1.336929,12:59:44.474,38.599904,12:59:44.474,0.003626
12:59:44.475,1.370697,12:59:44.475,38.515484,12:59:44.475,0.003955
12:59:44.476,1.320045,12:59:44.476,38.515484,12:59:44.476,0.001982
12:59:44.477,1.286277,12:59:44.477,38.4986,12:59:44.477,0.002969
12:59:44.478,1.286277,12:59:44.478,38.549252,12:59:44.478,0.001653
12:59:44.479,1.286277,12:59:44.479,38.532368,12:59:44.479,0.002311
12:59:44.480,1.320045,12:59:44.480,38.481716,12:59:44.480,0.003297
12:59:44.481,1.370697,12:59:44.481,38.464832,12:59:44.481,0.001982
12:59:44.482,1.336929,12:59:44.482,38.4986,12:59:44.482,0.003626
12:59:44.483,1.286277,12:59:44.483,38.447948,12:59:44.483,0.00264
12:59:44.484,1.353813,12:59:44.484,38.397296,12:59:44.484,0.003955
12:59:44.485,1.303161,12:59:44.485,38.464832,12:59:44.485,0.00264
12:59:44.486,1.303161,12:59:44.486,38.515484,12:59:44.486,0.001325
12:59:44.487,1.370697,12:59:44.487,38.566136,12:59:44.487,0.003955
12:59:44.488,1.336929,12:59:44.488,38.431064,12:59:44.488,0.002311
12:59:44.489,1.252509,12:59:44.489,38.363528,12:59:44.489,0.005599
12:59:44.490,1.303161,12:59:44.490,38.4986,12:59:44.490,0.00264
12:59:44.491,1.252509,12:59:44.491,38.380412,12:59:44.491,0.003626
12:59:44.492,1.303161,12:59:44.492,38.41418,12:59:44.492,0.00264
12:59:44.493,1.320045,12:59:44.493,38.312876,12:59:44.493,0.001982
12:59:44.494,1.201857,12:59:44.494,38.363528,12:59:44.494,0.00264
12:59:44.495,1.235625,12:59:44.495,38.295992,12:59:44.495,0.003955
12:59:44.496,1.269393,12:59:44.496,38.295992,12:59:44.496,0.00264
12:59:44.497,1.269393,12:59:44.497,38.346644,12:59:44.497,0.002969
12:59:44.498,1.269393,12:59:44.498,38.363528,12:59:44.498,0.003955
12:59:44.499,1.252509,12:59:44.499,38.380412,12:59:44.499,0.00264
12:59:44.500,1.269393,12:59:44.500,38.228456,12:59:44.500,0.00264
12:59:44.501,1.320045,12:59:44.501,38.32976,12:59:44.501,0.001982
12:59:44.502,1.269393,12:59:44.502,38.363528,12:59:44.502,0.001653
12:59:44.503,1.252509,12:59:44.503,38.447948,12:59:44.503,0.003297
12:59:44.504,1.303161,12:59:44.504,38.262224,12:59:44.504,0.001653
12:59:44.505,1.303161,12:59:44.505,38.295992,12:59:44.505,0.003955
12:59:44.506,1.303161,12:59:44.506,38.32976,12:59:44.506,0.001982
12:59:44.507,1.303161,12:59:44.507,38.380412,12:59:44.507,0.002969
12:59:44.508,1.252509,12:59:44.508,38.312876,12:59:44.508,0.002311
12:59:44.509,1.286277,12:59:44.509,38.279108,12:59:44.509,0.001982
12:59:44.510,1.235625,12:59:44.510,38.295992,12:59:44.510,0.002969
12:59:44.511,1.252509,12:59:44.511,38.346644,12:59:44.511,0.001982
12:59:44.512,1.235625,12:59:44.512,38.211572,12:59:44.512,0.003297
12:59:44.513,1.218741,12:59:44.513,38.144036,12:59:44.513,0.003955
12:59:44.514,1.218741,12:59:44.514,38.211572,12:59:44.514,0.001653
12:59:44.515,1.184973,12:59:44.515,38.295992,12:59:44.515,0.002969
12:59:44.516,1.269393,12:59:44.516,38.211572,12:59:44.516,0.003626
12:59:44.517,1.252509,12:59:44.517,38.177804,12:59:44.517,0.002969
12:59:44.518,1.235625,12:59:44.518,38.211572,12:59:44.518,0.001982
12:59:44.519,1.286277,12:59:44.519,38.312876,12:59:44.519,0.001982
12:59:44.520,1.336929,12:59:44.520,38.16092,12:59:44.520,0.003626
12:59:44.521,1.353813,12:59:44.521,38.211572,12:59:44.521,0.003297
12:59:44.522,1.252509,12:59:44.522,38.228456,12:59:44.522,0.002311
12:59:44.523,1.303161,12:59:44.523,38.228456,12:59:44.523,0.003297
12:59:44.524,1.370697,12:59:44.524,38.16092,12:59:44.524,0.003626
12:59:44.525,1.438233,12:59:44.525,38.16092,12:59:44.525,0.002969
12:59:44.526,1.336929,12:59:44.526,38.228456,12:59:44.526,0.002969
12:59:44.527,1.320045,12:59:44.527,38.24534,12:59:44.527,0.001982
12:59:44.528,1.353813,12:59:44.528,38.110268,12:59:44.528,0.00264
12:59:44.529,1.370697,12:59:44.529,38.110268,12:59:44.529,0.002969
12:59:44.530,1.421349,12:59:44.530,38.0765,12:59:44.530,0.002311
12:59:44.531,1.353813,12:59:44.531,38.093384,12:59:44.531,0.003297
12:59:44.532,1.336929,12:59:44.532,38.0765,12:59:44.532,0.00264
12:59:44.533,1.370697,12:59:44.533,38.025848,12:59:44.533,0.003297
12:59:44.534,1.320045,12:59:44.534,38.059616,12:59:44.534,0.003626
12:59:44.535,1.286277,12:59:44.535,38.093384,12:59:44.535,0.002311
12:59:44.536,1.320045,12:59:44.536,38.127152,12:59:44.536,0.003626
12:59:44.537,1.303161,12:59:44.537,38.059616,12:59:44.537,0.001653
12:59:44.538,1.336929,12:59:44.538,38.025848,12:59:44.538,0.003626
12:59:44.539,1.336929,12:59:44.539,38.025848,12:59:44.539,0.002311
12:59:44.540,1.404465,12:59:44.540,37.99208,12:59:44.540,0.00264
12:59:44.541,1.387581,12:59:44.541,37.958312,12:59:44.541,0.003626
12:59:44.542,1.421349,12:59:44.542,37.941428,12:59:44.542,0.00264
12:59:44.543,1.404465,12:59:44.543,38.093384,12:59:44.543,0.003297
12:59:44.544,1.438233,12:59:44.544,38.110268,12:59:44.544,0.001982
12:59:44.545,1.472001,12:59:44.545,38.008964,12:59:44.545,0.003297
12:59:44.546,1.404465,12:59:44.546,38.025848,12:59:44.546,0.003626
12:59:44.547,1.353813,12:59:44.547,38.008964,12:59:44.547,0.003626
12:59:44.548,1.472001,12:59:44.548,37.975196,12:59:44.548,0.001982
12:59:44.549,1.472001,12:59:44.549,37.975196,12:59:44.549,0.002311
12:59:44.550,1.472001,12:59:44.550,37.890776,12:59:44.550,0.00264
12:59:44.551,1.505769,12:59:44.551,37.958312,12:59:44.551,0.002311
12:59:44.552,1.522653,12:59:44.552,37.789472,12:59:44.552,0.002311
12:59:44.553,1.505769,12:59:44.553,37.82324,12:59:44.553,0.001982
12:59:44.554,1.438233,12:59:44.554,37.840124,12:59:44.554,0.003297
12:59:44.555,1.438233,12:59:44.555,37.840124,12:59:44.555,0.002311
12:59:44.556,1.472001,12:59:44.556,37.705052,12:59:44.556,0.001982
12:59:44.557,1.505769,12:59:44.557,37.73882,12:59:44.557,0.004284
12:59:44.558,1.505769,12:59:44.558,37.806356,12:59:44.558,0.002311
12:59:44.559,1.505769,12:59:44.559,37.806356,12:59:44.559,0.003955
12:59:44.560,1.573305,12:59:44.560,37.840124,12:59:44.560,0.002969
12:59:44.561,1.607073,12:59:44.561,37.789472,12:59:44.561,0.003955
12:59:44.562,1.556421,12:59:44.562,37.755704,12:59:44.562,0.003297
12:59:44.563,1.556421,12:59:44.563,37.840124,12:59:44.563,0.00264
12:59:44.564,1.522653,12:59:44.564,37.772588,12:59:44.564,0.003626
12:59:44.565,1.640841,12:59:44.565,37.73882,12:59:44.565,0.00264
12:59:44.566,1.556421,12:59:44.566,37.755704,12:59:44.566,0.002969
12:59:44.567,1.556421,12:59:44.567,37.789472,12:59:44.567,0.00264
12:59:44.568,1.590189,12:59:44.568,37.637516,12:59:44.568,0.001982
12:59:44.569,1.590189,12:59:44.569,37.603748,12:59:44.569,0.002969
12:59:44.570,1.590189,12:59:44.570,37.586864,12:59:44.570,0.003626
12:59:44.571,1.556421,12:59:44.571,37.586864,12:59:44.571,0.002311
12:59:44.572,1.590189,12:59:44.572,37.56998,12:59:44.572,0.002969
12:59:44.573,1.607073,12:59:44.573,37.519328,12:59:44.573,0.002311
12:59:44.574,1.590189,12:59:44.574,37.536212,12:59:44.574,0.002969
12:59:44.575,1.522653,12:59:44.575,37.519328,12:59:44.575,0.003626
12:59:44.576,1.556421,12:59:44.576,37.468676,12:59:44.576,0.001653
12:59:44.577,1.590189,12:59:44.577,37.502444,12:59:44.577,0.001982
12:59:44.578,1.623957,12:59:44.578,37.48556,12:59:44.578,0.002311
12:59:44.579,1.607073,12:59:44.579,37.586864,12:59:44.579,0.001982
12:59:44.580,1.657725,12:59:44.580,37.553096,12:59:44.580,0.003626
12:59:44.581,1.657725,12:59:44.581,37.48556,12:59:44.581,0.002969
12:59:44.582,1.640841,12:59:44.582,37.434908,12:59:44.582,0.003626
12:59:44.583,1.674609,12:59:44.583,37.603748,12:59:44.583,0.003297
12:59:44.584,1.623957,12:59:44.584,37.519328,12:59:44.584,0.001982
12:59:44.585,1.657725,12:59:44.585,37.468676,12:59:44.585,0.003955
12:59:44.586,1.742145,12:59:44.586,37.40114,12:59:44.586,0.001982
12:59:44.587,1.607073,12:59:44.587,37.451792,12:59:44.587,0.003955
12:59:44.588,1.640841,12:59:44.588,37.434908,12:59:44.588,0.003297
12:59:44.589,1.657725,12:59:44.589,37.299837,12:59:44.589,0.002311
12:59:44.590,1.657725,12:59:44.590,37.367373,12:59:44.590,0.002311
12:59:44.591,1.573305,12:59:44.591,37.384256,12:59:44.591,0.00264
12:59:44.592,1.607073,12:59:44.592,37.350489,12:59:44.592,0.003955
12:59:44.593,1.590189,12:59:44.593,37.350489,12:59:44.593,0.003626
12:59:44.594,1.539537,12:59:44.594,37.266069,12:59:44.594,0.00264
12:59:44.595,1.488885,12:59:44.595,37.367373,12:59:44.595,0.002969
12:59:44.596,1.522653,12:59:44.596,37.316721,12:59:44.596,0.003626
12:59:44.597,1.488885,12:59:44.597,37.198533,12:59:44.597,0.003297
12:59:44.598,1.505769,12:59:44.598,37.232301,12:59:44.598,0.002311
12:59:44.599,1.505769,12:59:44.599,37.333605,12:59:44.599,0.001325
12:59:44.600,1.455117,12:59:44.600,37.266069,12:59:44.600,0.001982
12:59:44.601,1.455117,12:59:44.601,37.282953,12:59:44.601,0.002969
12:59:44.602,1.556421,12:59:44.602,37.299837,12:59:44.602,0.001653
12:59:44.603,1.539537,12:59:44.603,37.299837,12:59:44.603,0.003626
12:59:44.604,1.539537,12:59:44.604,37.266069,12:59:44.604,0.001982
12:59:44.605,1.556421,12:59:44.605,37.215417,12:59:44.605,0.002969
12:59:44.606,1.539537,12:59:44.606,37.316721,12:59:44.606,0.003297
12:59:44.607,1.573305,12:59:44.607,37.266069,12:59:44.607,0.001653
12:59:44.608,1.590189,12:59:44.608,37.232301,12:59:44.608,0.003626
12:59:44.609,1.556421,12:59:44.609,37.130997,12:59:44.609,0.00264
12:59:44.610,1.573305,12:59:44.610,37.063461,12:59:44.610,0.004612
12:59:44.611,1.556421,12:59:44.611,37.130997,12:59:44.611,0.002969
12:59:44.612,1.623957,12:59:44.612,37.097229,12:59:44.612,0.002311
12:59:44.613,1.573305,12:59:44.613,37.097229,12:59:44.613,0.003626
12:59:44.614,1.623957,12:59:44.614,37.147881,12:59:44.614,0.001982
12:59:44.615,1.556421,12:59:44.615,37.130997,12:59:44.615,0.003626
12:59:44.616,1.522653,12:59:44.616,37.114113,12:59:44.616,0.001653
12:59:44.617,1.674609,12:59:44.617,37.114113,12:59:44.617,0.001982
12:59:44.618,1.623957,12:59:44.618,37.029693,12:59:44.618,0.003626
12:59:44.619,1.640841,12:59:44.619,37.164765,12:59:44.619,0.004284
12:59:44.620,1.539537,12:59:44.620,37.181649,12:59:44.620,0.002311
12:59:44.621,1.674609,12:59:44.621,37.046577,12:59:44.621,0.00264
12:59:44.622,1.607073,12:59:44.622,37.012809,12:59:44.622,0.002969
12:59:44.623,1.539537,12:59:44.623,37.012809,12:59:44.623,0.002969
12:59:44.624,1.623957,12:59:44.624,37.130997,12:59:44.624,0.00264
12:59:44.625,1.590189,12:59:44.625,37.080345,12:59:44.625,0.002311
12:59:44.626,1.522653,12:59:44.626,36.995925,12:59:44.626,0.001982
12:59:44.627,1.556421,12:59:44.627,37.164765,12:59:44.627,0.003297
12:59:44.628,1.488885,12:59:44.628,37.029693,12:59:44.628,0.001982
12:59:44.629,1.472001,12:59:44.629,36.928389,12:59:44.629,0.003626
12:59:44.630,1.472001,12:59:44.630,36.979041,12:59:44.630,0.00264
12:59:44.631,1.404465,12:59:44.631,36.877737,12:59:44.631,0.003626
12:59:44.632,1.404465,12:59:44.632,36.995925,12:59:44.632,0.00264
12:59:44.633,1.370697,12:59:44.633,36.843969,12:59:44.633,0.002311
12:59:44.634,1.404465,12:59:44.634,36.911505,12:59:44.634,0.003626
12:59:44.635,1.353813,12:59:44.635,36.911505,12:59:44.635,0.002311
12:59:44.636,1.336929,12:59:44.636,36.928389,12:59:44.636,0.003626
12:59:44.637,1.320045,12:59:44.637,36.860853,12:59:44.637,0.002311
12:59:44.638,1.438233,12:59:44.638,36.877737,12:59:44.638,0.002311
12:59:44.639,1.303161,12:59:44.639,36.945273,12:59:44.639,0.00264
12:59:44.640,1.421349,12:59:44.640,36.995925,12:59:44.640,0.002311
12:59:44.641,1.455117,12:59:44.641,36.911505,12:59:44.641,0.002969
12:59:44.642,1.472001,12:59:44.642,36.894621,12:59:44.642,0.003297
12:59:44.643,1.404465,12:59:44.643,36.877737,12:59:44.643,0.001982
12:59:44.644,1.455117,12:59:44.644,36.911505,12:59:44.644,0.003297
12:59:44.645,1.505769,12:59:44.645,36.877737,12:59:44.645,0.003955
12:59:44.646,1.488885,12:59:44.646,36.810201,12:59:44.646,0.00264
12:59:44.647,1.488885,12:59:44.647,36.877737,12:59:44.647,0.001982
12:59:44.648,1.472001,12:59:44.648,36.928389,12:59:44.648,0.001325
12:59:44.649,1.539537,12:59:44.649,36.776433,12:59:44.649,0.001653
12:59:44.650,1.438233,12:59:44.650,36.793317,12:59:44.650,0.002969
12:59:44.651,1.387581,12:59:44.651,36.810201,12:59:44.651,0.000996
12:59:44.652,1.488885,12:59:44.652,36.793317,12:59:44.652,0.002311
12:59:44.653,1.438233,12:59:44.653,36.725781,12:59:44.653,0.002311
12:59:44.654,1.455117,12:59:44.654,36.675129,12:59:44.654,0.001982
12:59:44.655,1.438233,12:59:44.655,36.793317,12:59:44.655,0.002969
12:59:44.656,1.320045,12:59:44.656,36.793317,12:59:44.656,0.00264
12:59:44.657,1.404465,12:59:44.657,36.810201,12:59:44.657,0.002969
12:59:44.658,1.505769,12:59:44.658,36.675129,12:59:44.658,0.001653
12:59:44.659,1.387581,12:59:44.659,36.759549,12:59:44.659,0.003297
12:59:44.660,1.370697,12:59:44.660,36.810201,12:59:44.660,0.003626
12:59:44.661,1.404465,12:59:44.661,36.759549,12:59:44.661,0.002311
12:59:44.662,1.455117,12:59:44.662,36.675129,12:59:44.662,0.003626
12:59:44.663,1.438233,12:59:44.663,36.692013,12:59:44.663,0.002969
12:59:44.664,1.438233,12:59:44.664,36.692013,12:59:44.664,0.001653
12:59:44.665,1.387581,12:59:44.665,36.641361,12:59:44.665,0.001653
12:59:44.666,1.472001,12:59:44.666,36.573825,12:59:44.666,0.003297
12:59:44.667,1.404465,12:59:44.667,36.708897,12:59:44.667,0.002311
12:59:44.668,1.438233,12:59:44.668,36.692013,12:59:44.668,0.003955
12:59:44.669,1.421349,12:59:44.669,36.573825,12:59:44.669,0.002969
12:59:44.670,1.387581,12:59:44.670,36.590709,12:59:44.670,0.00264
12:59:44.671,1.387581,12:59:44.671,36.590709,12:59:44.671,0.003297
12:59:44.672,1.336929,12:59:44.672,36.523173,12:59:44.672,0.00264
12:59:44.673,1.455117,12:59:44.673,36.523173,12:59:44.673,0.002311
12:59:44.674,1.404465,12:59:44.674,36.421869,12:59:44.674,0.000996
12:59:44.675,1.387581,12:59:44.675,36.540057,12:59:44.675,0.003626
12:59:44.676,1.353813,12:59:44.676,36.523173,12:59:44.676,0.001982
12:59:44.677,1.438233,12:59:44.677,36.438753,12:59:44.677,0.000667
12:59:44.678,1.421349,12:59:44.678,36.472521,12:59:44.678,0.003955
12:59:44.679,1.455117,12:59:44.679,36.523173,12:59:44.679,0.003297
12:59:44.680,1.438233,12:59:44.680,36.523173,12:59:44.680,0.00264
12:59:44.681,1.472001,12:59:44.681,36.607593,12:59:44.681,0.003955
12:59:44.682,1.539537,12:59:44.682,36.523173,12:59:44.682,0.001325
12:59:44.683,1.522653,12:59:44.683,36.607593,12:59:44.683,0.003626
12:59:44.684,1.488885,12:59:44.684,36.624477,12:59:44.684,0.00264
12:59:44.685,1.556421,12:59:44.685,36.489405,12:59:44.685,0.004941
12:59:44.686,1.590189,12:59:44.686,36.472521,12:59:44.686,0.001982
12:59:44.687,1.455117,12:59:44.687,36.371217,12:59:44.687,0.00264
12:59:44.688,1.505769,12:59:44.688,36.489405,12:59:44.688,0.003297
12:59:44.689,1.505769,12:59:44.689,36.404985,12:59:44.689,0.00264
12:59:44.690,1.522653,12:59:44.690,36.320565,12:59:44.690,0.003297
12:59:44.691,1.505769,12:59:44.691,36.269913,12:59:44.691,0.00264
12:59:44.692,1.488885,12:59:44.692,36.421869,12:59:44.692,0.001982
12:59:44.693,1.488885,12:59:44.693,36.185493,12:59:44.693,0.003297
12:59:44.694,1.539537,12:59:44.694,36.303681,12:59:44.694,0.003955
12:59:44.695,1.505769,12:59:44.695,36.354333,12:59:44.695,0.003626
12:59:44.696,1.421349,12:59:44.696,36.404985,12:59:44.696,0.002311
12:59:44.697,1.522653,12:59:44.697,36.219261,12:59:44.697,0.001982
12:59:44.698,1.522653,12:59:44.698,36.269913,12:59:44.698,0.001653
12:59:44.699,1.505769,12:59:44.699,36.185493,12:59:44.699,0.002969
12:59:44.700,1.522653,12:59:44.700,36.269913,12:59:44.700,0.000996
12:59:44.701,1.573305,12:59:44.701,36.337449,12:59:44.701,0.003626
12:59:44.702,1.556421,12:59:44.702,36.236145,12:59:44.702,0.00264
12:59:44.703,1.556421,12:59:44.703,36.253029,12:59:44.703,0.003626
12:59:44.704,1.556421,12:59:44.704,36.286797,12:59:44.704,0.003955
12:59:44.705,1.607073,12:59:44.705,36.236145,12:59:44.705,0.002969
12:59:44.706,1.573305,12:59:44.706,36.236145,12:59:44.706,0.004284
12:59:44.707,1.573305,12:59:44.707,36.219261,12:59:44.707,0.001325
12:59:44.708,1.607073,12:59:44.708,36.303681,12:59:44.708,0.004941
12:59:44.709,1.539537,12:59:44.709,36.202377,12:59:44.709,0.003297
12:59:44.710,1.590189,12:59:44.710,36.117957,12:59:44.710,0.001982
12:59:44.711,1.573305,12:59:44.711,36.101073,12:59:44.711,0.003626
12:59:44.712,1.539537,12:59:44.712,36.168609,12:59:44.712,0.00264
12:59:44.713,1.556421,12:59:44.713,36.067305,12:59:44.713,0.002969
12:59:44.714,1.539537,12:59:44.714,36.050421,12:59:44.714,0.001325
12:59:44.715,1.539537,12:59:44.715,36.084189,12:59:44.715,0.002969
12:59:44.716,1.505769,12:59:44.716,36.151725,12:59:44.716,0.002311
12:59:44.717,1.623957,12:59:44.717,36.117957,12:59:44.717,0.004612
12:59:44.718,1.573305,12:59:44.718,36.050421,12:59:44.718,0.003297
12:59:44.719,1.640841,12:59:44.719,36.084189,12:59:44.719,0.003297
12:59:44.720,1.607073,12:59:44.720,36.084189,12:59:44.720,0.003297
12:59:44.721,1.623957,12:59:44.721,36.016653,12:59:44.721,0.003297
12:59:44.722,1.623957,12:59:44.722,36.016653,12:59:44.722,0.002311
12:59:44.723,1.640841,12:59:44.723,36.016653,12:59:44.723,0.001325
12:59:44.724,1.640841,12:59:44.724,36.134841,12:59:44.724,0.003297
12:59:44.725,1.640841,12:59:44.725,36.134841,12:59:44.725,0.00264
12:59:44.726,1.623957,12:59:44.726,36.050421,12:59:44.726,0.002311
12:59:44.727,1.691493,12:59:44.727,35.982885,12:59:44.727,0.002969
12:59:44.728,1.640841,12:59:44.728,36.117957,12:59:44.728,0.00264
12:59:44.729,1.573305,12:59:44.729,35.932233,12:59:44.729,0.003297
12:59:44.730,1.708377,12:59:44.730,35.932233,12:59:44.730,0.003626
12:59:44.731,1.674609,12:59:44.731,35.915349,12:59:44.731,0.001982
12:59:44.732,1.556421,12:59:44.732,36.067305,12:59:44.732,0.002969
12:59:44.733,1.623957,12:59:44.733,35.915349,12:59:44.733,0.00264
12:59:44.734,1.640841,12:59:44.734,35.847813,12:59:44.734,0.003626
12:59:44.735,1.657725,12:59:44.735,35.915349,12:59:44.735,0.002969
12:59:44.736,1.573305,12:59:44.736,35.932233,12:59:44.736,0.002311
12:59:44.737,1.640841,12:59:44.737,35.949117,12:59:44.737,0.003955
12:59:44.738,1.607073,12:59:44.738,35.898465,12:59:44.738,0.001325
12:59:44.739,1.657725,12:59:44.739,35.949117,12:59:44.739,0.001982
12:59:44.740,1.623957,12:59:44.740,35.949117,12:59:44.740,0.00264
12:59:44.741,1.674609,12:59:44.741,35.966001,12:59:44.741,0.00264
12:59:44.742,1.708377,12:59:44.742,35.830929,12:59:44.742,0.003297
12:59:44.743,1.742145,12:59:44.743,35.881581,12:59:44.743,0.00264
12:59:44.744,1.742145,12:59:44.744,35.864697,12:59:44.744,0.004612
12:59:44.745,1.708377,12:59:44.745,35.864697,12:59:44.745,0.003297
12:59:44.746,1.691493,12:59:44.746,35.814045,12:59:44.746,0.003626
12:59:44.747,1.657725,12:59:44.747,35.763393,12:59:44.747,0.00264
12:59:44.748,1.674609,12:59:44.748,35.864697,12:59:44.748,0.00264
12:59:44.749,1.657725,12:59:44.749,35.814045,12:59:44.749,0.002969
12:59:44.750,1.691493,12:59:44.750,35.746509,12:59:44.750,0.00264
12:59:44.751,1.674609,12:59:44.751,35.847813,12:59:44.751,0.00264
12:59:44.752,1.657725,12:59:44.752,35.814045,12:59:44.752,0.001982
12:59:44.753,1.607073,12:59:44.753,35.695857,12:59:44.753,0.009216
12:59:44.754,1.607073,12:59:44.754,35.695857,12:59:44.754,2.156928
12:59:44.755,1.623957,12:59:44.755,35.662089,12:59:44.755,5.398547
12:59:44.756,1.674609,12:59:44.756,35.695857,12:59:44.756,5.795076
12:59:44.757,1.607073,12:59:44.757,35.830929,12:59:44.757,5.814146
12:59:44.758,1.657725,12:59:44.758,35.729625,12:59:44.758,5.825983
12:59:44.759,1.640841,12:59:44.759,35.695857,12:59:44.759,5.842094
12:59:44.760,1.691493,12:59:44.760,35.712741,12:59:44.760,5.857547
12:59:44.761,1.607073,12:59:44.761,35.746509,12:59:44.761,5.860178
12:59:44.762,1.708377,12:59:44.762,35.645205,12:59:44.762,5.866754
12:59:44.763,1.623957,12:59:44.763,35.645205,12:59:44.763,5.874316
12:59:44.764,1.657725,12:59:44.764,35.712741,12:59:44.764,5.887139
12:59:44.765,1.742145,12:59:44.765,35.594553,12:59:44.765,5.84308
12:59:44.766,1.826565,12:59:44.766,35.611437,12:59:44.766,5.82138
12:59:44.767,2.181129,12:59:44.767,35.712741,12:59:44.767,5.831901
12:59:44.768,2.434389,12:59:44.768,35.678973,12:59:44.768,5.856232
12:59:44.769,3.126632,12:59:44.769,35.729625,12:59:44.769,5.940733
12:59:44.770,4.51112,12:59:44.770,35.543901,12:59:44.770,5.940404
12:59:44.771,7.026835,12:59:44.771,35.645205,12:59:44.771,5.932842
12:59:44.772,10.049071,12:59:44.772,35.695857,12:59:44.772,5.93876
12:59:44.773,12.75051,12:59:44.773,35.594553,12:59:44.773,5.945665
12:59:44.774,15.772745,12:59:44.774,35.476365,12:59:44.774,5.901606
12:59:44.775,19.706716,12:59:44.775,35.510133,12:59:44.775,5.859849
12:59:44.776,23.877062,12:59:44.776,35.493249,12:59:44.776,5.86215
12:59:44.777,28.537044,12:59:44.777,35.594553,12:59:44.777,5.87037
12:59:44.778,33.956806,12:59:44.778,35.577669,12:59:44.778,5.866096
12:59:44.779,40.389607,12:59:44.779,35.560785,12:59:44.779,5.892071
12:59:44.780,47.565303,12:59:44.780,35.560785,12:59:44.780,5.925279
12:59:44.781,54.977375,12:59:44.781,35.594553,12:59:44.781,5.924622
12:59:44.782,62.271258,12:59:44.782,35.476365,12:59:44.782,5.921005
12:59:44.783,69.345649,12:59:44.783,35.307525,12:59:44.783,5.908511
12:59:44.784,76.200548,12:59:44.784,35.375061,12:59:44.784,5.913772
12:59:44.785,82.31255,12:59:44.785,35.527017,12:59:44.785,5.908511
12:59:44.786,87.14137,12:59:44.786,35.527017,12:59:44.786,5.832888
12:59:44.787,89.437592,12:59:44.787,35.560785,12:59:44.787,5.821051
12:59:44.788,87.158254,12:59:44.788,35.729625,12:59:44.788,5.825325
12:59:44.789,81.215091,12:59:44.789,35.780277,12:59:44.789,5.844724
12:59:44.790,73.600414,12:59:44.790,35.780277,12:59:44.790,5.915744
12:59:44.791,66.205228,12:59:44.791,35.830929,12:59:44.791,5.927252
12:59:44.792,62.001115,12:59:44.792,35.966001,12:59:44.792,5.908511
12:59:44.793,56.919034,12:59:44.793,35.949117,12:59:44.793,5.902592
12:59:44.794,48.223779,12:59:44.794,35.729625,12:59:44.794,5.897989
12:59:44.795,40.254535,12:59:44.795,35.678973,12:59:44.795,5.877933
12:59:44.796,34.90231,12:59:44.796,35.729625,12:59:44.796,5.837162
12:59:44.797,31.981379,12:59:44.797,35.611437,12:59:44.797,5.826312
12:59:44.798,30.968339,12:59:44.798,35.645205,12:59:44.798,5.832559
12:59:44.799,31.052759,12:59:44.799,35.594553,12:59:44.799,5.871357
12:59:44.800,32.808695,12:59:44.800,35.746509,12:59:44.800,5.906209
12:59:44.801,35.999769,12:59:44.801,35.746509,12:59:44.801,5.902592
12:59:44.802,40.642867,12:59:44.802,35.560785,12:59:44.802,5.89503
12:59:44.803,46.28212,12:59:44.803,35.729625,12:59:44.803,5.885495
12:59:44.804,51.735649,12:59:44.804,35.898465,12:59:44.804,5.878261
12:59:44.805,55.669619,12:59:44.805,36.185493,12:59:44.805,5.877604
12:59:44.806,58.708737,12:59:44.806,36.354333,12:59:44.806,5.879577
12:59:44.807,61.460827,12:59:44.807,36.354333,12:59:44.807,5.880892
12:59:44.808,63.318066,12:59:44.808,36.556941,12:59:44.808,5.877275
12:59:44.809,64.516829,12:59:44.809,36.658245,12:59:44.809,5.818092
12:59:44.810,65.884432,12:59:44.810,36.675129,12:59:44.810,5.815461
12:59:44.811,67.555947,12:59:44.811,36.793317,12:59:44.811,5.825983
12:59:44.812,68.366378,12:59:44.812,36.843969,12:59:44.812,5.847683
12:59:44.813,68.07935,12:59:44.813,36.894621,12:59:44.813,5.866754
12:59:44.814,66.948123,12:59:44.814,36.759549,12:59:44.814,5.913443
12:59:44.815,64.786973,12:59:44.815,36.590709,12:59:44.815,5.923964
12:59:44.816,61.747855,12:59:44.816,36.641361,12:59:44.816,5.904565
12:59:44.817,57.915189,12:59:44.817,36.624477,12:59:44.817,5.873658
12:59:44.818,53.8968,12:59:44.818,36.742665,12:59:44.818,5.87333
12:59:44.819,50.688842,12:59:44.819,36.979041,12:59:44.819,5.8513
12:59:44.820,48.662763,12:59:44.820,37.299837,12:59:44.820,5.845053
12:59:44.821,47.632839,12:59:44.821,37.620632,12:59:44.821,5.852615
12:59:44.822,47.345811,12:59:44.822,37.958312,12:59:44.822,5.835189
12:59:44.823,47.852331,12:59:44.823,38.194688,12:59:44.823,5.781924
12:59:44.824,49.45631,12:59:44.824,38.532368,12:59:44.824,5.76943
12:59:44.825,51.870721,12:59:44.825,38.768744,12:59:44.825,5.768115
12:59:44.826,54.437087,12:59:44.826,38.819396,12:59:44.826,5.765813
12:59:44.827,57.273598,12:59:44.827,38.937584,12:59:44.827,5.775019
12:59:44.828,60.194528,12:59:44.828,39.00512,12:59:44.828,5.788171
12:59:44.829,63.014154,12:59:44.829,39.00512,12:59:44.829,5.81842
12:59:44.830,64.381757,12:59:44.830,38.903816,12:59:44.830,5.867411
12:59:44.831,64.584365,12:59:44.831,38.971352,12:59:44.831,5.878919
12:59:44.832,64.044077,12:59:44.832,38.988236,12:59:44.832,5.873001
12:59:44.833,63.014154,12:59:44.833,39.241496,12:59:44.833,5.863466
12:59:44.834,61.308871,12:59:44.834,39.309032,12:59:44.834,5.865438
12:59:44.835,59.029533,12:59:44.835,39.629827,12:59:44.835,5.869055
12:59:44.836,56.98657,12:59:44.836,40.035043,12:59:44.836,5.869055
12:59:44.837,55.416359,12:59:44.837,40.946779,12:59:44.837,5.872343
12:59:44.838,54.133176,12:59:44.838,41.706558,12:59:44.838,5.865438
12:59:44.839,53.457816,12:59:44.839,43.006626,12:59:44.839,5.861822
12:59:44.840,53.64354,12:59:44.840,44.695025,12:59:44.840,5.797706
12:59:44.841,54.318899,12:59:44.841,46.11328,12:59:44.841,5.791788
12:59:44.842,54.977375,12:59:44.842,46.78864,12:59:44.842,5.798364
12:59:44.843,55.500779,12:59:44.843,47.092552,12:59:44.843,5.809543
12:59:44.844,55.433243,12:59:44.844,47.599071,12:59:44.844,5.824668
12:59:44.845,54.943607,12:59:44.845,47.751027,12:59:44.845,5.895688
12:59:44.846,54.031872,12:59:44.846,46.889944,12:59:44.846,5.892729
12:59:44.847,52.444777,12:59:44.847,46.02886,12:59:44.847,5.882865
12:59:44.848,50.503118,12:59:44.848,45.623644,12:59:44.848,5.880563
12:59:44.849,48.544575,12:59:44.849,45.083357,12:59:44.849,5.887139
12:59:44.850,46.805524,12:59:44.850,44.239157,12:59:44.850,0.875929
12:59:44.851,46.02886,12:59:44.851,43.783289,12:59:44.851,0.558967
12:59:44.852,45.454805,12:59:44.852,43.513146,12:59:44.852,0.264692
12:59:44.853,45.201545,12:59:44.853,43.513146,12:59:44.853,0.001325
12:59:44.854,45.488572,12:59:44.854,43.614449,12:59:44.854,-0.111453
12:59:44.855,46.332772,12:59:44.855,44.407997,12:59:44.855,-0.14795
12:59:44.856,47.919867,12:59:44.856,45.708064,12:59:44.856,-0.160444
12:59:44.857,49.62515,12:59:44.857,46.95748,12:59:44.857,-0.16176
12:59:44.858,50.72261,12:59:44.858,47.683491,12:59:44.858,-0.160773
12:59:44.859,51.752533,12:59:44.859,47.987403,12:59:44.859,-0.154526
12:59:44.860,53.103252,12:59:44.860,47.869215,12:59:44.860,-0.148279
12:59:44.861,54.639695,12:59:44.861,47.615955,12:59:44.861,-0.13973
12:59:44.862,54.318899,12:59:44.862,47.176972,12:59:44.862,-0.130195
12:59:44.863,51.617461,12:59:44.863,46.95748,12:59:44.863,-0.118358
12:59:44.864,47.666607,12:59:44.864,47.143204,12:59:44.864,-0.107508
12:59:44.865,42.314382,12:59:44.865,47.599071,12:59:44.865,-0.091397
12:59:44.866,35.020498,12:59:44.866,47.12632,12:59:44.866,-0.079231
12:59:44.867,27.439585,12:59:44.867,46.518496,12:59:44.867,-0.064435
12:59:44.868,21.800331,12:59:44.868,46.248352,12:59:44.868,-0.048324
12:59:44.869,18.068968,12:59:44.869,46.569148,12:59:44.869,-0.035172
12:59:44.870,16.093541,12:59:44.870,46.856176,12:59:44.870,-0.021034
12:59:44.871,16.144193,12:59:44.871,47.261392,12:59:44.871,-0.013143
12:59:44.872,17.511796,12:59:44.872,48.054939,12:59:44.872,-0.010183
12:59:44.873,20.061279,12:59:44.873,48.747183,12:59:44.873,-0.007882
12:59:44.874,22.847138,12:59:44.874,48.848487,12:59:44.874,-0.008868
12:59:44.875,25.34597,12:59:44.875,48.747183,12:59:44.875,-0.00558
12:59:44.876,27.338281,12:59:44.876,49.135515,12:59:44.876,-0.008539
12:59:44.877,28.959144,12:59:44.877,49.591382,12:59:44.877,-0.010512
12:59:44.878,30.647543,12:59:44.878,49.912178,12:59:44.878,-0.012156
12:59:44.879,32.200871,12:59:44.879,50.114786,12:59:44.879,-0.01117
12:59:44.880,33.38275,12:59:44.880,50.097902,12:59:44.880,-0.011827
12:59:44.881,33.399634,12:59:44.881,50.38493,12:59:44.881,-0.012814
12:59:44.882,32.319059,12:59:44.882,50.266742,12:59:44.882,-0.0138
12:59:44.883,30.259212,12:59:44.883,50.13167,12:59:44.883,-0.014129
12:59:44.884,27.152557,12:59:44.884,49.996598,12:59:44.884,-0.014129
12:59:44.885,23.640686,12:59:44.885,49.777106,12:59:44.885,-0.015773
12:59:44.886,19.605412,12:59:44.886,49.355006,12:59:44.886,-0.014458
12:59:44.887,16.397453,12:59:44.887,49.000443,12:59:44.887,-0.014129
12:59:44.888,14.151881,12:59:44.888,48.409503,12:59:44.888,-0.017088
12:59:44.889,12.868698,12:59:44.889,47.953635,12:59:44.889,-0.016759
12:59:44.890,12.311526,12:59:44.890,47.531535,12:59:44.890,-0.018403
12:59:44.891,12.277758,12:59:44.891,47.21074,12:59:44.891,-0.018732
12:59:44.892,12.49725,12:59:44.892,47.075668,12:59:44.892,-0.019719
12:59:44.893,12.970002,12:59:44.893,47.29516,12:59:44.893,-0.020705
12:59:44.894,13.577825,12:59:44.894,47.447115,12:59:44.894,-0.020705
12:59:44.895,14.303837,12:59:44.895,47.632839,12:59:44.895,-0.022678
12:59:44.896,15.198689,12:59:44.896,48.156243,12:59:44.896,-0.022678
12:59:44.897,16.026005,12:59:44.897,48.916023,12:59:44.897,-0.023335
12:59:44.898,16.752017,12:59:44.898,49.726454,12:59:44.898,-0.024651
12:59:44.899,17.579332,12:59:44.899,50.249858,12:59:44.899,-0.025637
12:59:44.900,17.86636,12:59:44.900,50.688842,12:59:44.900,-0.025966
12:59:44.901,17.883244,12:59:44.901,51.077173,12:59:44.901,-0.029254
12:59:44.902,17.78194,12:59:44.902,50.975869,12:59:44.902,-0.028267
12:59:44.903,17.326072,12:59:44.903,50.63819,12:59:44.903,-0.028596
12:59:44.904,16.870204,12:59:44.904,50.21609,12:59:44.904,-0.029911
12:59:44.905,16.397453,12:59:44.905,49.675802,12:59:44.905,-0.029911
12:59:44.906,15.451949,12:59:44.906,48.865371,12:59:44.906,-0.029254
12:59:44.907,12.851814,12:59:44.907,47.936751,12:59:44.907,-0.028925
12:59:44.908,7.803499,12:59:44.908,47.12632,12:59:44.908,-0.028925
12:59:44.909,2.687649,12:59:44.909,46.602916,12:59:44.909,-0.024651
12:59:44.910,-1.111251,12:59:44.910,46.180816,12:59:44.910,-0.025637
12:59:44.911,-3.187982,12:59:44.911,45.995092,12:59:44.911,-0.022349
12:59:44.912,-3.39059,12:59:44.912,46.130164,12:59:44.912,-0.021691
12:59:44.913,-3.39059,12:59:44.913,46.602916,12:59:44.913,-0.020705
12:59:44.914,-3.407474,12:59:44.914,47.261392,12:59:44.914,-0.018732
12:59:44.915,-3.407474,12:59:44.915,47.801679,12:59:44.915,-0.015115
12:59:44.916,-3.424358,12:59:44.916,48.443271,12:59:44.916,-0.015115
12:59:44.917,-3.424358,12:59:44.917,49.355006,12:59:44.917,-0.012814
12:59:44.918,-3.424358,12:59:44.918,50.013482,12:59:44.918,-0.01117
12:59:44.919,-3.407474,12:59:44.919,50.165438,12:59:44.919,-0.008868
12:59:44.920,-3.39059,12:59:44.920,50.232974,12:59:44.920,-0.007224
12:59:44.921,-3.407474,12:59:44.921,50.114786,12:59:44.921,-0.003936
12:59:44.922,-3.39059,12:59:44.922,49.861526,12:59:44.922,-0.003607
12:59:44.923,-3.39059,12:59:44.923,49.186166,12:59:44.923,-0.001963
12:59:44.924,-3.30617,12:59:44.924,48.510807,12:59:44.924,-0.000648
12:59:44.925,-2.732114,12:59:44.925,47.751027,12:59:44.925,0.000338
12:59:44.926,-0.486543,12:59:44.926,47.058784,12:59:44.926,-0.000648
12:59:44.927,3.059096,12:59:44.927,46.28212,12:59:44.927,0.000338
12:59:44.928,6.942415,12:59:44.928,45.86002,12:59:44.928,-0.000648
12:59:44.929,10.30233,12:59:44.929,45.556108,12:59:44.929,0.000009
12:59:44.930,13.358334,12:59:44.930,45.589876,12:59:44.930,0.000338
12:59:44.931,16.380569,12:59:44.931,45.60676,12:59:44.931,0.000338
12:59:44.932,19.031356,12:59:44.932,46.079512,12:59:44.932,0.001325
12:59:44.933,21.209391,12:59:44.933,46.501612,12:59:44.933,0.000338
12:59:44.934,22.593879,12:59:44.934,47.075668,12:59:44.934,0.000338
12:59:44.935,23.252354,12:59:44.935,47.278276,12:59:44.935,0.000338
12:59:44.936,23.336774,12:59:44.936,47.531535,12:59:44.936,0.002311
12:59:44.937,22.948442,12:59:44.937,47.835447,12:59:44.937,0.000338
12:59:44.938,21.986055,12:59:44.938,47.886099,12:59:44.938,0.001982
12:59:44.939,20.449611,12:59:44.939,47.801679,12:59:44.939,0.000996
12:59:44.940,18.389764,12:59:44.940,47.430231,12:59:44.940,0.000009
12:59:44.941,16.245497,12:59:44.941,47.227624,12:59:44.941,0.001325
12:59:44.942,13.898621,12:59:44.942,46.856176,12:59:44.942,0.000996
12:59:44.943,11.06211,12:59:44.943,46.315888,12:59:44.943,0.001653
12:59:44.944,7.972339,12:59:44.944,45.843136,12:59:44.944,0.001653
12:59:44.945,5.034524,12:59:44.945,45.488572,12:59:44.945,0.001325
12:59:44.946,2.096709,12:59:44.946,45.353501,12:59:44.946,0.003297
12:59:44.947,-0.520311,12:59:44.947,45.201545,12:59:44.947,0.001653
12:59:44.948,-2.259362,12:59:44.948,45.134009,12:59:44.948,0.000338
12:59:44.949,-3.069794,12:59:44.949,45.404153,12:59:44.949,0.000996
12:59:44.950,-3.289286,12:59:44.950,45.437921,12:59:44.950,0.000996
12:59:44.951,-3.356822,12:59:44.951,45.505456,12:59:44.951,0.000667
12:59:44.952,-3.339938,12:59:44.952,45.539224,12:59:44.952,0.001653
12:59:44.953,-3.356822,12:59:44.953,45.572992,12:59:44.953,0.000996
12:59:44.954,-3.39059,12:59:44.954,45.7756,12:59:44.954,0.001325
12:59:44.955,-3.356822,12:59:44.955,45.52234,12:59:44.955,0.000009
12:59:44.956,-3.323054,12:59:44.956,45.505456,12:59:44.956,0.002311
12:59:44.957,-3.238634,12:59:44.957,45.387269,12:59:44.957,0.000667
12:59:44.958,-2.985374,12:59:44.958,45.302849,12:59:44.958,0.001982
12:59:44.959,-2.29313,12:59:44.959,44.931401,12:59:44.959,0.002311
12:59:44.960,-0.976179,12:59:44.960,44.661257,12:59:44.960,0.001982
12:59:44.961,0.678453,12:59:44.961,44.374229,12:59:44.961,0.001325
12:59:44.962,2.468157,12:59:44.962,44.222273,12:59:44.962,0.003297
12:59:44.963,4.240976,12:59:44.963,44.087201,12:59:44.963,0.001653
12:59:44.964,5.980028,12:59:44.964,44.087201,12:59:44.964,0.001653
12:59:44.965,7.702195,12:59:44.965,44.205389,12:59:44.965,0.001325
12:59:44.966,8.816539,12:59:44.966,44.357345,12:59:44.966,0.000667
12:59:44.967,9.812695,12:59:44.967,44.323577,12:59:44.967,0.002311
12:59:44.968,11.416674,12:59:44.968,44.391113,12:59:44.968,0.003297
12:59:44.969,11.754354,12:59:44.969,44.272925,12:59:44.969,0.001653
12:59:44.970,11.99073,12:59:44.970,44.289809,12:59:44.970,0.001653
12:59:44.971,12.15957,12:59:44.971,44.053433,12:59:44.971,0.002969
12:59:44.972,11.771238,12:59:44.972,44.036549,12:59:44.972,0.001653
12:59:44.973,11.23095,12:59:44.973,43.935245,12:59:44.973,0.001982
12:59:44.974,10.572474,12:59:44.974,43.884593,12:59:44.974,0.001325
12:59:44.975,9.221755,12:59:44.975,43.749521,12:59:44.975,0.001982
12:59:44.976,7.786615,12:59:44.976,43.513146,12:59:44.976,0.001653
12:59:44.977,6.486548,12:59:44.977,43.462494,12:59:44.977,0.001653
12:59:44.978,5.118944,12:59:44.978,43.479378,12:59:44.978,0.000996
12:59:44.979,4.038368,12:59:44.979,43.293654,12:59:44.979,0.001325
12:59:44.980,2.924024,12:59:44.980,43.27677,12:59:44.980,0.001653
12:59:44.981,1.657725,12:59:44.981,43.378074,12:59:44.981,0.002969
12:59:44.982,0.864177,12:59:44.982,43.648217,12:59:44.982,0.000996
12:59:44.983,0.003093,12:59:44.983,43.597565,12:59:44.983,0.001982
12:59:44.984,-0.857991,12:59:44.984,43.766405,12:59:44.984,0.001653
12:59:44.985,-1.296975,12:59:44.985,43.732637,12:59:44.985,0.001653
12:59:44.986,-1.499582,12:59:44.986,43.901477,12:59:44.986,0.001325
12:59:44.987,-1.61777,12:59:44.987,43.766405,12:59:44.987,0.002311
12:59:44.988,-1.584002,12:59:44.988,43.698869,12:59:44.988,0.000667
12:59:44.989,-1.668422,12:59:44.989,43.614449,12:59:44.989,0.001653
12:59:44.990,-1.584002,12:59:44.990,43.44561,12:59:44.990,0.001653
12:59:44.991,-1.296975,12:59:44.991,43.344306,12:59:44.991,0.001325
12:59:44.992,-0.857991,12:59:44.992,43.141698,12:59:44.992,0.001982
12:59:44.993,-0.300819,12:59:44.993,43.057278,12:59:44.993,0.003626
12:59:44.994,0.357657,12:59:44.994,43.10793,12:59:44.994,0.001982
12:59:44.995,1.235625,12:59:44.995,43.091046,12:59:44.995,0.002311
12:59:44.996,2.079825,12:59:44.996,43.040394,12:59:44.996,0.002311
12:59:44.997,2.940908,12:59:44.997,43.074162,12:59:44.997,0.001982
12:59:44.998,3.66692,12:59:44.998,43.259886,12:59:44.998,0.002969
12:59:44.999,4.240976,12:59:44.999,43.394958,12:59:44.999,0.001982
12:59:45.000,4.713728,12:59:45.000,43.513146,12:59:45.000,0.001982
12:59:45.001,5.085176,12:59:45.001,43.597565,12:59:45.001,0.001653
12:59:45.002,5.321552,12:59:45.002,43.698869,12:59:45.002,0.001982
12:59:45.003,5.422856,12:59:45.003,43.665101,12:59:45.003,0.003955
12:59:45.004,5.43974,12:59:45.004,43.513146,12:59:45.004,0.001982
12:59:45.005,5.372204,12:59:45.005,43.53003,12:59:45.005,0.003297
12:59:45.006,5.118944,12:59:45.006,43.631333,12:59:45.006,0.002969
12:59:45.007,4.730612,12:59:45.007,43.428726,12:59:45.007,0.002969
12:59:45.008,4.325396,12:59:45.008,43.293654,12:59:45.008,0.001982
12:59:45.009,3.886412,12:59:45.009,43.19235,12:59:45.009,0.001982
12:59:45.010,3.49808,12:59:45.010,43.344306,12:59:45.010,0.001653
12:59:45.011,2.99156,12:59:45.011,43.19235,12:59:45.011,0.003626
12:59:45.012,2.485041,12:59:45.012,43.158582,12:59:45.012,0.002311
12:59:45.013,2.164245,12:59:45.013,43.259886,12:59:45.013,0.001982
12:59:45.014,1.775913,12:59:45.014,43.310538,12:59:45.014,0.002311
12:59:45.015,1.370697,12:59:45.015,43.513146,12:59:45.015,0.001653
12:59:45.016,1.066785,12:59:45.016,43.53003,12:59:45.016,0.001653
12:59:45.017,0.762873,12:59:45.017,43.546913,12:59:45.017,0.001653
12:59:45.018,0.526497,12:59:45.018,43.749521,12:59:45.018,0.001325
12:59:45.019,0.408309,12:59:45.019,43.665101,12:59:45.019,0.001982
12:59:45.020,0.425193,12:59:45.020,43.563797,12:59:45.020,0.00264
12:59:45.021,0.442077,12:59:45.021,43.580681,12:59:45.021,0.001653
12:59:45.022,0.543381,12:59:45.022,43.681985,12:59:45.022,0.002969
12:59:45.023,0.729105,12:59:45.023,43.479378,12:59:45.023,0.003297
12:59:45.024,0.982365,12:59:45.024,43.310538,12:59:45.024,0.00264
12:59:45.025,1.168089,12:59:45.025,43.36119,12:59:45.025,0.00264
12:59:45.026,1.472001,12:59:45.026,43.428726,12:59:45.026,0.002311
12:59:45.027,1.708377,12:59:45.027,43.462494,12:59:45.027,0.000996
12:59:45.028,1.978521,12:59:45.028,43.53003,12:59:45.028,0.001653
12:59:45.029,2.231781,12:59:45.029,43.53003,12:59:45.029,0.002311
12:59:45.030,2.518809,12:59:45.030,43.698869,12:59:45.030,0.001982
12:59:45.031,2.856488,12:59:45.031,43.833941,12:59:45.031,0.002311
12:59:45.032,3.143516,12:59:45.032,43.783289,12:59:45.032,0.002311
12:59:45.033,3.464312,12:59:45.033,43.985897,12:59:45.033,0.001982
12:59:45.034,3.633152,12:59:45.034,44.205389,12:59:45.034,0.000338
12:59:45.035,3.818876,12:59:45.035,44.239157,12:59:45.035,0.003955
12:59:45.036,3.903296,12:59:45.036,44.188505,12:59:45.036,0.002311
12:59:45.037,3.92018,12:59:45.037,44.205389,12:59:45.037,0.002969
12:59:45.038,3.987716,12:59:45.038,44.154737,12:59:45.038,0.00264
12:59:45.039,4.021484,12:59:45.039,44.171621,12:59:45.039,0.002969
12:59:45.040,4.038368,12:59:45.040,43.985897,12:59:45.040,0.002969
12:59:45.041,4.0046,12:59:45.041,43.850825,12:59:45.041,0.001653
12:59:45.042,3.869528,12:59:45.042,43.817057,12:59:45.042,0.00264
12:59:45.043,3.717572,12:59:45.043,43.833941,12:59:45.043,0.002969
12:59:45.044,3.650036,12:59:45.044,43.53003,12:59:45.044,0.001325
12:59:45.045,3.396776,12:59:45.045,43.496262,12:59:45.045,0.001982
12:59:45.046,3.126632,12:59:45.046,43.496262,12:59:45.046,0.00264
12:59:45.047,2.957792,12:59:45.047,43.665101,12:59:45.047,0.003297
12:59:45.048,2.805836,12:59:45.048,43.698869,12:59:45.048,0.00264
12:59:45.049,2.653881,12:59:45.049,43.681985,12:59:45.049,0.00264
12:59:45.050,2.400621,12:59:45.050,43.833941,12:59:45.050,0.002969
12:59:45.051,2.164245,12:59:45.051,44.036549,12:59:45.051,0.002311
12:59:45.052,2.012289,12:59:45.052,43.935245,12:59:45.052,0.00264
12:59:45.053,1.792797,12:59:45.053,44.019665,12:59:45.053,0.001653
12:59:45.054,1.691493,12:59:45.054,44.188505,12:59:45.054,0.00264
12:59:45.055,1.505769,12:59:45.055,44.205389,12:59:45.055,0.000996
12:59:45.056,1.505769,12:59:45.056,44.171621,12:59:45.056,0.001982
12:59:45.057,1.556421,12:59:45.057,44.154737,12:59:45.057,0.003297
12:59:45.058,1.607073,12:59:45.058,44.154737,12:59:45.058,0.002311
12:59:45.059,1.742145,12:59:45.059,44.154737,12:59:45.059,0.002311
12:59:45.060,1.792797,12:59:45.060,44.019665,12:59:45.060,0.002969
12:59:45.061,1.877217,12:59:45.061,43.969013,12:59:45.061,0.001653
12:59:45.062,1.995405,12:59:45.062,43.952129,12:59:45.062,0.000996
12:59:45.063,2.181129,12:59:45.063,43.867709,12:59:45.063,0.002969
12:59:45.064,2.383737,12:59:45.064,43.833941,12:59:45.064,0.002969
12:59:45.065,2.620113,12:59:45.065,43.800173,12:59:45.065,0.002969
12:59:45.066,2.721416,12:59:45.066,43.766405,12:59:45.066,0.002311
12:59:45.067,2.99156,12:59:45.067,43.850825,12:59:45.067,0.001982
12:59:45.068,3.092864,12:59:45.068,43.867709,12:59:45.068,0.002969
12:59:45.069,3.227936,12:59:45.069,43.850825,12:59:45.069,0.002311
12:59:45.070,3.379892,12:59:45.070,43.833941,12:59:45.070,0.002311
12:59:45.071,3.514964,12:59:45.071,43.935245,12:59:45.071,0.002311
12:59:45.072,3.683804,12:59:45.072,43.817057,12:59:45.072,0.003955
12:59:45.073,3.818876,12:59:45.073,43.783289,12:59:45.073,0.002969
12:59:45.074,3.818876,12:59:45.074,43.850825,12:59:45.074,0.002969
12:59:45.075,3.818876,12:59:45.075,43.884593,12:59:45.075,0.001982
12:59:45.076,3.869528,12:59:45.076,43.732637,12:59:45.076,0.001325
12:59:45.077,3.83576,12:59:45.077,43.732637,12:59:45.077,0.00264
12:59:45.078,3.785108,12:59:45.078,43.732637,12:59:45.078,0.001982
12:59:45.079,3.768224,12:59:45.079,43.732637,12:59:45.079,0.001653
12:59:45.080,3.717572,12:59:45.080,43.681985,12:59:45.080,0.00264
12:59:45.081,3.683804,12:59:45.081,43.631333,12:59:45.081,0.002311
12:59:45.082,3.633152,12:59:45.082,43.631333,12:59:45.082,0.002311
12:59:45.083,3.531848,12:59:45.083,43.698869,12:59:45.083,0.002969
12:59:45.084,3.430544,12:59:45.084,43.597565,12:59:45.084,0.001653
12:59:45.085,3.396776,12:59:45.085,43.53003,12:59:45.085,0.001325
12:59:45.086,3.312356,12:59:45.086,43.648217,12:59:45.086,0.00264
12:59:45.087,3.194168,12:59:45.087,43.513146,12:59:45.087,0.002311
12:59:45.088,3.059096,12:59:45.088,43.462494,12:59:45.088,0.002311
12:59:45.089,2.924024,12:59:45.089,43.411842,12:59:45.089,0.003297
12:59:45.090,2.856488,12:59:45.090,43.327422,12:59:45.090,0.002969
12:59:45.091,2.653881,12:59:45.091,43.344306,12:59:45.091,0.001982
12:59:45.092,2.603229,12:59:45.092,43.209234,12:59:45.092,0.00264
12:59:45.093,2.451273,12:59:45.093,43.091046,12:59:45.093,0.003626
12:59:45.094,2.265549,12:59:45.094,43.19235,12:59:45.094,0.001325
12:59:45.095,2.181129,12:59:45.095,43.124814,12:59:45.095,0.00264
12:59:45.096,2.198013,12:59:45.096,43.02351,12:59:45.096,0.001325
12:59:45.097,2.130477,12:59:45.097,43.10793,12:59:45.097,0.001653
12:59:45.098,2.147361,12:59:45.098,42.989742,12:59:45.098,0.001982
12:59:45.099,2.147361,12:59:45.099,43.10793,12:59:45.099,0.002969
12:59:45.100,2.164245,12:59:45.100,43.02351,12:59:45.100,0.004612
12:59:45.101,2.181129,12:59:45.101,43.006626,12:59:45.101,0.00264
12:59:45.102,2.383737,12:59:45.102,43.091046,12:59:45.102,0.002311
12:59:45.103,2.383737,12:59:45.103,43.158582,12:59:45.103,0.004612
12:59:45.104,2.451273,12:59:45.104,43.091046,12:59:45.104,0.003297
12:59:45.105,2.535693,12:59:45.105,43.057278,12:59:45.105,0.003626
12:59:45.106,2.653881,12:59:45.106,43.006626,12:59:45.106,0.002969
12:59:45.107,2.704532,12:59:45.107,43.10793,12:59:45.107,0.002311
12:59:45.108,2.856488,12:59:45.108,43.006626,12:59:45.108,0.003297
12:59:45.109,2.924024,12:59:45.109,42.972858,12:59:45.109,0.002969
12:59:45.110,2.957792,12:59:45.110,42.972858,12:59:45.110,0.003626
12:59:45.111,2.957792,12:59:45.111,42.972858,12:59:45.111,0.001982
12:59:45.112,3.059096,12:59:45.112,42.804018,12:59:45.112,0.004612
12:59:45.113,3.126632,12:59:45.113,42.77025,12:59:45.113,0.002969
12:59:45.114,3.1604,12:59:45.114,42.804018,12:59:45.114,0.002311
12:59:45.115,3.109748,12:59:45.115,42.787134,12:59:45.115,0.001982
12:59:45.116,3.092864,12:59:45.116,42.68583,12:59:45.116,0.001982
12:59:45.117,3.143516,12:59:45.117,42.567642,12:59:45.117,0.004941
12:59:45.118,3.042212,12:59:45.118,42.584526,12:59:45.118,0.003626
12:59:45.119,2.940908,12:59:45.119,42.736482,12:59:45.119,0.003297
12:59:45.120,2.90714,12:59:45.120,42.668946,12:59:45.120,0.001653
12:59:45.121,2.788952,12:59:45.121,42.635178,12:59:45.121,0.002969
12:59:45.122,2.772068,12:59:45.122,42.635178,12:59:45.122,0.000996
12:59:45.123,2.653881,12:59:45.123,42.719598,12:59:45.123,0.004612
12:59:45.124,2.603229,12:59:45.124,42.618294,12:59:45.124,0.00264
12:59:45.125,2.535693,12:59:45.125,42.736482,12:59:45.125,0.002969
12:59:45.126,2.485041,12:59:45.126,42.668946,12:59:45.126,0.002969
12:59:45.127,2.366853,12:59:45.127,42.668946,12:59:45.127,0.003297
12:59:45.128,2.333085,12:59:45.128,42.668946,12:59:45.128,0.004284
12:59:45.129,2.231781,12:59:45.129,42.567642,12:59:45.129,0.003297
12:59:45.130,2.181129,12:59:45.130,42.550758,12:59:45.130,0.001982
12:59:45.131,2.130477,12:59:45.131,42.584526,12:59:45.131,0.002311
12:59:45.132,2.029173,12:59:45.132,42.314382,12:59:45.132,0.002969
12:59:45.133,2.029173,12:59:45.133,42.246846,12:59:45.133,0.002311
12:59:45.134,1.978521,12:59:45.134,42.17931,12:59:45.134,0.003297
12:59:45.135,1.910985,12:59:45.135,42.196194,12:59:45.135,0.001982
12:59:45.136,1.944753,12:59:45.136,42.128658,12:59:45.136,0.002969
12:59:45.137,1.843449,12:59:45.137,42.128658,12:59:45.137,0.003955
12:59:45.138,1.826565,12:59:45.138,42.027354,12:59:45.138,0.001653
12:59:45.139,1.843449,12:59:45.139,42.061122,12:59:45.139,0.001982
12:59:45.140,1.860333,12:59:45.140,42.162426,12:59:45.140,0.00264
12:59:45.141,1.877217,12:59:45.141,42.111774,12:59:45.141,0.003297
12:59:45.142,1.961637,12:59:45.142,42.196194,12:59:45.142,0.00264
12:59:45.143,1.910985,12:59:45.143,42.229962,12:59:45.143,0.00264
12:59:45.144,1.995405,12:59:45.144,42.111774,12:59:45.144,0.002311
12:59:45.145,2.012289,12:59:45.145,42.213078,12:59:45.145,0.001653
12:59:45.146,2.079825,12:59:45.146,42.09489,12:59:45.146,0.00264
12:59:45.147,2.096709,12:59:45.147,42.26373,12:59:45.147,0.002969
12:59:45.148,2.181129,12:59:45.148,42.229962,12:59:45.148,0.001982
12:59:45.149,2.164245,12:59:45.149,41.993586,12:59:45.149,0.00264
12:59:45.150,2.113593,12:59:45.150,42.01047,12:59:45.150,0.00264
12:59:45.151,2.198013,12:59:45.151,42.09489,12:59:45.151,0.001982
12:59:45.152,2.164245,12:59:45.152,41.92605,12:59:45.152,0.002969
12:59:45.153,2.164245,12:59:45.153,41.807862,12:59:45.153,0.00264
12:59:45.154,2.164245,12:59:45.154,41.807862,12:59:45.154,0.002969
12:59:45.155,2.147361,12:59:45.155,41.75721,12:59:45.155,0.002311
12:59:45.156,2.164245,12:59:45.156,41.790978,12:59:45.156,0.001982
12:59:45.157,2.096709,12:59:45.157,41.723442,12:59:45.157,0.004284
12:59:45.158,2.046057,12:59:45.158,41.706558,12:59:45.158,0.002969
12:59:45.159,2.079825,12:59:45.159,41.790978,12:59:45.159,0.001325
12:59:45.160,1.978521,12:59:45.160,41.75721,12:59:45.160,0.002969
12:59:45.161,1.995405,12:59:45.161,41.723442,12:59:45.161,0.001325
12:59:45.162,1.877217,12:59:45.162,41.824746,12:59:45.162,0.001982
12:59:45.163,1.742145,12:59:45.163,41.909166,12:59:45.163,0.002311
12:59:45.164,1.708377,12:59:45.164,41.824746,12:59:45.164,0.001982
12:59:45.165,1.623957,12:59:45.165,41.84163,12:59:45.165,0.002969
12:59:45.166,1.623957,12:59:45.166,41.740326,12:59:45.166,0.002311
12:59:45.167,1.488885,12:59:45.167,41.858514,12:59:45.167,0.002311
12:59:45.168,1.472001,12:59:45.168,41.807862,12:59:45.168,0.002969
12:59:45.169,1.353813,12:59:45.169,41.689674,12:59:45.169,0.00264
12:59:45.170,1.320045,12:59:45.170,41.58837,12:59:45.170,0.003297
12:59:45.171,1.370697,12:59:45.171,41.605254,12:59:45.171,0.002311
12:59:45.172,1.218741,12:59:45.172,41.571486,12:59:45.172,0.001982
12:59:45.173,1.303161,12:59:45.173,41.470183,12:59:45.173,0.001982
12:59:45.174,1.218741,12:59:45.174,41.402647,12:59:45.174,0.00264
12:59:45.175,1.252509,12:59:45.175,41.639022,12:59:45.175,0.00264
12:59:45.176,1.303161,12:59:45.176,41.537719,12:59:45.176,0.001653
12:59:45.177,1.303161,12:59:45.177,41.520835,12:59:45.177,0.003626
12:59:45.178,1.353813,12:59:45.178,41.436415,12:59:45.178,0.001982
12:59:45.179,1.370697,12:59:45.179,41.537719,12:59:45.179,0.002969
12:59:45.180,1.505769,12:59:45.180,41.58837,12:59:45.180,0.001982
12:59:45.181,1.590189,12:59:45.181,41.554602,12:59:45.181,0.003955
12:59:45.182,1.691493,12:59:45.182,41.571486,12:59:45.182,0.003626
12:59:45.183,1.742145,12:59:45.183,41.605254,12:59:45.183,0.003955
12:59:45.184,1.809681,12:59:45.184,41.639022,12:59:45.184,0.003626
12:59:45.185,1.894101,12:59:45.185,41.571486,12:59:45.185,0.003297
12:59:45.186,1.961637,12:59:45.186,41.520835,12:59:45.186,0.003955
12:59:45.187,1.910985,12:59:45.187,41.67279,12:59:45.187,0.002311
12:59:45.188,1.961637,12:59:45.188,41.58837,12:59:45.188,0.004612
12:59:45.189,2.012289,12:59:45.189,41.487067,12:59:45.189,0.002311
12:59:45.190,2.029173,12:59:45.190,41.571486,12:59:45.190,0.002969
12:59:45.191,1.927869,12:59:45.191,41.554602,12:59:45.191,0.001653
12:59:45.192,1.910985,12:59:45.192,41.554602,12:59:45.192,0.002969
12:59:45.193,1.910985,12:59:45.193,41.419531,12:59:45.193,0.003626
12:59:45.194,1.826565,12:59:45.194,41.419531,12:59:45.194,0.001982
12:59:45.195,1.708377,12:59:45.195,41.520835,12:59:45.195,0.001982
12:59:45.196,1.657725,12:59:45.196,41.487067,12:59:45.196,0.002969
12:59:45.197,1.623957,12:59:45.197,41.402647,12:59:45.197,0.000338
12:59:45.198,1.573305,12:59:45.198,41.385763,12:59:45.198,0.001653
12:59:45.199,1.505769,12:59:45.199,41.419531,12:59:45.199,0.002969
12:59:45.200,1.488885,12:59:45.200,41.453299,12:59:45.200,0.001653
12:59:45.201,1.404465,12:59:45.201,41.419531,12:59:45.201,0.001982
12:59:45.202,1.438233,12:59:45.202,41.402647,12:59:45.202,0.003626
12:59:45.203,1.336929,12:59:45.203,41.335111,12:59:45.203,0.004284
12:59:45.204,1.336929,12:59:45.204,41.402647,12:59:45.204,0.003297
12:59:45.205,1.353813,12:59:45.205,41.318227,12:59:45.205,0.003626
12:59:45.206,1.336929,12:59:45.206,41.233807,12:59:45.206,0.00264
12:59:45.207,1.353813,12:59:45.207,41.335111,12:59:45.207,0.00264
12:59:45.208,1.286277,12:59:45.208,41.318227,12:59:45.208,0.002969
12:59:45.209,1.353813,12:59:45.209,41.183155,12:59:45.209,0.001982
12:59:45.210,1.387581,12:59:45.210,41.216923,12:59:45.210,0.002969
12:59:45.211,1.455117,12:59:45.211,41.250691,12:59:45.211,0.003297
12:59:45.212,1.488885,12:59:45.212,41.250691,12:59:45.212,0.003955
12:59:45.213,1.522653,12:59:45.213,41.233807,12:59:45.213,0.001982
12:59:45.214,1.640841,12:59:45.214,41.250691,12:59:45.214,0.003626
12:59:45.215,1.607073,12:59:45.215,41.284459,12:59:45.215,0.001982
12:59:45.216,1.725261,12:59:45.216,41.318227,12:59:45.216,0.00264
12:59:45.217,1.894101,12:59:45.217,41.200039,12:59:45.217,0.002311
12:59:45.218,1.910985,12:59:45.218,41.200039,12:59:45.218,0.003297
12:59:45.219,1.927869,12:59:45.219,41.301343,12:59:45.219,0.004612
12:59:45.220,2.029173,12:59:45.220,41.267575,12:59:45.220,0.002969
12:59:45.221,2.029173,12:59:45.221,41.216923,12:59:45.221,0.004284
12:59:45.222,2.062941,12:59:45.222,41.216923,12:59:45.222,0.00264
12:59:45.223,2.147361,12:59:45.223,41.250691,12:59:45.223,0.001653
12:59:45.224,2.164245,12:59:45.224,41.385763,12:59:45.224,0.003297
12:59:45.225,2.181129,12:59:45.225,41.301343,12:59:45.225,0.001982
12:59:45.226,2.113593,12:59:45.226,41.183155,12:59:45.226,0.004284
12:59:45.227,2.164245,12:59:45.227,41.250691,12:59:45.227,0.001653
12:59:45.228,2.029173,12:59:45.228,41.301343,12:59:45.228,0.004612
12:59:45.229,2.062941,12:59:45.229,41.250691,12:59:45.229,0.002969
12:59:45.230,1.978521,12:59:45.230,41.132503,12:59:45.230,0.002969
12:59:45.231,1.910985,12:59:45.231,41.233807,12:59:45.231,0.00264
12:59:45.232,1.809681,12:59:45.232,41.267575,12:59:45.232,0.002969
12:59:45.233,1.809681,12:59:45.233,41.166271,12:59:45.233,0.001325
12:59:45.234,1.708377,12:59:45.234,41.166271,12:59:45.234,0.002311
12:59:45.235,1.708377,12:59:45.235,41.216923,12:59:45.235,0.002311
12:59:45.236,1.640841,12:59:45.236,41.250691,12:59:45.236,0.00264
12:59:45.237,1.674609,12:59:45.237,41.183155,12:59:45.237,0.002969
12:59:45.238,1.556421,12:59:45.238,41.166271,12:59:45.238,0.003626
12:59:45.239,1.640841,12:59:45.239,41.200039,12:59:45.239,0.003297
12:59:45.240,1.623957,12:59:45.240,41.335111,12:59:45.240,0.002311
12:59:45.241,1.691493,12:59:45.241,41.233807,12:59:45.241,0.002311
12:59:45.242,1.742145,12:59:45.242,41.115619,12:59:45.242,0.00264
12:59:45.243,1.725261,12:59:45.243,41.284459,12:59:45.243,0.002311
12:59:45.244,1.843449,12:59:45.244,41.166271,12:59:45.244,0.002969
12:59:45.245,1.877217,12:59:45.245,41.098735,12:59:45.245,0.002311
12:59:45.246,1.944753,12:59:45.246,41.098735,12:59:45.246,0.002969
12:59:45.247,1.961637,12:59:45.247,41.149387,12:59:45.247,0.001653
12:59:45.248,1.995405,12:59:45.248,41.200039,12:59:45.248,0.00264
12:59:45.249,2.079825,12:59:45.249,41.064967,12:59:45.249,0.001982
12:59:45.250,2.181129,12:59:45.250,41.064967,12:59:45.250,0.002969
12:59:45.251,2.147361,12:59:45.251,41.115619,12:59:45.251,0.00264
12:59:45.252,2.164245,12:59:45.252,41.166271,12:59:45.252,0.002969
12:59:45.253,2.265549,12:59:45.253,41.048083,12:59:45.253,0.003626
12:59:45.254,2.248665,12:59:45.254,41.081851,12:59:45.254,0.003626
12:59:45.255,2.265549,12:59:45.255,40.980547,12:59:45.255,0.004612
12:59:45.256,2.231781,12:59:45.256,41.115619,12:59:45.256,0.003297
12:59:45.257,2.231781,12:59:45.257,40.997431,12:59:45.257,0.003297
12:59:45.258,2.248665,12:59:45.258,41.014315,12:59:45.258,0.000996
12:59:45.259,2.198013,12:59:45.259,41.081851,12:59:45.259,0.002311
12:59:45.260,2.214897,12:59:45.260,41.048083,12:59:45.260,0.001325
12:59:45.261,2.181129,12:59:45.261,41.014315,12:59:45.261,0.002969
12:59:45.262,2.198013,12:59:45.262,40.913011,12:59:45.262,0.003297
12:59:45.263,2.164245,12:59:45.263,40.946779,12:59:45.263,0.003297
12:59:45.264,2.062941,12:59:45.264,40.997431,12:59:45.264,0.003955
12:59:45.265,2.029173,12:59:45.265,40.980547,12:59:45.265,0.003626
12:59:45.266,2.012289,12:59:45.266,40.862359,12:59:45.266,0.001982
12:59:45.267,1.910985,12:59:45.267,40.963663,12:59:45.267,0.003626
12:59:45.268,1.826565,12:59:45.268,41.014315,12:59:45.268,0.001653
12:59:45.269,1.826565,12:59:45.269,40.896127,12:59:45.269,0.004612
12:59:45.270,1.775913,12:59:45.270,40.794823,12:59:45.270,0.001982
12:59:45.271,1.759029,12:59:45.271,40.896127,12:59:45.271,0.001982
12:59:45.272,1.657725,12:59:45.272,40.845475,12:59:45.272,0.001653
12:59:45.273,1.640841,12:59:45.273,40.811707,12:59:45.273,0.00264
12:59:45.274,1.623957,12:59:45.274,40.727287,12:59:45.274,0.002311
12:59:45.275,1.607073,12:59:45.275,40.727287,12:59:45.275,0.00264
12:59:45.276,1.522653,12:59:45.276,40.794823,12:59:45.276,0.003297
12:59:45.277,1.539537,12:59:45.277,40.777939,12:59:45.277,0.003297
12:59:45.278,1.623957,12:59:45.278,40.642867,12:59:45.278,0.003955
12:59:45.279,1.623957,12:59:45.279,40.676635,12:59:45.279,0.001325
12:59:45.280,1.691493,12:59:45.280,40.727287,12:59:45.280,0.003297
12:59:45.281,1.674609,12:59:45.281,40.676635,12:59:45.281,0.001982
12:59:45.282,1.826565,12:59:45.282,40.592215,12:59:45.282,0.001653
12:59:45.283,1.775913,12:59:45.283,40.575331,12:59:45.283,0.002969
12:59:45.284,1.809681,12:59:45.284,40.609099,12:59:45.284,0.001653
12:59:45.285,1.944753,12:59:45.285,40.575331,12:59:45.285,0.003297
12:59:45.286,1.877217,12:59:45.286,40.541563,12:59:45.286,0.003297
12:59:45.287,1.894101,12:59:45.287,40.457143,12:59:45.287,0.00264
12:59:45.288,1.910985,12:59:45.288,40.541563,12:59:45.288,0.004284
12:59:45.289,1.927869,12:59:45.289,40.541563,12:59:45.289,0.00264
12:59:45.290,1.995405,12:59:45.290,40.423375,12:59:45.290,0.004284
12:59:45.291,1.944753,12:59:45.291,40.389607,12:59:45.291,0.001982
12:59:45.292,1.944753,12:59:45.292,40.474027,12:59:45.292,0.004612
12:59:45.293,1.910985,12:59:45.293,40.355839,12:59:45.293,0.003626
12:59:45.294,1.910985,12:59:45.294,40.338955,12:59:45.294,0.002311
12:59:45.295,1.894101,12:59:45.295,40.271419,12:59:45.295,0.00264
12:59:45.296,1.775913,12:59:45.296,40.389607,12:59:45.296,0.002311
12:59:45.297,1.826565,12:59:45.297,40.271419,12:59:45.297,0.003297
12:59:45.298,1.809681,12:59:45.298,40.305187,12:59:45.298,0.001982
12:59:45.299,1.708377,12:59:45.299,40.186999,12:59:45.299,0.001982
12:59:45.300,1.691493,12:59:45.300,40.305187,12:59:45.300,0.00264
12:59:45.301,1.657725,12:59:45.301,40.305187,12:59:45.301,0.004284
12:59:45.302,1.657725,12:59:45.302,40.305187,12:59:45.302,0.001653
12:59:45.303,1.607073,12:59:45.303,40.254535,12:59:45.303,0.00264
12:59:45.304,1.522653,12:59:45.304,40.237651,12:59:45.304,0.00264
12:59:45.305,1.522653,12:59:45.305,40.170115,12:59:45.305,0.002311
12:59:45.306,1.438233,12:59:45.306,40.119463,12:59:45.306,0.002311
12:59:45.307,1.421349,12:59:45.307,40.170115,12:59:45.307,0.001325
12:59:45.308,1.421349,12:59:45.308,40.237651,12:59:45.308,0.00264
12:59:45.309,1.387581,12:59:45.309,40.085695,12:59:45.309,0.001653
12:59:45.310,1.269393,12:59:45.310,39.984391,12:59:45.310,0.001325
12:59:45.311,1.353813,12:59:45.311,40.035043,12:59:45.311,0.00264
12:59:45.312,1.286277,12:59:45.312,40.018159,12:59:45.312,0.001653
12:59:45.313,1.252509,12:59:45.313,39.950623,12:59:45.313,0.00264
12:59:45.314,1.286277,12:59:45.314,39.933739,12:59:45.314,0.003297
12:59:45.315,1.269393,12:59:45.315,39.899971,12:59:45.315,0.001653
12:59:45.316,1.269393,12:59:45.316,39.984391,12:59:45.316,0.003626
12:59:45.317,1.252509,12:59:45.317,39.933739,12:59:45.317,0.00264
12:59:45.318,1.303161,12:59:45.318,39.866203,12:59:45.318,0.003955
12:59:45.319,1.286277,12:59:45.319,39.815551,12:59:45.319,0.003297
12:59:45.320,1.370697,12:59:45.320,39.899971,12:59:45.320,0.002311
12:59:45.321,1.336929,12:59:45.321,39.916855,12:59:45.321,0.002969
12:59:45.322,1.404465,12:59:45.322,39.866203,12:59:45.322,0.002311
12:59:45.323,1.455117,12:59:45.323,39.764899,12:59:45.323,0.003297
12:59:45.324,1.387581,12:59:45.324,39.764899,12:59:45.324,0.003297
12:59:45.325,1.455117,12:59:45.325,39.866203,12:59:45.325,0.00264
12:59:45.326,1.488885,12:59:45.326,39.663595,12:59:45.326,0.00264
12:59:45.327,1.438233,12:59:45.327,39.697363,12:59:45.327,0.003955
12:59:45.328,1.455117,12:59:45.328,39.781783,12:59:45.328,0.001653
12:59:45.329,1.404465,12:59:45.329,39.697363,12:59:45.329,0.002311
12:59:45.330,1.421349,12:59:45.330,39.629827,12:59:45.330,0.001325
12:59:45.331,1.353813,12:59:45.331,39.646711,12:59:45.331,0.001325
12:59:45.332,1.320045,12:59:45.332,39.663595,12:59:45.332,0.00264
12:59:45.333,1.269393,12:59:45.333,39.680479,12:59:45.333,0.001653
12:59:45.334,1.269393,12:59:45.334,39.612943,12:59:45.334,0.003955
12:59:45.335,1.320045,12:59:45.335,39.680479,12:59:45.335,0.001982
12:59:45.336,1.252509,12:59:45.336,39.697363,12:59:45.336,0.003297
12:59:45.337,1.252509,12:59:45.337,39.781783,12:59:45.337,0.004284
12:59:45.338,1.201857,12:59:45.338,39.697363,12:59:45.338,0.001982
12:59:45.339,1.252509,12:59:45.339,39.714247,12:59:45.339,0.003626
12:59:45.340,1.184973,12:59:45.340,39.798667,12:59:45.340,0.002311
12:59:45.341,1.252509,12:59:45.341,39.849319,12:59:45.341,0.004284
12:59:45.342,1.201857,12:59:45.342,39.629827,12:59:45.342,0.002969
12:59:45.343,1.218741,12:59:45.343,39.596059,12:59:45.343,0.002311
12:59:45.344,1.151205,12:59:45.344,39.629827,12:59:45.344,0.003955
12:59:45.345,1.269393,12:59:45.345,39.596059,12:59:45.345,0.002969
12:59:45.346,1.218741,12:59:45.346,39.528523,12:59:45.346,0.002969
12:59:45.347,1.235625,12:59:45.347,39.528523,12:59:45.347,0.001653
12:59:45.348,1.269393,12:59:45.348,39.562291,12:59:45.348,0.002969
12:59:45.349,1.235625,12:59:45.349,39.579175,12:59:45.349,0.001982
12:59:45.350,1.252509,12:59:45.350,39.460988,12:59:45.350,0.004284
12:59:45.351,1.336929,12:59:45.351,39.494756,12:59:45.351,0.002311
12:59:45.352,1.336929,12:59:45.352,39.528523,12:59:45.352,0.002969
12:59:45.353,1.320045,12:59:45.353,39.528523,12:59:45.353,0.002311
12:59:45.354,1.370697,12:59:45.354,39.42722,12:59:45.354,0.00264
12:59:45.355,1.353813,12:59:45.355,39.376568,12:59:45.355,0.002311
12:59:45.356,1.336929,12:59:45.356,39.477872,12:59:45.356,0.000996
12:59:45.357,1.320045,12:59:45.357,39.511639,12:59:45.357,0.002969
12:59:45.358,1.421349,12:59:45.358,39.494756,12:59:45.358,0.001982
12:59:45.359,1.438233,12:59:45.359,39.477872,12:59:45.359,0.002311
12:59:45.360,1.472001,12:59:45.360,39.596059,12:59:45.360,0.002969
12:59:45.361,1.455117,12:59:45.361,39.460988,12:59:45.361,0.002311
12:59:45.362,1.522653,12:59:45.362,39.477872,12:59:45.362,0.003626
12:59:45.363,1.488885,12:59:45.363,39.42722,12:59:45.363,0.003297
12:59:45.364,1.455117,12:59:45.364,39.494756,12:59:45.364,0.00264
12:59:45.365,1.421349,12:59:45.365,39.460988,12:59:45.365,0.003297
12:59:45.366,1.370697,12:59:45.366,39.410336,12:59:45.366,0.001982
12:59:45.367,1.404465,12:59:45.367,39.42722,12:59:45.367,0.00527
12:59:45.368,1.387581,12:59:45.368,39.545407,12:59:45.368,0.00264
12:59:45.369,1.303161,12:59:45.369,39.494756,12:59:45.369,0.002311
12:59:45.370,1.387581,12:59:45.370,39.444104,12:59:45.370,0.001325
12:59:45.371,1.336929,12:59:45.371,39.393452,12:59:45.371,0.00264
12:59:45.372,1.252509,12:59:45.372,39.42722,12:59:45.372,0.002311
12:59:45.373,1.201857,12:59:45.373,39.460988,12:59:45.373,0.002969
12:59:45.374,1.201857,12:59:45.374,39.410336,12:59:45.374,0.002311
12:59:45.375,1.235625,12:59:45.375,39.460988,12:59:45.375,0.002969
12:59:45.376,1.252509,12:59:45.376,39.3428,12:59:45.376,0.004284
12:59:45.377,1.201857,12:59:45.377,39.393452,12:59:45.377,0.001982
12:59:45.378,1.252509,12:59:45.378,39.325916,12:59:45.378,0.00264
12:59:45.379,1.303161,12:59:45.379,39.444104,12:59:45.379,0.001325
12:59:45.380,1.235625,12:59:45.380,39.460988,12:59:45.380,0.000996
12:59:45.381,1.387581,12:59:45.381,39.460988,12:59:45.381,0.002311
12:59:45.382,1.404465,12:59:45.382,39.3428,12:59:45.382,0.001325
12:59:45.383,1.404465,12:59:45.383,39.477872,12:59:45.383,0.001325
12:59:45.384,1.438233,12:59:45.384,39.393452,12:59:45.384,0.002969
12:59:45.385,1.455117,12:59:45.385,39.42722,12:59:45.385,0.002311
12:59:45.386,1.522653,12:59:45.386,39.325916,12:59:45.386,0.004284
12:59:45.387,1.573305,12:59:45.387,39.325916,12:59:45.387,0.003297
12:59:45.388,1.590189,12:59:45.388,39.42722,12:59:45.388,0.003626
12:59:45.389,1.590189,12:59:45.389,39.460988,12:59:45.389,0.003626
12:59:45.390,1.623957,12:59:45.390,39.292148,12:59:45.390,0.001653
12:59:45.391,1.691493,12:59:45.391,39.309032,12:59:45.391,0.003955
12:59:45.392,1.640841,12:59:45.392,39.309032,12:59:45.392,0.001982
12:59:45.393,1.674609,12:59:45.393,39.376568,12:59:45.393,0.004284
12:59:45.394,1.674609,12:59:45.394,39.224612,12:59:45.394,0.00264
12:59:45.395,1.759029,12:59:45.395,39.157076,12:59:45.395,0.00264
12:59:45.396,1.674609,12:59:45.396,39.275264,12:59:45.396,0.002311
12:59:45.397,1.623957,12:59:45.397,39.393452,12:59:45.397,0.001325
12:59:45.398,1.623957,12:59:45.398,39.241496,12:59:45.398,0.002311
12:59:45.399,1.657725,12:59:45.399,39.157076,12:59:45.399,0.003626
12:59:45.400,1.640841,12:59:45.400,39.3428,12:59:45.400,0.002969
12:59:45.401,1.623957,12:59:45.401,39.376568,12:59:45.401,0.003297
12:59:45.402,1.657725,12:59:45.402,39.292148,12:59:45.402,0.003626
12:59:45.403,1.674609,12:59:45.403,39.190844,12:59:45.403,0.002311
12:59:45.404,1.607073,12:59:45.404,39.17396,12:59:45.404,0.001982
12:59:45.405,1.556421,12:59:45.405,39.292148,12:59:45.405,0.001982
12:59:45.406,1.573305,12:59:45.406,39.157076,12:59:45.406,0.002311
12:59:45.407,1.539537,12:59:45.407,39.190844,12:59:45.407,0.003297
12:59:45.408,1.573305,12:59:45.408,39.224612,12:59:45.408,0.001653
12:59:45.409,1.522653,12:59:45.409,39.25838,12:59:45.409,0.003955
12:59:45.410,1.488885,12:59:45.410,39.190844,12:59:45.410,0.00264
12:59:45.411,1.488885,12:59:45.411,39.140192,12:59:45.411,0.002969
12:59:45.412,1.522653,12:59:45.412,39.055772,12:59:45.412,0.003955
12:59:45.413,1.438233,12:59:45.413,39.140192,12:59:45.413,0.001325
12:59:45.414,1.556421,12:59:45.414,39.055772,12:59:45.414,0.002969
12:59:45.415,1.472001,12:59:45.415,38.937584,12:59:45.415,0.002311
12:59:45.416,1.539537,12:59:45.416,39.038888,12:59:45.416,0.005599
12:59:45.417,1.472001,12:59:45.417,38.988236,12:59:45.417,0.003626
12:59:45.418,1.623957,12:59:45.418,39.038888,12:59:45.418,0.002311
12:59:45.419,1.623957,12:59:45.419,38.954468,12:59:45.419,0.001653
12:59:45.420,1.674609,12:59:45.420,38.954468,12:59:45.420,0.003297
12:59:45.421,1.640841,12:59:45.421,39.00512,12:59:45.421,0.003297
12:59:45.422,1.640841,12:59:45.422,38.954468,12:59:45.422,0.002311
12:59:45.423,1.691493,12:59:45.423,38.886932,12:59:45.423,0.00264
12:59:45.424,1.708377,12:59:45.424,38.853164,12:59:45.424,0.00264
12:59:45.425,1.742145,12:59:45.425,38.886932,12:59:45.425,0.004284
12:59:45.426,1.775913,12:59:45.426,38.853164,12:59:45.426,0.00264
12:59:45.427,1.759029,12:59:45.427,38.886932,12:59:45.427,0.003955
12:59:45.428,1.742145,12:59:45.428,38.886932,12:59:45.428,0.00264
12:59:45.429,1.708377,12:59:45.429,38.886932,12:59:45.429,0.002311
12:59:45.430,1.708377,12:59:45.430,38.75186,12:59:45.430,0.003626
12:59:45.431,1.708377,12:59:45.431,38.734976,12:59:45.431,0.001325
12:59:45.432,1.725261,12:59:45.432,38.66744,12:59:45.432,0.003955
12:59:45.433,1.674609,12:59:45.433,38.802512,12:59:45.433,0.001982
12:59:45.434,1.674609,12:59:45.434,38.768744,12:59:45.434,0.002311
12:59:45.435,1.674609,12:59:45.435,38.650556,12:59:45.435,0.004284
12:59:45.436,1.573305,12:59:45.436,38.599904,12:59:45.436,0.002311
12:59:45.437,1.607073,12:59:45.437,38.684324,12:59:45.437,0.002969
12:59:45.438,1.556421,12:59:45.438,38.718092,12:59:45.438,0.002311
12:59:45.439,1.590189,12:59:45.439,38.58302,12:59:45.439,0.002311
12:59:45.440,1.590189,12:59:45.440,38.464832,12:59:45.440,0.003297
12:59:45.441,1.539537,12:59:45.441,38.66744,12:59:45.441,0.001653
12:59:45.442,1.590189,12:59:45.442,38.616788,12:59:45.442,0.003297
12:59:45.443,1.573305,12:59:45.443,38.549252,12:59:45.443,0.00264
12:59:45.444,1.573305,12:59:45.444,38.566136,12:59:45.444,0.001653
12:59:45.445,1.539537,12:59:45.445,38.616788,12:59:45.445,0.001982
12:59:45.446,1.539537,12:59:45.446,38.481716,12:59:45.446,0.002311
12:59:45.447,1.556421,12:59:45.447,38.549252,12:59:45.447,0.00264
12:59:45.448,1.573305,12:59:45.448,38.4986,12:59:45.448,0.003626
12:59:45.449,1.539537,12:59:45.449,38.58302,12:59:45.449,0.001653
12:59:45.450,1.573305,12:59:45.450,38.549252,12:59:45.450,0.002969
12:59:45.451,1.522653,12:59:45.451,38.481716,12:59:45.451,0.003297
12:59:45.452,1.522653,12:59:45.452,38.481716,12:59:45.452,0.00264
12:59:45.453,1.522653,12:59:45.453,38.397296,12:59:45.453,0.00264
12:59:45.454,1.488885,12:59:45.454,38.447948,12:59:45.454,0.001653
12:59:45.455,1.556421,12:59:45.455,38.41418,12:59:45.455,0.001982
12:59:45.456,1.539537,12:59:45.456,38.295992,12:59:45.456,0.003297
12:59:45.457,1.438233,12:59:45.457,38.4986,12:59:45.457,0.001653
12:59:45.458,1.556421,12:59:45.458,38.363528,12:59:45.458,0.003297
12:59:45.459,1.505769,12:59:45.459,38.346644,12:59:45.459,0.003955
12:59:45.460,1.522653,12:59:45.460,38.32976,12:59:45.460,0.002969
12:59:45.461,1.522653,12:59:45.461,38.295992,12:59:45.461,0.003297
12:59:45.462,1.539537,12:59:45.462,38.41418,12:59:45.462,0.002969
12:59:45.463,1.573305,12:59:45.463,38.32976,12:59:45.463,0.003626
12:59:45.464,1.505769,12:59:45.464,38.279108,12:59:45.464,0.002311
12:59:45.465,1.505769,12:59:45.465,38.363528,12:59:45.465,0.004941
12:59:45.466,1.539537,12:59:45.466,38.380412,12:59:45.466,0.003955
12:59:45.467,1.539537,12:59:45.467,38.295992,12:59:45.467,0.002311
12:59:45.468,1.505769,12:59:45.468,38.295992,12:59:45.468,0.001325
12:59:45.469,1.472001,12:59:45.469,38.262224,12:59:45.469,0.002311
12:59:45.470,1.421349,12:59:45.470,38.32976,12:59:45.470,0.002969
12:59:45.471,1.438233,12:59:45.471,38.211572,12:59:45.471,0.001325
12:59:45.472,1.404465,12:59:45.472,38.127152,12:59:45.472,0.001982
12:59:45.473,1.370697,12:59:45.473,38.211572,12:59:45.473,0.003297
12:59:45.474,1.370697,12:59:45.474,38.194688,12:59:45.474,0.003297
12:59:45.475,1.353813,12:59:45.475,38.0765,12:59:45.475,0.003297
12:59:45.476,1.353813,12:59:45.476,38.093384,12:59:45.476,0.002969
12:59:45.477,1.235625,12:59:45.477,38.16092,12:59:45.477,0.002311
12:59:45.478,1.269393,12:59:45.478,38.093384,12:59:45.478,0.00264
12:59:45.479,1.286277,12:59:45.479,38.144036,12:59:45.479,0.001982
12:59:45.480,1.303161,12:59:45.480,38.042732,12:59:45.480,0.001325
12:59:45.481,1.353813,12:59:45.481,38.093384,12:59:45.481,0.003626
12:59:45.482,1.353813,12:59:45.482,38.177804,12:59:45.482,0.001653
12:59:45.483,1.387581,12:59:45.483,38.177804,12:59:45.483,0.003955
12:59:45.484,1.353813,12:59:45.484,38.127152,12:59:45.484,0.002969
12:59:45.485,1.336929,12:59:45.485,38.16092,12:59:45.485,0.002311
12:59:45.486,1.336929,12:59:45.486,38.127152,12:59:45.486,0.004284
12:59:45.487,1.370697,12:59:45.487,38.127152,12:59:45.487,0.001982
12:59:45.488,1.353813,12:59:45.488,38.127152,12:59:45.488,0.004284
12:59:45.489,1.404465,12:59:45.489,38.0765,12:59:45.489,0.002311
12:59:45.490,1.336929,12:59:45.490,38.025848,12:59:45.490,0.001982
12:59:45.491,1.387581,12:59:45.491,38.025848,12:59:45.491,0.00264
12:59:45.492,1.353813,12:59:45.492,38.042732,12:59:45.492,0.001982
12:59:45.493,1.303161,12:59:45.493,37.99208,12:59:45.493,0.001982
12:59:45.494,1.286277,12:59:45.494,38.025848,12:59:45.494,0.001325
12:59:45.495,1.269393,12:59:45.495,38.025848,12:59:45.495,0.001982
12:59:45.496,1.303161,12:59:45.496,37.975196,12:59:45.496,0.00264
12:59:45.497,1.336929,12:59:45.497,37.958312,12:59:45.497,0.004284
12:59:45.498,1.353813,12:59:45.498,38.059616,12:59:45.498,0.00264
12:59:45.499,1.269393,12:59:45.499,37.975196,12:59:45.499,0.003297
12:59:45.500,1.303161,12:59:45.500,38.059616,12:59:45.500,0.002969
12:59:45.501,1.303161,12:59:45.501,37.924544,12:59:45.501,0.00264
12:59:45.502,1.303161,12:59:45.502,38.008964,12:59:45.502,0.003626
12:59:45.503,1.353813,12:59:45.503,37.941428,12:59:45.503,0.001982
12:59:45.504,1.320045,12:59:45.504,37.90766,12:59:45.504,0.003297
12:59:45.505,1.286277,12:59:45.505,37.941428,12:59:45.505,0.002969
12:59:45.506,1.353813,12:59:45.506,37.941428,12:59:45.506,0.00264
12:59:45.507,1.336929,12:59:45.507,37.90766,12:59:45.507,0.003955
12:59:45.508,1.353813,12:59:45.508,37.873892,12:59:45.508,0.002969
12:59:45.509,1.320045,12:59:45.509,37.890776,12:59:45.509,0.003626
12:59:45.510,1.286277,12:59:45.510,37.941428,12:59:45.510,0.003955
12:59:45.511,1.320045,12:59:45.511,37.82324,12:59:45.511,0.001653
12:59:45.512,1.320045,12:59:45.512,37.924544,12:59:45.512,0.003297
12:59:45.513,1.218741,12:59:45.513,37.890776,12:59:45.513,0.001653
12:59:45.514,1.218741,12:59:45.514,37.890776,12:59:45.514,0.00527
12:59:45.515,1.252509,12:59:45.515,37.755704,12:59:45.515,0.002311
12:59:45.516,1.303161,12:59:45.516,37.73882,12:59:45.516,0.002311
12:59:45.517,1.286277,12:59:45.517,37.82324,12:59:45.517,0.001982
12:59:45.518,1.286277,12:59:45.518,37.857008,12:59:45.518,0.00264
12:59:45.519,1.286277,12:59:45.519,37.73882,12:59:45.519,0.00264
12:59:45.520,1.320045,12:59:45.520,37.755704,12:59:45.520,0.002969
12:59:45.521,1.353813,12:59:45.521,37.789472,12:59:45.521,0.001982
12:59:45.522,1.387581,12:59:45.522,37.840124,12:59:45.522,0.003297
12:59:45.523,1.421349,12:59:45.523,37.789472,12:59:45.523,0.003626
12:59:45.524,1.404465,12:59:45.524,37.721936,12:59:45.524,0.002969
12:59:45.525,1.404465,12:59:45.525,37.857008,12:59:45.525,0.00264
12:59:45.526,1.404465,12:59:45.526,37.806356,12:59:45.526,0.001653
12:59:45.527,1.387581,12:59:45.527,37.755704,12:59:45.527,0.001325
12:59:45.528,1.421349,12:59:45.528,37.840124,12:59:45.528,0.00264
12:59:45.529,1.387581,12:59:45.529,37.840124,12:59:45.529,0.000338
12:59:45.530,1.387581,12:59:45.530,37.789472,12:59:45.530,0.003297
12:59:45.531,1.438233,12:59:45.531,37.73882,12:59:45.531,0.001982
12:59:45.532,1.404465,12:59:45.532,37.755704,12:59:45.532,0.00264
12:59:45.533,1.404465,12:59:45.533,37.755704,12:59:45.533,0.003955
12:59:45.534,1.404465,12:59:45.534,37.620632,12:59:45.534,0.00264
12:59:45.535,1.370697,12:59:45.535,37.603748,12:59:45.535,0.002969
12:59:45.536,1.336929,12:59:45.536,37.637516,12:59:45.536,0.003297
12:59:45.537,1.387581,12:59:45.537,37.553096,12:59:45.537,0.00264
12:59:45.538,1.353813,12:59:45.538,37.671284,12:59:45.538,0.003626
12:59:45.539,1.387581,12:59:45.539,37.6544,12:59:45.539,0.000667
12:59:45.540,1.387581,12:59:45.540,37.536212,12:59:45.540,0.003297
12:59:45.541,1.455117,12:59:45.541,37.603748,12:59:45.541,0.00264
12:59:45.542,1.438233,12:59:45.542,37.721936,12:59:45.542,0.002969
12:59:45.543,1.472001,12:59:45.543,37.586864,12:59:45.543,0.001653
12:59:45.544,1.505769,12:59:45.544,37.48556,12:59:45.544,0.00264
12:59:45.545,1.488885,12:59:45.545,37.48556,12:59:45.545,0.002969
12:59:45.546,1.488885,12:59:45.546,37.688168,12:59:45.546,0.002969
12:59:45.547,1.472001,12:59:45.547,37.536212,12:59:45.547,0.001653
12:59:45.548,1.522653,12:59:45.548,37.502444,12:59:45.548,0.002311
12:59:45.549,1.505769,12:59:45.549,37.536212,12:59:45.549,0.00264
12:59:45.550,1.455117,12:59:45.550,37.603748,12:59:45.550,0.002311
12:59:45.551,1.472001,12:59:45.551,37.536212,12:59:45.551,0.00264
12:59:45.552,1.455117,12:59:45.552,37.384256,12:59:45.552,0.001653
12:59:45.553,1.522653,12:59:45.553,37.384256,12:59:45.553,0.001982
12:59:45.554,1.438233,12:59:45.554,37.434908,12:59:45.554,0.00264
12:59:45.555,1.404465,12:59:45.555,37.434908,12:59:45.555,0.00264
12:59:45.556,1.472001,12:59:45.556,37.418024,12:59:45.556,0.003626
12:59:45.557,1.556421,12:59:45.557,37.350489,12:59:45.557,0.003626
12:59:45.558,1.488885,12:59:45.558,37.367373,12:59:45.558,0.002969
12:59:45.559,1.472001,12:59:45.559,37.333605,12:59:45.559,0.00264
12:59:45.560,1.472001,12:59:45.560,37.333605,12:59:45.560,0.000996
12:59:45.561,1.573305,12:59:45.561,37.299837,12:59:45.561,0.004284
12:59:45.562,1.573305,12:59:45.562,37.316721,12:59:45.562,0.001982
12:59:45.563,1.573305,12:59:45.563,37.350489,12:59:45.563,0.00527
12:59:45.564,1.607073,12:59:45.564,37.282953,12:59:45.564,0.003626
12:59:45.565,1.623957,12:59:45.565,37.333605,12:59:45.565,0.001653
12:59:45.566,1.640841,12:59:45.566,37.350489,12:59:45.566,0.002969
12:59:45.567,1.640841,12:59:45.567,37.282953,12:59:45.567,0.001653
12:59:45.568,1.623957,12:59:45.568,37.266069,12:59:45.568,0.001982
12:59:45.569,1.640841,12:59:45.569,37.266069,12:59:45.569,0.002969
12:59:45.570,1.657725,12:59:45.570,37.333605,12:59:45.570,0.001653
12:59:45.571,1.640841,12:59:45.571,37.282953,12:59:45.571,0.002311
12:59:45.572,1.640841,12:59:45.572,37.198533,12:59:45.572,0.003626
12:59:45.573,1.640841,12:59:45.573,37.232301,12:59:45.573,0.001653
12:59:45.574,1.657725,12:59:45.574,37.232301,12:59:45.574,0.00264
12:59:45.575,1.573305,12:59:45.575,37.215417,12:59:45.575,0.001653
12:59:45.576,1.674609,12:59:45.576,37.164765,12:59:45.576,0.001982
12:59:45.577,1.657725,12:59:45.577,37.046577,12:59:45.577,0.001982
12:59:45.578,1.640841,12:59:45.578,37.147881,12:59:45.578,0.001982
12:59:45.579,1.708377,12:59:45.579,37.063461,12:59:45.579,0.00264
12:59:45.580,1.691493,12:59:45.580,37.080345,12:59:45.580,0.002311
12:59:45.581,1.691493,12:59:45.581,37.063461,12:59:45.581,0.00264
12:59:45.582,1.590189,12:59:45.582,37.114113,12:59:45.582,0.004284
12:59:45.583,1.657725,12:59:45.583,37.130997,12:59:45.583,0.001653
12:59:45.584,1.623957,12:59:45.584,37.097229,12:59:45.584,0.003626
12:59:45.585,1.657725,12:59:45.585,37.063461,12:59:45.585,0.002311
12:59:45.586,1.623957,12:59:45.586,37.130997,12:59:45.586,0.003297
12:59:45.587,1.556421,12:59:45.587,37.130997,12:59:45.587,0.00264
12:59:45.588,1.539537,12:59:45.588,37.063461,12:59:45.588,0.001653
12:59:45.589,1.623957,12:59:45.589,37.029693,12:59:45.589,0.004612
12:59:45.590,1.522653,12:59:45.590,37.114113,12:59:45.590,0.002311
12:59:45.591,1.455117,12:59:45.591,37.063461,12:59:45.591,0.00264
12:59:45.592,1.488885,12:59:45.592,36.979041,12:59:45.592,0.00264
12:59:45.593,1.472001,12:59:45.593,36.827085,12:59:45.593,0.001982
12:59:45.594,1.488885,12:59:45.594,36.928389,12:59:45.594,0.00264
12:59:45.595,1.455117,12:59:45.595,36.928389,12:59:45.595,0.004284
12:59:45.596,1.438233,12:59:45.596,36.827085,12:59:45.596,0.00264
12:59:45.597,1.421349,12:59:45.597,36.776433,12:59:45.597,0.002311
12:59:45.598,1.472001,12:59:45.598,36.962157,12:59:45.598,0.003626
12:59:45.599,1.505769,12:59:45.599,37.012809,12:59:45.599,0.001982
12:59:45.600,1.573305,12:59:45.600,36.894621,12:59:45.600,0.003297
12:59:45.601,1.590189,12:59:45.601,36.877737,12:59:45.601,0.001325
12:59:45.602,1.573305,12:59:45.602,36.928389,12:59:45.602,0.002311
12:59:45.603,1.640841,12:59:45.603,36.894621,12:59:45.603,0.001653
12:59:45.604,1.657725,12:59:45.604,36.911505,12:59:45.604,0.000996
12:59:45.605,1.623957,12:59:45.605,36.877737,12:59:45.605,0.003297
12:59:45.606,1.640841,12:59:45.606,36.894621,12:59:45.606,0.002969
12:59:45.607,1.657725,12:59:45.607,36.995925,12:59:45.607,0.003297
12:59:45.608,1.691493,12:59:45.608,36.860853,12:59:45.608,0.003297
12:59:45.609,1.759029,12:59:45.609,36.793317,12:59:45.609,0.002311
12:59:45.610,1.691493,12:59:45.610,36.928389,12:59:45.610,0.004284
12:59:45.611,1.674609,12:59:45.611,36.793317,12:59:45.611,0.002311
12:59:45.612,1.657725,12:59:45.612,36.725781,12:59:45.612,0.004612
12:59:45.613,1.691493,12:59:45.613,36.742665,12:59:45.613,0.003297
12:59:45.614,1.640841,12:59:45.614,36.793317,12:59:45.614,0.001982
12:59:45.615,1.556421,12:59:45.615,36.860853,12:59:45.615,0.002311
12:59:45.616,1.556421,12:59:45.616,36.827085,12:59:45.616,0.002311
12:59:45.617,1.539537,12:59:45.617,36.675129,12:59:45.617,0.002311
12:59:45.618,1.556421,12:59:45.618,36.708897,12:59:45.618,0.001982
12:59:45.619,1.539537,12:59:45.619,36.793317,12:59:45.619,0.002969
12:59:45.620,1.505769,12:59:45.620,36.692013,12:59:45.620,0.002969
12:59:45.621,1.505769,12:59:45.621,36.675129,12:59:45.621,0.004612
12:59:45.622,1.488885,12:59:45.622,36.692013,12:59:45.622,0.003626
12:59:45.623,1.505769,12:59:45.623,36.810201,12:59:45.623,0.00264
12:59:45.624,1.488885,12:59:45.624,36.692013,12:59:45.624,0.003297
12:59:45.625,1.505769,12:59:45.625,36.624477,12:59:45.625,0.002311
12:59:45.626,1.472001,12:59:45.626,36.675129,12:59:45.626,0.002311
12:59:45.627,1.370697,12:59:45.627,36.708897,12:59:45.627,0.000338
12:59:45.628,1.421349,12:59:45.628,36.692013,12:59:45.628,0.002311
12:59:45.629,1.505769,12:59:45.629,36.675129,12:59:45.629,0.00264
12:59:45.630,1.421349,12:59:45.630,36.658245,12:59:45.630,0.00264
12:59:45.631,1.336929,12:59:45.631,36.658245,12:59:45.631,0.003297
12:59:45.632,1.387581,12:59:45.632,36.556941,12:59:45.632,0.002969
12:59:45.633,1.438233,12:59:45.633,36.472521,12:59:45.633,0.00264
12:59:45.634,1.353813,12:59:45.634,36.556941,12:59:45.634,0.00264
12:59:45.635,1.404465,12:59:45.635,36.590709,12:59:45.635,0.001653
12:59:45.636,1.404465,12:59:45.636,36.506289,12:59:45.636,0.00264
12:59:45.637,1.421349,12:59:45.637,36.455637,12:59:45.637,0.001982
12:59:45.638,1.455117,12:59:45.638,36.455637,12:59:45.638,0.004612
12:59:45.639,1.421349,12:59:45.639,36.556941,12:59:45.639,0.00264
12:59:45.640,1.488885,12:59:45.640,36.472521,12:59:45.640,0.00264
12:59:45.641,1.505769,12:59:45.641,36.506289,12:59:45.641,0.002969
12:59:45.642,1.505769,12:59:45.642,36.523173,12:59:45.642,0.003955
12:59:45.643,1.522653,12:59:45.643,36.556941,12:59:45.643,0.001653
12:59:45.644,1.590189,12:59:45.644,36.388101,12:59:45.644,0.003626
12:59:45.645,1.590189,12:59:45.645,36.388101,12:59:45.645,0.001982
12:59:45.646,1.573305,12:59:45.646,36.472521,12:59:45.646,0.004941
12:59:45.647,1.573305,12:59:45.647,36.472521,12:59:45.647,0.003297
12:59:45.648,1.505769,12:59:45.648,36.489405,12:59:45.648,0.003626
12:59:45.649,1.505769,12:59:45.649,36.404985,12:59:45.649,0.001325
12:59:45.650,1.438233,12:59:45.650,36.438753,12:59:45.650,0.002969
12:59:45.651,1.472001,12:59:45.651,36.540057,12:59:45.651,0.003297
12:59:45.652,1.505769,12:59:45.652,36.404985,12:59:45.652,0.002969
12:59:45.653,1.488885,12:59:45.653,36.354333,12:59:45.653,0.002311
12:59:45.654,1.404465,12:59:45.654,36.354333,12:59:45.654,0.002969
12:59:45.655,1.387581,12:59:45.655,36.371217,12:59:45.655,0.002969
12:59:45.656,1.404465,12:59:45.656,36.286797,12:59:45.656,0.002969
12:59:45.657,1.421349,12:59:45.657,36.168609,12:59:45.657,0.001982
12:59:45.658,1.370697,12:59:45.658,36.320565,12:59:45.658,0.001982
12:59:45.659,1.370697,12:59:45.659,36.371217,12:59:45.659,0.001982
12:59:45.660,1.421349,12:59:45.660,36.269913,12:59:45.660,0.002311
12:59:45.661,1.404465,12:59:45.661,36.286797,12:59:45.661,0.000996
12:59:45.662,1.404465,12:59:45.662,36.236145,12:59:45.662,0.002969
12:59:45.663,1.438233,12:59:45.663,36.371217,12:59:45.663,0.001982
12:59:45.664,1.488885,12:59:45.664,36.286797,12:59:45.664,0.002969
12:59:45.665,1.455117,12:59:45.665,36.320565,12:59:45.665,0.004284
12:59:45.666,1.488885,12:59:45.666,36.269913,12:59:45.666,0.001982
12:59:45.667,1.438233,12:59:45.667,36.303681,12:59:45.667,0.003626
12:59:45.668,1.455117,12:59:45.668,36.286797,12:59:45.668,0.003297
12:59:45.669,1.472001,12:59:45.669,36.236145,12:59:45.669,0.00527
12:59:45.670,1.438233,12:59:45.670,36.253029,12:59:45.670,0.003297
12:59:45.671,1.488885,12:59:45.671,36.320565,12:59:45.671,0.00264
12:59:45.672,1.472001,12:59:45.672,36.219261,12:59:45.672,0.001653
12:59:45.673,1.488885,12:59:45.673,36.168609,12:59:45.673,0.003297
12:59:45.674,1.404465,12:59:45.674,36.151725,12:59:45.674,0.00264
12:59:45.675,1.370697,12:59:45.675,36.236145,12:59:45.675,0.001653
12:59:45.676,1.404465,12:59:45.676,36.050421,12:59:45.676,0.002969
12:59:45.677,1.421349,12:59:45.677,36.067305,12:59:45.677,0.002969
12:59:45.678,1.488885,12:59:45.678,36.050421,12:59:45.678,0.003297
12:59:45.679,1.438233,12:59:45.679,36.151725,12:59:45.679,0.00264
12:59:45.680,1.505769,12:59:45.680,36.117957,12:59:45.680,0.002969
12:59:45.681,1.505769,12:59:45.681,36.151725,12:59:45.681,0.003297
12:59:45.682,1.556421,12:59:45.682,36.067305,12:59:45.682,0.001982
12:59:45.683,1.488885,12:59:45.683,36.101073,12:59:45.683,0.001982
12:59:45.684,1.472001,12:59:45.684,36.067305,12:59:45.684,0.001325
12:59:45.685,1.505769,12:59:45.685,36.033537,12:59:45.685,0.002311
12:59:45.686,1.455117,12:59:45.686,36.134841,12:59:45.686,0.003297
12:59:45.687,1.505769,12:59:45.687,36.168609,12:59:45.687,0.001982
12:59:45.688,1.522653,12:59:45.688,36.101073,12:59:45.688,0.004612
12:59:45.689,1.539537,12:59:45.689,35.999769,12:59:45.689,0.00264
12:59:45.690,1.522653,12:59:45.690,35.949117,12:59:45.690,0.00264
12:59:45.691,1.539537,12:59:45.691,36.033537,12:59:45.691,0.00264
12:59:45.692,1.556421,12:59:45.692,35.797161,12:59:45.692,0.001982
12:59:45.693,1.573305,12:59:45.693,35.814045,12:59:45.693,0.003297
12:59:45.694,1.607073,12:59:45.694,35.797161,12:59:45.694,0.001982
12:59:45.695,1.421349,12:59:45.695,35.915349,12:59:45.695,0.004284
12:59:45.696,1.573305,12:59:45.696,35.797161,12:59:45.696,0.002969
12:59:45.697,1.556421,12:59:45.697,35.780277,12:59:45.697,0.00264
12:59:45.698,1.556421,12:59:45.698,35.763393,12:59:45.698,0.003626
12:59:45.699,1.539537,12:59:45.699,35.847813,12:59:45.699,0.00264
12:59:45.700,1.556421,12:59:45.700,35.695857,12:59:45.700,0.002311
12:59:45.701,1.623957,12:59:45.701,35.763393,12:59:45.701,0.003297
12:59:45.702,1.556421,12:59:45.702,35.814045,12:59:45.702,0.003297
12:59:45.703,1.590189,12:59:45.703,35.915349,12:59:45.703,0.003297
12:59:45.704,1.657725,12:59:45.704,35.898465,12:59:45.704,0.004284
12:59:45.705,1.657725,12:59:45.705,35.830929,12:59:45.705,0.001982
12:59:45.706,1.607073,12:59:45.706,35.847813,12:59:45.706,0.00264
12:59:45.707,1.590189,12:59:45.707,35.898465,12:59:45.707,0.00264
12:59:45.708,1.640841,12:59:45.708,35.797161,12:59:45.708,0.003297
12:59:45.709,1.674609,12:59:45.709,35.797161,12:59:45.709,0.003955
12:59:45.710,1.623957,12:59:45.710,35.797161,12:59:45.710,0.001982
12:59:45.711,1.657725,12:59:45.711,35.898465,12:59:45.711,0.001982
12:59:45.712,1.623957,12:59:45.712,35.847813,12:59:45.712,0.002969
12:59:45.713,1.573305,12:59:45.713,35.678973,12:59:45.713,0.002311
12:59:45.714,1.607073,12:59:45.714,35.729625,12:59:45.714,0.003955
12:59:45.715,1.488885,12:59:45.715,35.712741,12:59:45.715,0.00264
12:59:45.716,1.556421,12:59:45.716,35.729625,12:59:45.716,0.002969
12:59:45.717,1.556421,12:59:45.717,35.712741,12:59:45.717,0.002969
12:59:45.718,1.573305,12:59:45.718,35.712741,12:59:45.718,0.001653
12:59:45.719,1.623957,12:59:45.719,35.763393,12:59:45.719,0.003955
12:59:45.720,1.590189,12:59:45.720,35.712741,12:59:45.720,0.00264
12:59:45.721,1.607073,12:59:45.721,35.678973,12:59:45.721,0.004612
12:59:45.722,1.640841,12:59:45.722,35.611437,12:59:45.722,0.003626
12:59:45.723,1.623957,12:59:45.723,35.780277,12:59:45.723,0.001653
12:59:45.724,1.623957,12:59:45.724,35.662089,12:59:45.724,0.002969
12:59:45.725,1.674609,12:59:45.725,35.695857,12:59:45.725,0.003626
12:59:45.726,1.657725,12:59:45.726,35.678973,12:59:45.726,0.002311
12:59:45.727,1.657725,12:59:45.727,35.780277,12:59:45.727,0.003297
12:59:45.728,1.607073,12:59:45.728,35.678973,12:59:45.728,0.003297
12:59:45.729,1.640841,12:59:45.729,35.628321,12:59:45.729,0.003626
12:59:45.730,1.640841,12:59:45.730,35.628321,12:59:45.730,0.002311
12:59:45.731,1.573305,12:59:45.731,35.645205,12:59:45.731,0.002969
12:59:45.732,1.691493,12:59:45.732,35.611437,12:59:45.732,0.00264
12:59:45.733,1.607073,12:59:45.733,35.577669,12:59:45.733,0.00264
12:59:45.734,1.657725,12:59:45.734,35.611437,12:59:45.734,0.001982
12:59:45.735,1.640841,12:59:45.735,35.611437,12:59:45.735,0.003297
12:59:45.736,1.657725,12:59:45.736,35.527017,12:59:45.736,0.00264
12:59:45.737,1.674609,12:59:45.737,35.510133,12:59:45.737,0.00264
12:59:45.738,1.725261,12:59:45.738,35.459481,12:59:45.738,0.00264
12:59:45.739,1.674609,12:59:45.739,35.594553,12:59:45.739,0.003626
12:59:45.740,1.657725,12:59:45.740,35.611437,12:59:45.740,0.002969
12:59:45.741,1.742145,12:59:45.741,35.527017,12:59:45.741,0.002969
12:59:45.742,1.691493,12:59:45.742,35.510133,12:59:45.742,0.003955
12:59:45.743,1.691493,12:59:45.743,35.510133,12:59:45.743,0.001982
12:59:45.744,1.742145,12:59:45.744,35.527017,12:59:45.744,0.003297
12:59:45.745,1.826565,12:59:45.745,35.510133,12:59:45.745,0.003297
12:59:45.746,1.792797,12:59:45.746,35.442597,12:59:45.746,0.001982
12:59:45.747,1.725261,12:59:45.747,35.476365,12:59:45.747,0.001982
12:59:45.748,1.759029,12:59:45.748,35.527017,12:59:45.748,0.003626
12:59:45.749,1.725261,12:59:45.749,35.459481,12:59:45.749,0.002969
12:59:45.750,1.759029,12:59:45.750,35.391945,12:59:45.750,0.001982
12:59:45.751,1.657725,12:59:45.751,35.459481,12:59:45.751,0.00264
12:59:45.752,1.657725,12:59:45.752,35.543901,12:59:45.752,0.004284
12:59:45.753,1.725261,12:59:45.753,35.408829,12:59:45.753,1.233004
12:59:45.754,1.640841,12:59:45.754,35.341293,12:59:45.754,5.169375
12:59:45.755,1.691493,12:59:45.755,35.442597,12:59:45.755,5.772389
12:59:45.756,1.590189,12:59:45.756,35.442597,12:59:45.756,5.7885
12:59:45.757,1.607073,12:59:45.757,35.459481,12:59:45.757,5.802309
12:59:45.758,1.556421,12:59:45.758,35.442597,12:59:45.758,5.813488
12:59:45.759,1.623957,12:59:45.759,35.442597,12:59:45.759,5.826312
12:59:45.760,1.607073,12:59:45.760,35.510133,12:59:45.760,5.839135
12:59:45.761,1.590189,12:59:45.761,35.391945,12:59:45.761,5.848012
12:59:45.762,1.623957,12:59:45.762,35.408829,12:59:45.762,5.862479
12:59:45.763,1.607073,12:59:45.763,35.341293,12:59:45.763,5.827956
12:59:45.764,1.674609,12:59:45.764,35.408829,12:59:45.764,5.800337
12:59:45.765,1.775913,12:59:45.765,35.324409,12:59:45.765,5.800665
12:59:45.766,1.995405,12:59:45.766,35.358177,12:59:45.766,5.816776
12:59:45.767,2.181129,12:59:45.767,35.341293,12:59:45.767,5.82401
12:59:45.768,2.653881,12:59:45.768,35.375061,12:59:45.768,5.898976
12:59:45.769,3.66692,12:59:45.769,35.256873,12:59:45.769,5.908182
12:59:45.770,5.52416,12:59:45.770,35.324409,12:59:45.770,5.907524
12:59:45.771,8.495743,12:59:45.771,35.290641,12:59:45.771,5.901277
12:59:45.772,12.379062,12:59:45.772,35.375061,12:59:45.772,5.901277
12:59:45.773,16.397453,12:59:45.773,35.256873,12:59:45.773,5.901277
12:59:45.774,20.702871,12:59:45.774,35.189337,12:59:45.774,5.899962
12:59:45.775,25.751185,12:59:45.775,35.172453,12:59:45.775,5.844724
12:59:45.776,31.559279,12:59:45.776,35.172453,12:59:45.776,5.839463
12:59:45.777,37.586864,12:59:45.777,35.104918,12:59:45.777,5.845053
12:59:45.778,44.205389,12:59:45.778,34.81789,12:59:45.778,5.909168
12:59:45.779,51.820069,12:59:45.779,35.121802,12:59:45.779,5.922649
12:59:45.780,59.755544,12:59:45.780,35.07115,12:59:45.780,5.9141
12:59:45.781,67.184499,12:59:45.781,34.969846,12:59:45.781,5.900291
12:59:45.782,73.870558,12:59:45.782,34.851658,12:59:45.782,5.897332
12:59:45.783,79.594229,12:59:45.783,34.969846,12:59:45.783,5.892071
12:59:45.784,83.865877,12:59:45.784,35.054266,12:59:45.784,5.885166
12:59:45.785,85.081524,12:59:45.785,34.98673,12:59:45.785,5.882865
12:59:45.786,81.620307,12:59:45.786,35.088034,12:59:45.786,5.831901
12:59:45.787,74.073165,12:59:45.787,35.206221,12:59:45.787,5.824996
12:59:45.788,65.546752,12:59:45.788,35.476365,12:59:45.788,5.840121
12:59:45.789,57.222946,12:59:45.789,35.560785,12:59:45.789,5.852615
12:59:45.790,52.275937,12:59:45.790,35.510133,12:59:45.790,5.863137
12:59:45.791,48.426387,12:59:45.791,35.594553,12:59:45.791,5.921005
12:59:45.792,42.635178,12:59:45.792,35.611437,12:59:45.792,5.92791
12:59:45.793,37.890776,12:59:45.793,35.442597,12:59:45.793,5.926266
12:59:45.794,35.999769,12:59:45.794,35.358177,12:59:45.794,5.929883
12:59:45.795,35.375061,12:59:45.795,35.341293,12:59:45.795,5.919361
12:59:45.796,35.780277,12:59:45.796,35.341293,12:59:45.796,5.901606
12:59:45.797,36.489405,12:59:45.797,35.307525,12:59:45.797,5.899633
12:59:45.798,37.873892,12:59:45.798,35.459481,12:59:45.798,5.852944
12:59:45.799,40.035043,12:59:45.799,35.408829,12:59:45.799,5.815461
12:59:45.800,43.597565,12:59:45.800,35.358177,12:59:45.800,5.818749
12:59:45.801,48.206895,12:59:45.801,35.290641,12:59:45.801,5.839135
12:59:45.802,53.407164,12:59:45.802,35.442597,12:59:45.802,5.918375
12:59:45.803,58.269753,12:59:45.803,35.577669,12:59:45.803,5.931198
12:59:45.804,62.085534,12:59:45.804,35.746509,12:59:45.804,5.925608
12:59:45.805,64.415525,12:59:45.805,35.797161,12:59:45.805,5.914758
12:59:45.806,64.871393,12:59:45.806,35.763393,12:59:45.806,5.919032
12:59:45.807,63.520673,12:59:45.807,35.797161,12:59:45.807,5.919361
12:59:45.808,61.106263,12:59:45.808,35.999769,12:59:45.808,5.910484
12:59:45.809,58.404825,12:59:45.809,35.932233,12:59:45.809,5.849656
12:59:45.810,56.041066,12:59:45.810,36.101073,12:59:45.810,5.823024
12:59:45.811,54.504623,12:59:45.811,36.286797,12:59:45.811,5.831572
12:59:45.812,53.930568,12:59:45.812,36.607593,12:59:45.812,5.836833
12:59:45.813,53.863032,12:59:45.813,36.523173,12:59:45.813,5.844724
12:59:45.814,54.099408,12:59:45.814,36.438753,12:59:45.814,5.846368
12:59:45.815,54.23448,12:59:45.815,36.556941,12:59:45.815,5.874974
12:59:45.816,54.116292,12:59:45.816,36.641361,12:59:45.816,5.896345
12:59:45.817,53.72796,12:59:45.817,36.759549,12:59:45.817,5.889769
12:59:45.818,53.660424,12:59:45.818,36.894621,12:59:45.818,5.886481
12:59:45.819,54.960491,12:59:45.819,37.046577,12:59:45.819,5.880234
12:59:45.820,57.797001,12:59:45.820,37.316721,12:59:45.820,5.87333
12:59:45.821,60.532208,12:59:45.821,37.434908,12:59:45.821,5.856561
12:59:45.822,62.693358,12:59:45.822,37.637516,12:59:45.822,5.869384
12:59:45.823,64.955812,12:59:45.823,37.705052,12:59:45.823,5.865767
12:59:45.824,67.488411,12:59:45.824,37.840124,12:59:45.824,5.862479
12:59:45.825,68.822246,12:59:45.825,37.958312,12:59:45.825,5.778636
12:59:45.826,69.244345,12:59:45.826,37.941428,12:59:45.826,5.787185
12:59:45.827,69.092389,12:59:45.827,38.008964,12:59:45.827,5.797049
12:59:45.828,68.92355,12:59:45.828,38.0765,12:59:45.828,5.816119
12:59:45.829,68.146886,12:59:45.829,38.110268,12:59:45.829,5.889112
12:59:45.830,66.829935,12:59:45.830,38.262224,12:59:45.830,5.907196
12:59:45.831,64.90516,12:59:45.831,38.515484,12:59:45.831,5.898318
12:59:45.832,62.625822,12:59:45.832,38.971352,12:59:45.832,5.879905
12:59:45.833,59.890616,12:59:45.833,39.325916,12:59:45.833,5.874645
12:59:45.834,57.290482,12:59:45.834,39.748015,12:59:45.834,5.869384
12:59:45.835,54.757883,12:59:45.835,40.457143,12:59:45.835,5.872014
12:59:45.836,53.120136,12:59:45.836,41.335111,12:59:45.836,5.811516
12:59:45.837,52.326589,12:59:45.837,42.415686,12:59:45.837,5.810529
12:59:45.838,52.782456,12:59:45.838,43.479378,12:59:45.838,5.800994
12:59:45.839,54.133176,12:59:45.839,44.593721,12:59:45.839,5.815132
12:59:45.840,56.243674,12:59:45.840,45.353501,12:59:45.840,5.848012
12:59:45.841,58.286637,12:59:45.841,45.623644,12:59:45.841,5.895359
12:59:45.842,59.181488,12:59:45.842,45.285965,12:59:45.842,5.896674
12:59:45.843,60.24518,12:59:45.843,44.998937,12:59:45.843,5.892071
12:59:45.844,60.768583,12:59:45.844,45.134009,12:59:45.844,5.887139
12:59:45.845,59.806196,12:59:45.845,45.235313,12:59:45.845,5.882207
12:59:45.846,58.607433,12:59:45.846,45.015821,12:59:45.846,5.886153
12:59:45.847,57.526857,12:59:45.847,45.066473,12:59:45.847,5.890427
12:59:45.848,57.476206,12:59:45.848,45.454805,12:59:45.848,5.892729
12:59:45.849,58.658085,12:59:45.849,45.353501,12:59:45.849,1.216893
12:59:45.850,59.519168,12:59:45.850,44.897633,12:59:45.850,0.901247
12:59:45.851,60.667279,12:59:45.851,44.813213,12:59:45.851,0.747698
12:59:45.852,62.001115,12:59:45.852,45.319733,12:59:45.852,0.584613
12:59:45.853,63.605093,12:59:45.853,45.826252,12:59:45.853,0.443559
12:59:45.854,64.98958,12:59:45.854,46.231468,12:59:45.854,0.305463
12:59:45.855,64.90516,12:59:45.855,46.248352,12:59:45.855,0.187425
12:59:45.856,63.706397,12:59:45.856,46.265236,12:59:45.856,0.085497
12:59:45.857,61.359523,12:59:45.857,46.434076,12:59:45.857,-0.00295
12:59:45.858,58.387941,12:59:45.858,46.974364,12:59:45.858,-0.002292
12:59:45.859,55.247519,12:59:45.859,47.29516,12:59:45.859,0.001653
12:59:45.860,52.123981,12:59:45.860,47.328928,12:59:45.860,0.003626
12:59:45.861,49.591382,12:59:45.861,47.21074,12:59:45.861,0.004284
12:59:45.862,47.599071,12:59:45.862,47.075668,12:59:45.862,0.002969
12:59:45.863,44.695025,12:59:45.863,47.278276,12:59:45.863,0.003955
12:59:45.864,42.34815,12:59:45.864,48.493923,12:59:45.864,0.005599
12:59:45.865,39.275264,12:59:45.865,49.642034,12:59:45.865,0.003297
12:59:45.866,36.202377,12:59:45.866,49.54073,12:59:45.866,0.002969
12:59:45.867,33.754198,12:59:45.867,49.101747,12:59:45.867,0.004941
12:59:45.868,31.964495,12:59:45.868,49.219934,12:59:45.868,0.004284
12:59:45.869,30.867035,12:59:45.869,49.760222,12:59:45.869,0.003297
12:59:45.870,30.360516,12:59:45.870,50.283626,12:59:45.870,0.000996
12:59:45.871,30.664427,12:59:45.871,50.671958,12:59:45.871,0.003297
12:59:45.872,31.660583,12:59:45.872,51.127825,12:59:45.872,0.002311
12:59:45.873,32.082683,12:59:45.873,50.925217,12:59:45.873,0.001653
12:59:45.874,31.846307,12:59:45.874,50.04725,12:59:45.874,0.002311
12:59:45.875,31.457975,12:59:45.875,49.45631,12:59:45.875,0.003626
12:59:45.876,30.816383,12:59:45.876,49.388774,12:59:45.876,0.003626
12:59:45.877,29.972184,12:59:45.877,49.37189,12:59:45.877,0.003626
12:59:45.878,29.212404,12:59:45.878,48.932907,12:59:45.878,0.001982
12:59:45.879,28.672116,12:59:45.879,48.510807,12:59:45.879,0.003626
12:59:45.880,27.827917,12:59:45.880,48.341967,12:59:45.880,0.001653
12:59:45.881,27.101905,12:59:45.881,48.308199,12:59:45.881,0.003626
12:59:45.882,26.139517,12:59:45.882,48.190011,12:59:45.882,0.002311
12:59:45.883,25.058942,12:59:45.883,48.612111,12:59:45.883,0.003297
12:59:45.884,23.454962,12:59:45.884,49.067979,12:59:45.884,0.002969
12:59:45.885,21.850983,12:59:45.885,49.760222,12:59:45.885,0.003626
12:59:45.886,20.837943,12:59:45.886,50.182322,12:59:45.886,0.00264
12:59:45.887,19.63918,12:59:45.887,50.520002,12:59:45.887,0.003297
12:59:45.888,18.575488,12:59:45.888,50.80703,12:59:45.888,0.00264
12:59:45.889,17.967664,12:59:45.889,51.094057,12:59:45.889,0.00264
12:59:45.890,17.292304,12:59:45.890,51.144709,12:59:45.890,0.003955
12:59:45.891,16.7689,12:59:45.891,50.975869,12:59:45.891,0.003626
12:59:45.892,16.329917,12:59:45.892,50.857682,12:59:45.892,0.003626
12:59:45.893,15.755861,12:59:45.893,50.570654,12:59:45.893,0.001653
12:59:45.894,15.587021,12:59:45.894,50.064134,12:59:45.894,0.002969
12:59:45.895,15.418181,12:59:45.895,49.608266,12:59:45.895,0.003297
12:59:45.896,15.570137,12:59:45.896,49.439426,12:59:45.896,0.003297
12:59:45.897,15.857165,12:59:45.897,49.236818,12:59:45.897,0.002311
12:59:45.898,16.313033,12:59:45.898,49.152398,12:59:45.898,0.004612
12:59:45.899,16.785784,12:59:45.899,49.20305,12:59:45.899,0.003297
12:59:45.900,17.089696,12:59:45.900,49.355006,12:59:45.900,0.00527
12:59:45.901,17.35984,12:59:45.901,49.608266,12:59:45.901,0.005599
12:59:45.902,17.342956,12:59:45.902,49.79399,12:59:45.902,0.001653
12:59:45.903,17.309188,12:59:45.903,49.895294,12:59:45.903,0.003955
12:59:45.904,17.309188,12:59:45.904,50.064134,12:59:45.904,0.00264
12:59:45.905,17.326072,12:59:45.905,50.21609,12:59:45.905,0.002969
12:59:45.906,17.427376,12:59:45.906,50.064134,12:59:45.906,0.004284
12:59:45.907,17.410492,12:59:45.907,49.827758,12:59:45.907,0.003297
12:59:45.908,17.326072,12:59:45.908,49.726454,12:59:45.908,0.001653
12:59:45.909,17.055928,12:59:45.909,49.557614,12:59:45.909,0.003297
12:59:45.910,16.161077,12:59:45.910,49.152398,12:59:45.910,0.001982
12:59:45.911,13.037538,12:59:45.911,48.932907,12:59:45.911,0.00264
12:59:45.912,6.689155,12:59:45.912,49.067979,12:59:45.912,0.001653
12:59:45.913,1.117437,12:59:45.913,48.966675,12:59:45.913,0.00264
12:59:45.914,-2.022986,12:59:45.914,49.034211,12:59:45.914,0.003297
12:59:45.915,-3.323054,12:59:45.915,49.152398,12:59:45.915,0.002969
12:59:45.916,-3.39059,12:59:45.916,49.473194,12:59:45.916,0.002311
12:59:45.917,-3.424358,12:59:45.917,49.726454,12:59:45.917,0.003626
12:59:45.918,-3.424358,12:59:45.918,49.79399,12:59:45.918,0.003626
12:59:45.919,-3.441242,12:59:45.919,50.013482,12:59:45.919,0.002969
12:59:45.920,-3.407474,12:59:45.920,49.996598,12:59:45.920,0.003297
12:59:45.921,-3.424358,12:59:45.921,50.097902,12:59:45.921,0.002311
12:59:45.922,-3.424358,12:59:45.922,49.760222,12:59:45.922,0.003297
12:59:45.923,-3.407474,12:59:45.923,49.523846,12:59:45.923,0.00264
12:59:45.924,-3.407474,12:59:45.924,49.135515,12:59:45.924,0.003626
12:59:45.925,-3.407474,12:59:45.925,48.831603,12:59:45.925,0.002311
12:59:45.926,-3.39059,12:59:45.926,48.426387,12:59:45.926,0.001982
12:59:45.927,-3.289286,12:59:45.927,48.021171,12:59:45.927,0.004284
12:59:45.928,-2.71523,12:59:45.928,47.784795,12:59:45.928,0.003626
12:59:45.929,-0.148863,12:59:45.929,47.818563,12:59:45.929,0.00264
12:59:45.930,3.363008,12:59:45.930,47.632839,12:59:45.930,0.00264
12:59:45.931,7.145023,12:59:45.931,47.548419,12:59:45.931,0.00264
12:59:45.932,11.06211,12:59:45.932,47.717259,12:59:45.932,0.001982
12:59:45.933,14.540213,12:59:45.933,47.886099,12:59:45.933,0.002969
12:59:45.934,17.579332,12:59:45.934,48.004287,12:59:45.934,0.00264
12:59:45.935,19.943091,12:59:45.935,48.122475,12:59:45.935,0.002969
12:59:45.936,21.631491,12:59:45.936,48.190011,12:59:45.936,0.00264
12:59:45.937,23.049746,12:59:45.937,48.409503,12:59:45.937,0.002969
12:59:45.938,23.758874,12:59:45.938,48.274431,12:59:45.938,0.00264
12:59:45.939,23.74199,12:59:45.939,48.105591,12:59:45.939,0.00264
12:59:45.940,23.218586,12:59:45.940,47.902983,12:59:45.940,0.002311
12:59:45.941,22.273083,12:59:45.941,47.801679,12:59:45.941,0.002311
12:59:45.942,20.854827,12:59:45.942,47.396463,12:59:45.942,0.002969
12:59:45.943,19.04824,12:59:45.943,47.0419,12:59:45.943,0.002969
12:59:45.944,16.532525,12:59:45.944,46.822408,12:59:45.944,0.00264
12:59:45.945,13.847969,12:59:45.945,46.670452,12:59:45.945,0.001982
12:59:45.946,11.011458,12:59:45.946,46.417192,12:59:45.946,0.001325
12:59:45.947,8.022991,12:59:45.947,46.299004,12:59:45.947,0.003626
12:59:45.948,4.93322,12:59:45.948,46.400308,12:59:45.948,0.00264
12:59:45.949,2.096709,12:59:45.949,46.636684,12:59:45.949,0.001982
12:59:45.950,-0.402123,12:59:45.950,46.518496,12:59:45.950,0.003297
12:59:45.951,-2.056754,12:59:45.951,46.45096,12:59:45.951,0.002311
12:59:45.952,-2.951606,12:59:45.952,46.518496,12:59:45.952,0.003955
12:59:45.953,-3.238634,12:59:45.953,46.569148,12:59:45.953,0.002969
12:59:45.954,-3.323054,12:59:45.954,46.417192,12:59:45.954,0.004284
12:59:45.955,-3.356822,12:59:45.955,46.315888,12:59:45.955,0.003626
12:59:45.956,-3.373706,12:59:45.956,46.28212,12:59:45.956,0.001982
12:59:45.957,-3.39059,12:59:45.957,46.163932,12:59:45.957,0.002311
12:59:45.958,-3.373706,12:59:45.958,45.995092,12:59:45.958,0.001653
12:59:45.959,-3.339938,12:59:45.959,45.724948,12:59:45.959,0.001982
12:59:45.960,-3.272402,12:59:45.960,45.556108,12:59:45.960,0.00264
12:59:45.961,-3.120446,12:59:45.961,45.437921,12:59:45.961,0.002969
12:59:45.962,-2.563274,12:59:45.962,45.150893,12:59:45.962,0.003626
12:59:45.963,-1.364511,12:59:45.963,44.931401,12:59:45.963,0.002969
12:59:45.964,0.307005,12:59:45.964,44.914517,12:59:45.964,0.003297
12:59:45.965,2.299317,12:59:45.965,45.032705,12:59:45.965,0.004284
12:59:45.966,4.325396,12:59:45.966,44.880749,12:59:45.966,0.002311
12:59:45.967,6.28394,12:59:45.967,44.846981,12:59:45.967,0.003626
12:59:45.968,7.972339,12:59:45.968,44.830097,12:59:45.968,0.004941
12:59:45.969,9.559435,12:59:45.969,44.897633,12:59:45.969,0.003626
12:59:45.970,11.163414,12:59:45.970,44.830097,12:59:45.970,0.001653
12:59:45.971,11.973846,12:59:45.971,44.762561,12:59:45.971,0.00264
12:59:45.972,12.649206,12:59:45.972,44.644373,12:59:45.972,0.003955
12:59:45.973,13.206378,12:59:45.973,44.711909,12:59:45.973,0.002969
12:59:45.974,13.138842,12:59:45.974,44.543069,12:59:45.974,0.002969
12:59:45.975,13.020654,12:59:45.975,44.374229,12:59:45.975,0.00264
12:59:45.976,12.362178,12:59:45.976,44.188505,12:59:45.976,0.00264
12:59:45.977,11.366022,12:59:45.977,44.222273,12:59:45.977,0.002311
12:59:45.978,10.150375,12:59:45.978,44.137853,12:59:45.978,0.00527
12:59:45.979,8.900959,12:59:45.979,44.002781,12:59:45.979,0.004612
12:59:45.980,7.432051,12:59:45.980,44.019665,12:59:45.980,0.002969
12:59:45.981,5.980028,12:59:45.981,44.053433,12:59:45.981,0.002311
12:59:45.982,4.528004,12:59:45.982,44.137853,12:59:45.982,0.003626
12:59:45.983,3.008444,12:59:45.983,44.087201,12:59:45.983,0.001653
12:59:45.984,1.809681,12:59:45.984,44.104085,12:59:45.984,0.003626
12:59:45.985,0.644685,12:59:45.985,44.272925,12:59:45.985,0.002311
12:59:45.986,-0.317703,12:59:45.986,44.171621,12:59:45.986,0.00264
12:59:45.987,-0.925527,12:59:45.987,44.120969,12:59:45.987,0.003297
12:59:45.988,-1.415163,12:59:45.988,44.171621,12:59:45.988,0.001982
12:59:45.989,-1.735958,12:59:45.989,44.272925,12:59:45.989,0.001653
12:59:45.990,-1.887914,12:59:45.990,44.205389,12:59:45.990,0.001653
12:59:45.991,-1.95545,12:59:45.991,43.833941,12:59:45.991,0.002969
12:59:45.992,-2.022986,12:59:45.992,43.833941,12:59:45.992,0.001653
12:59:45.993,-1.904798,12:59:45.993,43.952129,12:59:45.993,0.00264
12:59:45.994,-1.53335,12:59:45.994,43.833941,12:59:45.994,0.002311
12:59:45.995,-1.060599,12:59:45.995,43.817057,12:59:45.995,0.003297
12:59:45.996,-0.435891,12:59:45.996,43.783289,12:59:45.996,0.003626
12:59:45.997,0.391425,12:59:45.997,43.969013,12:59:45.997,0.002311
12:59:45.998,1.269393,12:59:45.998,43.901477,12:59:45.998,0.002969
12:59:45.999,2.079825,12:59:45.999,43.969013,12:59:45.999,0.002969
12:59:46.000,2.839604,12:59:46.000,44.087201,12:59:46.000,0.003955
12:59:46.001,3.447428,12:59:46.001,44.222273,12:59:46.001,0.002969
12:59:46.002,4.105904,12:59:46.002,44.154737,12:59:46.002,0.00264
12:59:46.003,4.67996,12:59:46.003,44.205389,12:59:46.003,0.00264
12:59:46.004,5.18648,12:59:46.004,44.154737,12:59:46.004,0.002311
12:59:46.005,5.60858,12:59:46.005,44.205389,12:59:46.005,0.00264
12:59:46.006,5.86184,12:59:46.006,44.154737,12:59:46.006,0.00264
12:59:46.007,6.081332,12:59:46.007,43.901477,12:59:46.007,0.002969
12:59:46.008,6.081332,12:59:46.008,43.969013,12:59:46.008,0.004284
12:59:46.009,5.895608,12:59:46.009,43.935245,12:59:46.009,0.003297
12:59:46.010,5.60858,12:59:46.010,43.833941,12:59:46.010,0.001653
12:59:46.011,5.338436,12:59:46.011,43.766405,12:59:46.011,0.00264
12:59:46.012,4.983872,12:59:46.012,43.800173,12:59:46.012,0.002969
12:59:46.013,4.528004,12:59:46.013,43.884593,12:59:46.013,0.00264
12:59:46.014,4.038368,12:59:46.014,43.985897,12:59:46.014,0.00264
12:59:46.015,3.599384,12:59:46.015,43.935245,12:59:46.015,0.003626
12:59:46.016,3.07598,12:59:46.016,44.036549,12:59:46.016,0.001325
12:59:46.017,2.552577,12:59:46.017,44.154737,12:59:46.017,0.002311
12:59:46.018,2.012289,12:59:46.018,44.357345,12:59:46.018,0.001653
12:59:46.019,1.590189,12:59:46.019,44.340461,12:59:46.019,0.003297
12:59:46.020,1.168089,12:59:46.020,44.441765,12:59:46.020,0.001325
12:59:46.021,0.813525,12:59:46.021,44.559953,12:59:46.021,0.003626
12:59:46.022,0.509613,12:59:46.022,44.526185,12:59:46.022,0.00264
12:59:46.023,0.391425,12:59:46.023,44.424881,12:59:46.023,0.002311
12:59:46.024,0.273237,12:59:46.024,44.357345,12:59:46.024,0.001653
12:59:46.025,0.222585,12:59:46.025,44.424881,12:59:46.025,0.00264
12:59:46.026,0.239469,12:59:46.026,44.407997,12:59:46.026,0.00264
12:59:46.027,0.475845,12:59:46.027,44.306693,12:59:46.027,0.00264
12:59:46.028,0.745989,12:59:46.028,44.256041,12:59:46.028,0.001982
12:59:46.029,0.982365,12:59:46.029,44.340461,12:59:46.029,0.004284
12:59:46.030,1.269393,12:59:46.030,44.357345,12:59:46.030,0.002311
12:59:46.031,1.640841,12:59:46.031,44.323577,12:59:46.031,0.002969
12:59:46.032,1.995405,12:59:46.032,44.357345,12:59:46.032,0.003297
12:59:46.033,2.434389,12:59:46.033,44.492417,12:59:46.033,0.00264
12:59:46.034,2.873372,12:59:46.034,44.593721,12:59:46.034,0.002969
12:59:46.035,3.312356,12:59:46.035,44.576837,12:59:46.035,0.001982
12:59:46.036,3.683804,12:59:46.036,44.728793,12:59:46.036,0.00264
12:59:46.037,4.021484,12:59:46.037,44.762561,12:59:46.037,0.001982
12:59:46.038,4.443584,12:59:46.038,44.880749,12:59:46.038,0.00264
12:59:46.039,4.663076,12:59:46.039,44.779445,12:59:46.039,0.00264
12:59:46.040,4.798148,12:59:46.040,44.863865,12:59:46.040,0.002311
12:59:46.041,4.76438,12:59:46.041,44.796329,12:59:46.041,0.002311
12:59:46.042,4.8488,12:59:46.042,44.863865,12:59:46.042,0.003955
12:59:46.043,4.882568,12:59:46.043,44.745677,12:59:46.043,0.003297
12:59:46.044,4.865684,12:59:46.044,44.627489,12:59:46.044,0.002311
12:59:46.045,4.646192,12:59:46.045,44.695025,12:59:46.045,0.004941
12:59:46.046,4.443584,12:59:46.046,44.644373,12:59:46.046,0.00264
12:59:46.047,4.122788,12:59:46.047,44.492417,12:59:46.047,0.004941
12:59:46.048,3.937064,12:59:46.048,44.458649,12:59:46.048,0.004284
12:59:46.049,3.66692,12:59:46.049,44.593721,12:59:46.049,0.001982
12:59:46.050,3.32924,12:59:46.050,44.661257,12:59:46.050,0.002311
12:59:46.051,3.1604,12:59:46.051,44.559953,12:59:46.051,0.003626
12:59:46.052,2.890256,12:59:46.052,44.576837,12:59:46.052,0.002311
12:59:46.053,2.552577,12:59:46.053,44.644373,12:59:46.053,0.001982
12:59:46.054,2.299317,12:59:46.054,44.830097,12:59:46.054,0.002311
12:59:46.055,2.079825,12:59:46.055,44.695025,12:59:46.055,0.00264
12:59:46.056,1.927869,12:59:46.056,44.745677,12:59:46.056,0.00264
12:59:46.057,1.725261,12:59:46.057,44.880749,12:59:46.057,0.000667
12:59:46.058,1.590189,12:59:46.058,44.914517,12:59:46.058,0.003626
12:59:46.059,1.691493,12:59:46.059,44.931401,12:59:46.059,0.002311
12:59:46.060,1.674609,12:59:46.060,44.762561,12:59:46.060,0.00264
12:59:46.061,1.725261,12:59:46.061,44.863865,12:59:46.061,0.002311
12:59:46.062,1.775913,12:59:46.062,44.948285,12:59:46.062,0.00264
12:59:46.063,1.927869,12:59:46.063,44.762561,12:59:46.063,0.002311
12:59:46.064,2.062941,12:59:46.064,44.830097,12:59:46.064,0.001982
12:59:46.065,2.282433,12:59:46.065,44.762561,12:59:46.065,0.002311
12:59:46.066,2.468157,12:59:46.066,44.880749,12:59:46.066,0.003297
12:59:46.067,2.636997,12:59:46.067,44.711909,12:59:46.067,0.00264
12:59:46.068,2.940908,12:59:46.068,44.593721,12:59:46.068,0.002311
12:59:46.069,3.092864,12:59:46.069,44.695025,12:59:46.069,0.002311
12:59:46.070,3.227936,12:59:46.070,44.695025,12:59:46.070,0.002969
12:59:46.071,3.514964,12:59:46.071,44.509301,12:59:46.071,0.003626
12:59:46.072,3.717572,12:59:46.072,44.593721,12:59:46.072,0.002311
12:59:46.073,3.92018,12:59:46.073,44.492417,12:59:46.073,0.002311
12:59:46.074,4.105904,12:59:46.074,44.559953,12:59:46.074,0.002969
12:59:46.075,4.207208,12:59:46.075,44.424881,12:59:46.075,0.003626
12:59:46.076,4.359164,12:59:46.076,44.492417,12:59:46.076,0.00264
12:59:46.077,4.4267,12:59:46.077,44.424881,12:59:46.077,0.003955
12:59:46.078,4.51112,12:59:46.078,44.526185,12:59:46.078,0.00264
12:59:46.079,4.494236,12:59:46.079,44.272925,12:59:46.079,0.003297
12:59:46.080,4.443584,12:59:46.080,44.222273,12:59:46.080,0.00264
12:59:46.081,4.325396,12:59:46.081,44.374229,12:59:46.081,0.003626
12:59:46.082,4.190324,12:59:46.082,44.424881,12:59:46.082,0.001982
12:59:46.083,4.08902,12:59:46.083,44.374229,12:59:46.083,0.002969
12:59:46.084,4.021484,12:59:46.084,44.357345,12:59:46.084,0.003626
12:59:46.085,3.83576,12:59:46.085,44.391113,12:59:46.085,0.003297
12:59:46.086,3.717572,12:59:46.086,44.323577,12:59:46.086,0.003626
12:59:46.087,3.633152,12:59:46.087,44.222273,12:59:46.087,0.003626
12:59:46.088,3.481196,12:59:46.088,44.137853,12:59:46.088,0.002311
12:59:46.089,3.278588,12:59:46.089,44.087201,12:59:46.089,0.001653
12:59:46.090,3.092864,12:59:46.090,44.120969,12:59:46.090,0.00264
12:59:46.091,2.957792,12:59:46.091,43.969013,12:59:46.091,0.002311
12:59:46.092,2.788952,12:59:46.092,43.884593,12:59:46.092,0.003626
12:59:46.093,2.7383,12:59:46.093,43.800173,12:59:46.093,0.003626
12:59:46.094,2.687649,12:59:46.094,43.884593,12:59:46.094,0.003955
12:59:46.095,2.670765,12:59:46.095,43.800173,12:59:46.095,0.002311
12:59:46.096,2.586345,12:59:46.096,43.817057,12:59:46.096,0.002969
12:59:46.097,2.586345,12:59:46.097,43.850825,12:59:46.097,0.003626
12:59:46.098,2.366853,12:59:46.098,43.935245,12:59:46.098,0.00264
12:59:46.099,2.434389,12:59:46.099,43.783289,12:59:46.099,0.00264
12:59:46.100,2.400621,12:59:46.100,43.800173,12:59:46.100,0.004284
12:59:46.101,2.468157,12:59:46.101,43.783289,12:59:46.101,0.003297
12:59:46.102,2.636997,12:59:46.102,43.867709,12:59:46.102,0.00264
12:59:46.103,2.755184,12:59:46.103,43.715753,12:59:46.103,0.00264
12:59:46.104,2.772068,12:59:46.104,43.580681,12:59:46.104,0.001653
12:59:46.105,2.788952,12:59:46.105,43.546913,12:59:46.105,0.003297
12:59:46.106,2.890256,12:59:46.106,43.732637,12:59:46.106,0.003955
12:59:46.107,3.025328,12:59:46.107,43.563797,12:59:46.107,0.00264
12:59:46.108,3.177284,12:59:46.108,43.496262,12:59:46.108,0.00264
12:59:46.109,3.126632,12:59:46.109,43.44561,12:59:46.109,0.003955
12:59:46.110,3.126632,12:59:46.110,43.580681,12:59:46.110,0.00264
12:59:46.111,3.211052,12:59:46.111,43.496262,12:59:46.111,0.00264
12:59:46.112,3.41366,12:59:46.112,43.411842,12:59:46.112,0.001653
12:59:46.113,3.41366,12:59:46.113,43.411842,12:59:46.113,0.002311
12:59:46.114,3.346124,12:59:46.114,43.546913,12:59:46.114,0.001653
12:59:46.115,3.379892,12:59:46.115,43.479378,12:59:46.115,0.00264
12:59:46.116,3.312356,12:59:46.116,43.44561,12:59:46.116,0.002969
12:59:46.117,3.312356,12:59:46.117,43.462494,12:59:46.117,0.002311
12:59:46.118,3.363008,12:59:46.118,43.428726,12:59:46.118,0.002311
12:59:46.119,3.312356,12:59:46.119,43.310538,12:59:46.119,0.002969
12:59:46.120,3.379892,12:59:46.120,43.293654,12:59:46.120,0.002311
12:59:46.121,3.295472,12:59:46.121,43.175466,12:59:46.121,0.003297
12:59:46.122,3.194168,12:59:46.122,43.226118,12:59:46.122,0.001653
12:59:46.123,3.1604,12:59:46.123,43.175466,12:59:46.123,0.001325
12:59:46.124,3.092864,12:59:46.124,43.175466,12:59:46.124,0.002969
12:59:46.125,3.025328,12:59:46.125,43.141698,12:59:46.125,0.003626
12:59:46.126,2.957792,12:59:46.126,43.141698,12:59:46.126,0.001982
12:59:46.127,2.856488,12:59:46.127,43.091046,12:59:46.127,0.001653
12:59:46.128,2.788952,12:59:46.128,42.93909,12:59:46.128,0.001982
12:59:46.129,2.586345,12:59:46.129,43.006626,12:59:46.129,0.003955
12:59:46.130,2.468157,12:59:46.130,43.091046,12:59:46.130,0.001325
12:59:46.131,2.383737,12:59:46.131,43.006626,12:59:46.131,0.002969
12:59:46.132,2.198013,12:59:46.132,42.93909,12:59:46.132,0.00264
12:59:46.133,2.164245,12:59:46.133,43.006626,12:59:46.133,0.00264
12:59:46.134,2.079825,12:59:46.134,43.10793,12:59:46.134,0.001325
12:59:46.135,2.012289,12:59:46.135,43.10793,12:59:46.135,0.001982
12:59:46.136,1.961637,12:59:46.136,42.871554,12:59:46.136,0.00264
12:59:46.137,1.910985,12:59:46.137,42.837786,12:59:46.137,0.001653
12:59:46.138,1.894101,12:59:46.138,42.888438,12:59:46.138,0.003297
12:59:46.139,1.927869,12:59:46.139,42.871554,12:59:46.139,0.002311
12:59:46.140,1.978521,12:59:46.140,42.804018,12:59:46.140,0.002311
12:59:46.141,1.995405,12:59:46.141,42.753366,12:59:46.141,0.002969
12:59:46.142,1.961637,12:59:46.142,42.804018,12:59:46.142,0.003626
12:59:46.143,2.096709,12:59:46.143,42.804018,12:59:46.143,0.002311
12:59:46.144,2.062941,12:59:46.144,42.787134,12:59:46.144,0.001653
12:59:46.145,2.214897,12:59:46.145,42.702714,12:59:46.145,0.00264
12:59:46.146,2.231781,12:59:46.146,42.820902,12:59:46.146,0.001982
12:59:46.147,2.316201,12:59:46.147,42.68583,12:59:46.147,0.003297
12:59:46.148,2.451273,12:59:46.148,42.652062,12:59:46.148,0.00264
12:59:46.149,2.518809,12:59:46.149,42.736482,12:59:46.149,0.00264
12:59:46.150,2.569461,12:59:46.150,42.804018,12:59:46.150,0.002969
12:59:46.151,2.552577,12:59:46.151,42.68583,12:59:46.151,0.002969
12:59:46.152,2.670765,12:59:46.152,42.584526,12:59:46.152,0.002311
12:59:46.153,2.653881,12:59:46.153,42.398802,12:59:46.153,0.00264
12:59:46.154,2.603229,12:59:46.154,42.500106,12:59:46.154,0.001982
12:59:46.155,2.620113,12:59:46.155,42.483222,12:59:46.155,0.002969
12:59:46.156,2.636997,12:59:46.156,42.381918,12:59:46.156,0.002311
12:59:46.157,2.569461,12:59:46.157,42.398802,12:59:46.157,0.004941
12:59:46.158,2.434389,12:59:46.158,42.483222,12:59:46.158,0.002311
12:59:46.159,2.400621,12:59:46.159,42.567642,12:59:46.159,0.002311
12:59:46.160,2.349969,12:59:46.160,42.51699,12:59:46.160,0.003297
12:59:46.161,2.265549,12:59:46.161,42.381918,12:59:46.161,0.003626
12:59:46.162,2.164245,12:59:46.162,42.483222,12:59:46.162,0.004612
12:59:46.163,2.046057,12:59:46.163,42.449454,12:59:46.163,0.001653
12:59:46.164,2.012289,12:59:46.164,42.398802,12:59:46.164,0.002969
12:59:46.165,1.910985,12:59:46.165,42.365034,12:59:46.165,0.003297
12:59:46.166,1.742145,12:59:46.166,42.533874,12:59:46.166,0.002311
12:59:46.167,1.657725,12:59:46.167,42.500106,12:59:46.167,0.001982
12:59:46.168,1.573305,12:59:46.168,42.398802,12:59:46.168,0.00264
12:59:46.169,1.505769,12:59:46.169,42.34815,12:59:46.169,0.003626
12:59:46.170,1.387581,12:59:46.170,42.483222,12:59:46.170,0.002969
12:59:46.171,1.303161,12:59:46.171,42.331266,12:59:46.171,0.003297
12:59:46.172,1.320045,12:59:46.172,42.365034,12:59:46.172,0.002311
12:59:46.173,1.269393,12:59:46.173,42.297498,12:59:46.173,0.002311
12:59:46.174,1.252509,12:59:46.174,42.26373,12:59:46.174,0.00264
12:59:46.175,1.235625,12:59:46.175,42.314382,12:59:46.175,0.003955
12:59:46.176,1.320045,12:59:46.176,42.229962,12:59:46.176,0.00264
12:59:46.177,1.353813,12:59:46.177,42.213078,12:59:46.177,0.00264
12:59:46.178,1.336929,12:59:46.178,42.26373,12:59:46.178,0.002311
12:59:46.179,1.455117,12:59:46.179,42.213078,12:59:46.179,0.002969
12:59:46.180,1.607073,12:59:46.180,42.280614,12:59:46.180,0.002969
12:59:46.181,1.657725,12:59:46.181,42.26373,12:59:46.181,0.00264
12:59:46.182,1.725261,12:59:46.182,42.280614,12:59:46.182,0.001653
12:59:46.183,1.860333,12:59:46.183,42.365034,12:59:46.183,0.002311
12:59:46.184,1.961637,12:59:46.184,42.145542,12:59:46.184,0.003297
12:59:46.185,2.046057,12:59:46.185,42.061122,12:59:46.185,0.001982
12:59:46.186,2.164245,12:59:46.186,42.196194,12:59:46.186,0.003297
12:59:46.187,2.231781,12:59:46.187,42.229962,12:59:46.187,0.003297
12:59:46.188,2.248665,12:59:46.188,42.111774,12:59:46.188,0.002969
12:59:46.189,2.248665,12:59:46.189,42.061122,12:59:46.189,0.003297
12:59:46.190,2.248665,12:59:46.190,42.128658,12:59:46.190,0.002969
12:59:46.191,2.248665,12:59:46.191,42.196194,12:59:46.191,0.002311
12:59:46.192,2.248665,12:59:46.192,42.078006,12:59:46.192,0.00264
12:59:46.193,2.164245,12:59:46.193,42.111774,12:59:46.193,0.002311
12:59:46.194,2.198013,12:59:46.194,42.111774,12:59:46.194,0.003955
12:59:46.195,2.079825,12:59:46.195,42.128658,12:59:46.195,0.003626
12:59:46.196,2.062941,12:59:46.196,41.959818,12:59:46.196,0.00264
12:59:46.197,1.944753,12:59:46.197,42.17931,12:59:46.197,0.002969
12:59:46.198,1.860333,12:59:46.198,42.044238,12:59:46.198,0.00527
12:59:46.199,1.708377,12:59:46.199,42.128658,12:59:46.199,0.002969
12:59:46.200,1.725261,12:59:46.200,42.111774,12:59:46.200,0.00264
12:59:46.201,1.590189,12:59:46.201,42.027354,12:59:46.201,0.000996
12:59:46.202,1.556421,12:59:46.202,42.128658,12:59:46.202,0.002969
12:59:46.203,1.539537,12:59:46.203,42.078006,12:59:46.203,0.002969
12:59:46.204,1.488885,12:59:46.204,42.027354,12:59:46.204,0.004284
12:59:46.205,1.488885,12:59:46.205,41.942934,12:59:46.205,0.002311
12:59:46.206,1.404465,12:59:46.206,42.027354,12:59:46.206,0.002311
12:59:46.207,1.336929,12:59:46.207,42.061122,12:59:46.207,0.001653
12:59:46.208,1.421349,12:59:46.208,42.01047,12:59:46.208,0.001653
12:59:46.209,1.370697,12:59:46.209,41.892282,12:59:46.209,0.00264
12:59:46.210,1.404465,12:59:46.210,42.044238,12:59:46.210,0.004612
12:59:46.211,1.387581,12:59:46.211,42.027354,12:59:46.211,0.003297
12:59:46.212,1.488885,12:59:46.212,41.858514,12:59:46.212,0.003297
12:59:46.213,1.623957,12:59:46.213,41.824746,12:59:46.213,0.004284
12:59:46.214,1.607073,12:59:46.214,41.824746,12:59:46.214,0.003955
12:59:46.215,1.623957,12:59:46.215,41.92605,12:59:46.215,0.003955
12:59:46.216,1.708377,12:59:46.216,41.75721,12:59:46.216,0.001982
12:59:46.217,1.809681,12:59:46.217,41.824746,12:59:46.217,0.003955
12:59:46.218,1.877217,12:59:46.218,41.892282,12:59:46.218,0.005599
12:59:46.219,1.944753,12:59:46.219,41.942934,12:59:46.219,0.004284
12:59:46.220,2.046057,12:59:46.220,41.84163,12:59:46.220,0.003297
12:59:46.221,2.214897,12:59:46.221,41.875398,12:59:46.221,0.003626
12:59:46.222,2.282433,12:59:46.222,41.892282,12:59:46.222,0.002969
12:59:46.223,2.349969,12:59:46.223,41.959818,12:59:46.223,0.001982
12:59:46.224,2.299317,12:59:46.224,41.92605,12:59:46.224,0.00264
12:59:46.225,2.417505,12:59:46.225,41.92605,12:59:46.225,0.004284
12:59:46.226,2.417505,12:59:46.226,41.875398,12:59:46.226,0.002969
12:59:46.227,2.417505,12:59:46.227,41.92605,12:59:46.227,0.000996
12:59:46.228,2.383737,12:59:46.228,41.909166,12:59:46.228,0.001982
12:59:46.229,2.383737,12:59:46.229,41.875398,12:59:46.229,0.002969
12:59:46.230,2.299317,12:59:46.230,41.790978,12:59:46.230,0.003626
12:59:46.231,2.113593,12:59:46.231,42.044238,12:59:46.231,0.002311
12:59:46.232,2.113593,12:59:46.232,41.875398,12:59:46.232,0.002969
12:59:46.233,2.079825,12:59:46.233,41.807862,12:59:46.233,0.003626
12:59:46.234,1.944753,12:59:46.234,41.84163,12:59:46.234,0.003297
12:59:46.235,1.894101,12:59:46.235,41.976702,12:59:46.235,0.00264
12:59:46.236,1.860333,12:59:46.236,41.790978,12:59:46.236,0.003626
12:59:46.237,1.792797,12:59:46.237,41.790978,12:59:46.237,0.002311
12:59:46.238,1.674609,12:59:46.238,41.790978,12:59:46.238,0.002311
12:59:46.239,1.657725,12:59:46.239,41.892282,12:59:46.239,0.002969
12:59:46.240,1.657725,12:59:46.240,41.774094,12:59:46.240,0.003626
12:59:46.241,1.725261,12:59:46.241,41.875398,12:59:46.241,0.002311
12:59:46.242,1.742145,12:59:46.242,41.790978,12:59:46.242,0.003955
12:59:46.243,1.742145,12:59:46.243,41.790978,12:59:46.243,0.003626
12:59:46.244,1.792797,12:59:46.244,41.875398,12:59:46.244,0.002969
12:59:46.245,1.809681,12:59:46.245,41.706558,12:59:46.245,0.002969
12:59:46.246,1.860333,12:59:46.246,41.706558,12:59:46.246,0.002311
12:59:46.247,1.927869,12:59:46.247,41.75721,12:59:46.247,0.003297
12:59:46.248,1.978521,12:59:46.248,41.790978,12:59:46.248,0.002311
12:59:46.249,2.079825,12:59:46.249,41.740326,12:59:46.249,0.001653
12:59:46.250,2.113593,12:59:46.250,41.689674,12:59:46.250,0.002969
12:59:46.251,2.164245,12:59:46.251,41.740326,12:59:46.251,0.003626
12:59:46.252,2.248665,12:59:46.252,41.639022,12:59:46.252,0.002311
12:59:46.253,2.248665,12:59:46.253,41.639022,12:59:46.253,0.002311
12:59:46.254,2.333085,12:59:46.254,41.723442,12:59:46.254,0.002969
12:59:46.255,2.349969,12:59:46.255,41.622138,12:59:46.255,0.00264
12:59:46.256,2.400621,12:59:46.256,41.605254,12:59:46.256,0.00264
12:59:46.257,2.434389,12:59:46.257,41.554602,12:59:46.257,0.003297
12:59:46.258,2.485041,12:59:46.258,41.571486,12:59:46.258,0.003626
12:59:46.259,2.434389,12:59:46.259,41.706558,12:59:46.259,0.002969
12:59:46.260,2.485041,12:59:46.260,41.740326,12:59:46.260,0.002969
12:59:46.261,2.417505,12:59:46.261,41.605254,12:59:46.261,0.001982
12:59:46.262,2.417505,12:59:46.262,41.605254,12:59:46.262,0.002311
12:59:46.263,2.400621,12:59:46.263,41.67279,12:59:46.263,0.003297
12:59:46.264,2.383737,12:59:46.264,41.571486,12:59:46.264,0.003626
12:59:46.265,2.316201,12:59:46.265,41.58837,12:59:46.265,0.002311
12:59:46.266,2.316201,12:59:46.266,41.487067,12:59:46.266,0.003626
12:59:46.267,2.147361,12:59:46.267,41.639022,12:59:46.267,0.003297
12:59:46.268,2.096709,12:59:46.268,41.605254,12:59:46.268,0.004941
12:59:46.269,2.079825,12:59:46.269,41.520835,12:59:46.269,0.002311
12:59:46.270,1.995405,12:59:46.270,41.503951,12:59:46.270,0.000667
12:59:46.271,1.927869,12:59:46.271,41.487067,12:59:46.271,0.001653
12:59:46.272,1.792797,12:59:46.272,41.470183,12:59:46.272,0.002311
12:59:46.273,1.809681,12:59:46.273,41.335111,12:59:46.273,0.001982
12:59:46.274,1.725261,12:59:46.274,41.267575,12:59:46.274,0.003626
12:59:46.275,1.674609,12:59:46.275,41.453299,12:59:46.275,0.001653
12:59:46.276,1.556421,12:59:46.276,41.487067,12:59:46.276,0.003626
12:59:46.277,1.556421,12:59:46.277,41.368879,12:59:46.277,0.001653
12:59:46.278,1.657725,12:59:46.278,41.267575,12:59:46.278,0.002969
12:59:46.279,1.556421,12:59:46.279,41.351995,12:59:46.279,0.003955
12:59:46.280,1.691493,12:59:46.280,41.368879,12:59:46.280,0.001982
12:59:46.281,1.607073,12:59:46.281,41.284459,12:59:46.281,0.003955
12:59:46.282,1.691493,12:59:46.282,41.267575,12:59:46.282,0.003297
12:59:46.283,1.742145,12:59:46.283,41.351995,12:59:46.283,0.00264
12:59:46.284,1.826565,12:59:46.284,41.267575,12:59:46.284,0.001325
12:59:46.285,1.877217,12:59:46.285,41.216923,12:59:46.285,0.001653
12:59:46.286,1.894101,12:59:46.286,41.064967,12:59:46.286,0.003297
12:59:46.287,1.944753,12:59:46.287,41.284459,12:59:46.287,0.004284
12:59:46.288,1.961637,12:59:46.288,41.267575,12:59:46.288,0.003626
12:59:46.289,2.046057,12:59:46.289,41.081851,12:59:46.289,0.002969
12:59:46.290,2.029173,12:59:46.290,41.064967,12:59:46.290,0.003626
12:59:46.291,2.012289,12:59:46.291,41.250691,12:59:46.291,0.00264
12:59:46.292,2.062941,12:59:46.292,41.115619,12:59:46.292,0.00264
12:59:46.293,2.079825,12:59:46.293,40.946779,12:59:46.293,0.001982
12:59:46.294,2.062941,12:59:46.294,40.896127,12:59:46.294,0.003626
12:59:46.295,1.944753,12:59:46.295,41.014315,12:59:46.295,0.001982
12:59:46.296,1.961637,12:59:46.296,40.963663,12:59:46.296,0.00264
12:59:46.297,2.046057,12:59:46.297,40.896127,12:59:46.297,0.003955
12:59:46.298,1.944753,12:59:46.298,40.828591,12:59:46.298,0.001325
12:59:46.299,1.927869,12:59:46.299,40.980547,12:59:46.299,0.003626
12:59:46.300,1.826565,12:59:46.300,40.980547,12:59:46.300,0.001653
12:59:46.301,1.894101,12:59:46.301,40.896127,12:59:46.301,0.003955
12:59:46.302,1.843449,12:59:46.302,40.913011,12:59:46.302,0.003297
12:59:46.303,1.759029,12:59:46.303,40.845475,12:59:46.303,0.001982
12:59:46.304,1.708377,12:59:46.304,40.963663,12:59:46.304,0.00264
12:59:46.305,1.674609,12:59:46.305,40.845475,12:59:46.305,0.002311
12:59:46.306,1.607073,12:59:46.306,40.761055,12:59:46.306,0.002311
12:59:46.307,1.556421,12:59:46.307,40.794823,12:59:46.307,0.001653
12:59:46.308,1.522653,12:59:46.308,40.811707,12:59:46.308,0.002311
12:59:46.309,1.522653,12:59:46.309,40.710403,12:59:46.309,0.002969
12:59:46.310,1.472001,12:59:46.310,40.625983,12:59:46.310,0.003955
12:59:46.311,1.387581,12:59:46.311,40.659751,12:59:46.311,0.002311
12:59:46.312,1.336929,12:59:46.312,40.642867,12:59:46.312,0.002311
12:59:46.313,1.353813,12:59:46.313,40.575331,12:59:46.313,0.001653
12:59:46.314,1.421349,12:59:46.314,40.541563,12:59:46.314,0.002969
12:59:46.315,1.370697,12:59:46.315,40.490911,12:59:46.315,0.002311
12:59:46.316,1.286277,12:59:46.316,40.609099,12:59:46.316,0.001982
12:59:46.317,1.286277,12:59:46.317,40.524679,12:59:46.317,0.003626
12:59:46.318,1.370697,12:59:46.318,40.474027,12:59:46.318,0.002969
12:59:46.319,1.320045,12:59:46.319,40.524679,12:59:46.319,0.003955
12:59:46.320,1.387581,12:59:46.320,40.541563,12:59:46.320,0.003626
12:59:46.321,1.387581,12:59:46.321,40.507795,12:59:46.321,0.002311
12:59:46.322,1.455117,12:59:46.322,40.389607,12:59:46.322,0.003297
12:59:46.323,1.438233,12:59:46.323,40.457143,12:59:46.323,0.00264
12:59:46.324,1.438233,12:59:46.324,40.507795,12:59:46.324,0.005928
12:59:46.325,1.505769,12:59:46.325,40.423375,12:59:46.325,0.003297
12:59:46.326,1.539537,12:59:46.326,40.322071,12:59:46.326,0.003626
12:59:46.327,1.472001,12:59:46.327,40.440259,12:59:46.327,0.000338
12:59:46.328,1.455117,12:59:46.328,40.338955,12:59:46.328,0.00264
12:59:46.329,1.488885,12:59:46.329,40.305187,12:59:46.329,0.002311
12:59:46.330,1.488885,12:59:46.330,40.288303,12:59:46.330,0.003955
12:59:46.331,1.438233,12:59:46.331,40.372723,12:59:46.331,0.002969
12:59:46.332,1.488885,12:59:46.332,40.423375,12:59:46.332,0.00264
12:59:46.333,1.438233,12:59:46.333,40.288303,12:59:46.333,0.001982
12:59:46.334,1.404465,12:59:46.334,40.220767,12:59:46.334,0.003297
12:59:46.335,1.336929,12:59:46.335,40.254535,12:59:46.335,0.001982
12:59:46.336,1.336929,12:59:46.336,40.389607,12:59:46.336,0.001982
12:59:46.337,1.286277,12:59:46.337,40.271419,12:59:46.337,0.002969
12:59:46.338,1.269393,12:59:46.338,40.170115,12:59:46.338,0.001982
12:59:46.339,1.151205,12:59:46.339,40.322071,12:59:46.339,0.003297
12:59:46.340,1.151205,12:59:46.340,40.322071,12:59:46.340,0.00264
12:59:46.341,1.201857,12:59:46.341,40.288303,12:59:46.341,0.001325
12:59:46.342,1.184973,12:59:46.342,40.237651,12:59:46.342,0.003297
12:59:46.343,1.168089,12:59:46.343,40.203883,12:59:46.343,0.001325
12:59:46.344,1.201857,12:59:46.344,40.237651,12:59:46.344,0.004284
12:59:46.345,1.252509,12:59:46.345,40.119463,12:59:46.345,0.001653
12:59:46.346,1.303161,12:59:46.346,40.102579,12:59:46.346,0.002311
12:59:46.347,1.168089,12:59:46.347,40.220767,12:59:46.347,0.003626
12:59:46.348,1.134321,12:59:46.348,40.237651,12:59:46.348,0.00264
12:59:46.349,1.286277,12:59:46.349,40.068811,12:59:46.349,0.00264
12:59:46.350,1.353813,12:59:46.350,40.035043,12:59:46.350,0.002969
12:59:46.351,1.269393,12:59:46.351,40.153231,12:59:46.351,0.002311
12:59:46.352,1.269393,12:59:46.352,40.186999,12:59:46.352,0.003297
12:59:46.353,1.387581,12:59:46.353,40.153231,12:59:46.353,0.004612
12:59:46.354,1.370697,12:59:46.354,40.035043,12:59:46.354,0.002969
12:59:46.355,1.404465,12:59:46.355,40.102579,12:59:46.355,0.002969
12:59:46.356,1.387581,12:59:46.356,40.119463,12:59:46.356,0.002969
12:59:46.357,1.421349,12:59:46.357,40.102579,12:59:46.357,0.002311
12:59:46.358,1.421349,12:59:46.358,40.102579,12:59:46.358,0.00264
12:59:46.359,1.387581,12:59:46.359,40.018159,12:59:46.359,0.000009
12:59:46.360,1.472001,12:59:46.360,40.102579,12:59:46.360,0.003955
12:59:46.361,1.488885,12:59:46.361,40.136347,12:59:46.361,0.002311
12:59:46.362,1.488885,12:59:46.362,40.068811,12:59:46.362,0.00264
12:59:46.363,1.488885,12:59:46.363,40.051927,12:59:46.363,0.001982
12:59:46.364,1.505769,12:59:46.364,40.170115,12:59:46.364,0.000996
12:59:46.365,1.472001,12:59:46.365,40.102579,12:59:46.365,0.003297
12:59:46.366,1.539537,12:59:46.366,40.018159,12:59:46.366,0.001982
12:59:46.367,1.404465,12:59:46.367,40.068811,12:59:46.367,0.005599
12:59:46.368,1.387581,12:59:46.368,40.170115,12:59:46.368,0.002969
12:59:46.369,1.387581,12:59:46.369,40.068811,12:59:46.369,0.002311
12:59:46.370,1.387581,12:59:46.370,40.068811,12:59:46.370,0.001982
12:59:46.371,1.286277,12:59:46.371,40.035043,12:59:46.371,0.003297
12:59:46.372,1.235625,12:59:46.372,40.136347,12:59:46.372,0.003297
12:59:46.373,1.269393,12:59:46.373,40.018159,12:59:46.373,0.003297
12:59:46.374,1.218741,12:59:46.374,39.950623,12:59:46.374,0.003297
12:59:46.375,1.218741,12:59:46.375,39.866203,12:59:46.375,0.003297
12:59:46.376,1.168089,12:59:46.376,39.984391,12:59:46.376,0.00264
12:59:46.377,1.151205,12:59:46.377,39.899971,12:59:46.377,0.003297
12:59:46.378,1.235625,12:59:46.378,39.984391,12:59:46.378,0.001653
12:59:46.379,1.218741,12:59:46.379,39.950623,12:59:46.379,0.000996
12:59:46.380,1.184973,12:59:46.380,40.035043,12:59:46.380,0.00264
12:59:46.381,1.269393,12:59:46.381,39.984391,12:59:46.381,0.002311
12:59:46.382,1.336929,12:59:46.382,40.018159,12:59:46.382,0.002311
12:59:46.383,1.370697,12:59:46.383,39.899971,12:59:46.383,0.003626
12:59:46.384,1.387581,12:59:46.384,40.018159,12:59:46.384,0.00264
12:59:46.385,1.438233,12:59:46.385,39.866203,12:59:46.385,0.003297
12:59:46.386,1.455117,12:59:46.386,40.001275,12:59:46.386,0.002311
12:59:46.387,1.505769,12:59:46.387,39.883087,12:59:46.387,0.002311
12:59:46.388,1.539537,12:59:46.388,40.018159,12:59:46.388,0.003626
12:59:46.389,1.607073,12:59:46.389,39.950623,12:59:46.389,0.001982
12:59:46.390,1.623957,12:59:46.390,39.933739,12:59:46.390,0.002969
12:59:46.391,1.708377,12:59:46.391,39.916855,12:59:46.391,0.00264
12:59:46.392,1.657725,12:59:46.392,39.984391,12:59:46.392,0.002311
12:59:46.393,1.708377,12:59:46.393,39.933739,12:59:46.393,0.001653
12:59:46.394,1.674609,12:59:46.394,39.866203,12:59:46.394,0.002969
12:59:46.395,1.674609,12:59:46.395,39.748015,12:59:46.395,0.002969
12:59:46.396,1.640841,12:59:46.396,39.916855,12:59:46.396,0.003626
12:59:46.397,1.573305,12:59:46.397,39.748015,12:59:46.397,0.002969
12:59:46.398,1.674609,12:59:46.398,39.764899,12:59:46.398,0.002969
12:59:46.399,1.657725,12:59:46.399,39.899971,12:59:46.399,0.002311
12:59:46.400,1.590189,12:59:46.400,39.866203,12:59:46.400,0.003626
12:59:46.401,1.657725,12:59:46.401,39.781783,12:59:46.401,0.00264
12:59:46.402,1.725261,12:59:46.402,39.815551,12:59:46.402,0.002969
12:59:46.403,1.590189,12:59:46.403,39.764899,12:59:46.403,0.00264
12:59:46.404,1.640841,12:59:46.404,39.866203,12:59:46.404,0.002969
12:59:46.405,1.623957,12:59:46.405,39.764899,12:59:46.405,0.00264
12:59:46.406,1.640841,12:59:46.406,39.714247,12:59:46.406,0.003626
12:59:46.407,1.505769,12:59:46.407,39.849319,12:59:46.407,0.001653
12:59:46.408,1.472001,12:59:46.408,39.916855,12:59:46.408,0.004941
12:59:46.409,1.505769,12:59:46.409,39.764899,12:59:46.409,0.00264
12:59:46.410,1.539537,12:59:46.410,39.714247,12:59:46.410,0.003297
12:59:46.411,1.505769,12:59:46.411,39.697363,12:59:46.411,0.001982
12:59:46.412,1.455117,12:59:46.412,39.748015,12:59:46.412,0.001982
12:59:46.413,1.505769,12:59:46.413,39.731131,12:59:46.413,0.003297
12:59:46.414,1.505769,12:59:46.414,39.629827,12:59:46.414,0.00264
12:59:46.415,1.522653,12:59:46.415,39.646711,12:59:46.415,0.002969
12:59:46.416,1.488885,12:59:46.416,39.748015,12:59:46.416,0.001653
12:59:46.417,1.488885,12:59:46.417,39.562291,12:59:46.417,0.002311
12:59:46.418,1.522653,12:59:46.418,39.579175,12:59:46.418,0.002969
12:59:46.419,1.556421,12:59:46.419,39.528523,12:59:46.419,0.003297
12:59:46.420,1.590189,12:59:46.420,39.596059,12:59:46.420,0.003297
12:59:46.421,1.590189,12:59:46.421,39.545407,12:59:46.421,0.003297
12:59:46.422,1.674609,12:59:46.422,39.511639,12:59:46.422,0.002311
12:59:46.423,1.742145,12:59:46.423,39.494756,12:59:46.423,0.00264
12:59:46.424,1.691493,12:59:46.424,39.579175,12:59:46.424,0.002969
12:59:46.425,1.759029,12:59:46.425,39.545407,12:59:46.425,0.002311
12:59:46.426,1.809681,12:59:46.426,39.511639,12:59:46.426,0.003955
12:59:46.427,1.792797,12:59:46.427,39.477872,12:59:46.427,0.002969
12:59:46.428,1.792797,12:59:46.428,39.562291,12:59:46.428,0.004612
12:59:46.429,1.759029,12:59:46.429,39.460988,12:59:46.429,0.00264
12:59:46.430,1.775913,12:59:46.430,39.376568,12:59:46.430,0.001982
12:59:46.431,1.759029,12:59:46.431,39.376568,12:59:46.431,0.003297
12:59:46.432,1.725261,12:59:46.432,39.444104,12:59:46.432,0.001982
12:59:46.433,1.742145,12:59:46.433,39.42722,12:59:46.433,0.004284
12:59:46.434,1.708377,12:59:46.434,39.3428,12:59:46.434,0.003297
12:59:46.435,1.742145,12:59:46.435,39.275264,12:59:46.435,0.001982
12:59:46.436,1.623957,12:59:46.436,39.3428,12:59:46.436,0.00264
12:59:46.437,1.539537,12:59:46.437,39.292148,12:59:46.437,0.001325
12:59:46.438,1.590189,12:59:46.438,39.157076,12:59:46.438,0.003626
12:59:46.439,1.590189,12:59:46.439,39.157076,12:59:46.439,0.002311
12:59:46.440,1.539537,12:59:46.440,39.17396,12:59:46.440,0.002969
12:59:46.441,1.573305,12:59:46.441,39.25838,12:59:46.441,0.003297
12:59:46.442,1.640841,12:59:46.442,39.140192,12:59:46.442,0.003955
12:59:46.443,1.556421,12:59:46.443,39.140192,12:59:46.443,0.003297
12:59:46.444,1.505769,12:59:46.444,39.140192,12:59:46.444,0.003626
12:59:46.445,1.556421,12:59:46.445,39.207728,12:59:46.445,0.002969
12:59:46.446,1.573305,12:59:46.446,39.190844,12:59:46.446,0.003297
12:59:46.447,1.539537,12:59:46.447,39.123308,12:59:46.447,0.003297
12:59:46.448,1.539537,12:59:46.448,39.17396,12:59:46.448,0.002969
12:59:46.449,1.472001,12:59:46.449,39.190844,12:59:46.449,0.004284
12:59:46.450,1.522653,12:59:46.450,39.140192,12:59:46.450,0.004284
12:59:46.451,1.505769,12:59:46.451,39.08954,12:59:46.451,0.003626
12:59:46.452,1.472001,12:59:46.452,39.08954,12:59:46.452,0.002969
12:59:46.453,1.455117,12:59:46.453,39.08954,12:59:46.453,0.002311
12:59:46.454,1.522653,12:59:46.454,38.870048,12:59:46.454,0.003297
12:59:46.455,1.455117,12:59:46.455,38.988236,12:59:46.455,0.002311
12:59:46.456,1.488885,12:59:46.456,39.00512,12:59:46.456,0.004612
12:59:46.457,1.505769,12:59:46.457,39.022004,12:59:46.457,0.003626
12:59:46.458,1.472001,12:59:46.458,38.903816,12:59:46.458,0.003626
12:59:46.459,1.573305,12:59:46.459,38.870048,12:59:46.459,0.002311
12:59:46.460,1.488885,12:59:46.460,38.9207,12:59:46.460,0.003626
12:59:46.461,1.556421,12:59:46.461,38.954468,12:59:46.461,0.003297
12:59:46.462,1.590189,12:59:46.462,38.886932,12:59:46.462,0.003297
12:59:46.463,1.590189,12:59:46.463,38.83628,12:59:46.463,0.00264
12:59:46.464,1.522653,12:59:46.464,38.853164,12:59:46.464,0.003955
12:59:46.465,1.539537,12:59:46.465,38.903816,12:59:46.465,0.003297
12:59:46.466,1.623957,12:59:46.466,38.734976,12:59:46.466,0.003297
12:59:46.467,1.623957,12:59:46.467,38.870048,12:59:46.467,0.003297
12:59:46.468,1.590189,12:59:46.468,38.9207,12:59:46.468,0.001653
12:59:46.469,1.472001,12:59:46.469,38.83628,12:59:46.469,0.001982
12:59:46.470,1.488885,12:59:46.470,38.633672,12:59:46.470,0.003955
12:59:46.471,1.556421,12:59:46.471,38.599904,12:59:46.471,0.003626
12:59:46.472,1.455117,12:59:46.472,38.802512,12:59:46.472,0.003955
12:59:46.473,1.370697,12:59:46.473,38.870048,12:59:46.473,0.003297
12:59:46.474,1.455117,12:59:46.474,38.599904,12:59:46.474,0.003626
12:59:46.475,1.370697,12:59:46.475,38.66744,12:59:46.475,0.00264
12:59:46.476,1.320045,12:59:46.476,38.75186,12:59:46.476,0.002311
12:59:46.477,1.269393,12:59:46.477,38.83628,12:59:46.477,0.003626
12:59:46.478,1.303161,12:59:46.478,38.650556,12:59:46.478,0.003297
12:59:46.479,1.303161,12:59:46.479,38.718092,12:59:46.479,0.005599
12:59:46.480,1.286277,12:59:46.480,38.684324,12:59:46.480,0.003297
12:59:46.481,1.286277,12:59:46.481,38.768744,12:59:46.481,0.002969
12:59:46.482,1.286277,12:59:46.482,38.650556,12:59:46.482,0.002311
12:59:46.483,1.320045,12:59:46.483,38.650556,12:59:46.483,0.002969
12:59:46.484,1.286277,12:59:46.484,38.650556,12:59:46.484,0.003297
12:59:46.485,1.269393,12:59:46.485,38.718092,12:59:46.485,0.002969
12:59:46.486,1.320045,12:59:46.486,38.633672,12:59:46.486,0.003297
12:59:46.487,1.353813,12:59:46.487,38.549252,12:59:46.487,0.003297
12:59:46.488,1.303161,12:59:46.488,38.650556,12:59:46.488,0.004284
12:59:46.489,1.336929,12:59:46.489,38.768744,12:59:46.489,0.003955
12:59:46.490,1.286277,12:59:46.490,38.616788,12:59:46.490,0.002969
12:59:46.491,1.286277,12:59:46.491,38.616788,12:59:46.491,0.002311
12:59:46.492,1.269393,12:59:46.492,38.633672,12:59:46.492,0.002311
12:59:46.493,1.320045,12:59:46.493,38.684324,12:59:46.493,0.002969
12:59:46.494,1.303161,12:59:46.494,38.481716,12:59:46.494,0.001982
12:59:46.495,1.320045,12:59:46.495,38.481716,12:59:46.495,0.003626
12:59:46.496,1.269393,12:59:46.496,38.464832,12:59:46.496,0.00264
12:59:46.497,1.235625,12:59:46.497,38.633672,12:59:46.497,0.00264
12:59:46.498,1.269393,12:59:46.498,38.4986,12:59:46.498,0.003297
12:59:46.499,1.336929,12:59:46.499,38.515484,12:59:46.499,0.001325
12:59:46.500,1.286277,12:59:46.500,38.4986,12:59:46.500,0.003955
12:59:46.501,1.269393,12:59:46.501,38.599904,12:59:46.501,0.002969
12:59:46.502,1.252509,12:59:46.502,38.532368,12:59:46.502,0.004612
12:59:46.503,1.269393,12:59:46.503,38.41418,12:59:46.503,0.003297
12:59:46.504,1.353813,12:59:46.504,38.566136,12:59:46.504,0.002311
12:59:46.505,1.252509,12:59:46.505,38.532368,12:59:46.505,0.002311
12:59:46.506,1.286277,12:59:46.506,38.532368,12:59:46.506,0.002311
12:59:46.507,1.269393,12:59:46.507,38.41418,12:59:46.507,0.004284
12:59:46.508,1.184973,12:59:46.508,38.481716,12:59:46.508,0.003626
12:59:46.509,1.184973,12:59:46.509,38.566136,12:59:46.509,0.001982
12:59:46.510,1.235625,12:59:46.510,38.481716,12:59:46.510,0.00264
12:59:46.511,1.235625,12:59:46.511,38.397296,12:59:46.511,0.00264
12:59:46.512,1.269393,12:59:46.512,38.431064,12:59:46.512,0.00264
12:59:46.513,1.168089,12:59:46.513,38.58302,12:59:46.513,0.003297
12:59:46.514,1.184973,12:59:46.514,38.380412,12:59:46.514,0.001982
12:59:46.515,1.117437,12:59:46.515,38.363528,12:59:46.515,0.001653
12:59:46.516,1.201857,12:59:46.516,38.295992,12:59:46.516,0.00264
12:59:46.517,1.151205,12:59:46.517,38.41418,12:59:46.517,0.002969
12:59:46.518,1.201857,12:59:46.518,38.346644,12:59:46.518,0.003955
12:59:46.519,1.235625,12:59:46.519,38.41418,12:59:46.519,0.002311
12:59:46.520,1.252509,12:59:46.520,38.346644,12:59:46.520,0.003955
12:59:46.521,1.336929,12:59:46.521,38.431064,12:59:46.521,0.002311
12:59:46.522,1.336929,12:59:46.522,38.380412,12:59:46.522,0.001653
12:59:46.523,1.269393,12:59:46.523,38.32976,12:59:46.523,0.002969
12:59:46.524,1.336929,12:59:46.524,38.346644,12:59:46.524,0.002311
12:59:46.525,1.336929,12:59:46.525,38.397296,12:59:46.525,0.004941
12:59:46.526,1.387581,12:59:46.526,38.312876,12:59:46.526,0.003297
12:59:46.527,1.455117,12:59:46.527,38.346644,12:59:46.527,0.00264
12:59:46.528,1.404465,12:59:46.528,38.312876,12:59:46.528,0.002311
12:59:46.529,1.252509,12:59:46.529,38.41418,12:59:46.529,0.002969
12:59:46.530,1.353813,12:59:46.530,38.295992,12:59:46.530,0.00264
12:59:46.531,1.370697,12:59:46.531,38.194688,12:59:46.531,0.004284
12:59:46.532,1.336929,12:59:46.532,38.279108,12:59:46.532,0.003297
12:59:46.533,1.336929,12:59:46.533,38.397296,12:59:46.533,0.003955
12:59:46.534,1.353813,12:59:46.534,38.24534,12:59:46.534,0.00264
12:59:46.535,1.370697,12:59:46.535,38.194688,12:59:46.535,0.00264
12:59:46.536,1.303161,12:59:46.536,38.16092,12:59:46.536,0.00264
12:59:46.537,1.286277,12:59:46.537,38.295992,12:59:46.537,0.001653
12:59:46.538,1.303161,12:59:46.538,38.24534,12:59:46.538,0.002311
12:59:46.539,1.320045,12:59:46.539,38.127152,12:59:46.539,0.002311
12:59:46.540,1.336929,12:59:46.540,38.211572,12:59:46.540,0.003297
12:59:46.541,1.353813,12:59:46.541,38.24534,12:59:46.541,0.003955
12:59:46.542,1.387581,12:59:46.542,38.24534,12:59:46.542,0.001653
12:59:46.543,1.387581,12:59:46.543,38.211572,12:59:46.543,0.004284
12:59:46.544,1.472001,12:59:46.544,38.194688,12:59:46.544,0.001653
12:59:46.545,1.404465,12:59:46.545,38.228456,12:59:46.545,0.00264
12:59:46.546,1.404465,12:59:46.546,38.177804,12:59:46.546,0.002969
12:59:46.547,1.505769,12:59:46.547,38.16092,12:59:46.547,0.002311
12:59:46.548,1.438233,12:59:46.548,38.059616,12:59:46.548,0.003955
12:59:46.549,1.404465,12:59:46.549,38.110268,12:59:46.549,0.00264
12:59:46.550,1.455117,12:59:46.550,38.110268,12:59:46.550,0.00264
12:59:46.551,1.455117,12:59:46.551,38.059616,12:59:46.551,0.001325
12:59:46.552,1.472001,12:59:46.552,37.958312,12:59:46.552,0.003297
12:59:46.553,1.472001,12:59:46.553,38.025848,12:59:46.553,0.003297
12:59:46.554,1.488885,12:59:46.554,38.008964,12:59:46.554,0.004284
12:59:46.555,1.421349,12:59:46.555,37.958312,12:59:46.555,0.002311
12:59:46.556,1.404465,12:59:46.556,37.99208,12:59:46.556,0.003297
12:59:46.557,1.438233,12:59:46.557,38.059616,12:59:46.557,0.00264
12:59:46.558,1.505769,12:59:46.558,37.873892,12:59:46.558,0.003626
12:59:46.559,1.455117,12:59:46.559,37.873892,12:59:46.559,0.003297
12:59:46.560,1.488885,12:59:46.560,37.924544,12:59:46.560,0.001325
12:59:46.561,1.387581,12:59:46.561,37.890776,12:59:46.561,0.003626
12:59:46.562,1.472001,12:59:46.562,38.008964,12:59:46.562,0.002311
12:59:46.563,1.472001,12:59:46.563,37.806356,12:59:46.563,0.003297
12:59:46.564,1.556421,12:59:46.564,37.873892,12:59:46.564,0.004284
12:59:46.565,1.472001,12:59:46.565,37.890776,12:59:46.565,0.003626
12:59:46.566,1.590189,12:59:46.566,37.890776,12:59:46.566,0.004284
12:59:46.567,1.539537,12:59:46.567,37.857008,12:59:46.567,0.002311
12:59:46.568,1.590189,12:59:46.568,37.772588,12:59:46.568,0.001982
12:59:46.569,1.539537,12:59:46.569,37.890776,12:59:46.569,0.003297
12:59:46.570,1.556421,12:59:46.570,37.857008,12:59:46.570,0.001982
12:59:46.571,1.556421,12:59:46.571,37.789472,12:59:46.571,0.002969
12:59:46.572,1.590189,12:59:46.572,37.82324,12:59:46.572,0.00264
12:59:46.573,1.522653,12:59:46.573,37.82324,12:59:46.573,0.002311
12:59:46.574,1.590189,12:59:46.574,37.772588,12:59:46.574,0.001982
12:59:46.575,1.573305,12:59:46.575,37.73882,12:59:46.575,0.002311
12:59:46.576,1.640841,12:59:46.576,37.688168,12:59:46.576,0.002969
12:59:46.577,1.607073,12:59:46.577,37.671284,12:59:46.577,0.003297
12:59:46.578,1.607073,12:59:46.578,37.620632,12:59:46.578,0.001325
12:59:46.579,1.590189,12:59:46.579,37.519328,12:59:46.579,0.003297
12:59:46.580,1.640841,12:59:46.580,37.721936,12:59:46.580,0.001653
12:59:46.581,1.607073,12:59:46.581,37.6544,12:59:46.581,0.003626
12:59:46.582,1.640841,12:59:46.582,37.705052,12:59:46.582,0.002311
12:59:46.583,1.640841,12:59:46.583,37.620632,12:59:46.583,0.000996
12:59:46.584,1.674609,12:59:46.584,37.553096,12:59:46.584,0.00264
12:59:46.585,1.623957,12:59:46.585,37.73882,12:59:46.585,0.00264
12:59:46.586,1.640841,12:59:46.586,37.671284,12:59:46.586,0.002311
12:59:46.587,1.623957,12:59:46.587,37.620632,12:59:46.587,0.003626
12:59:46.588,1.674609,12:59:46.588,37.620632,12:59:46.588,0.002311
12:59:46.589,1.573305,12:59:46.589,37.620632,12:59:46.589,0.004284
12:59:46.590,1.539537,12:59:46.590,37.73882,12:59:46.590,0.00264
12:59:46.591,1.472001,12:59:46.591,37.519328,12:59:46.591,0.002311
12:59:46.592,1.539537,12:59:46.592,37.48556,12:59:46.592,0.00264
12:59:46.593,1.455117,12:59:46.593,37.502444,12:59:46.593,0.002969
12:59:46.594,1.455117,12:59:46.594,37.48556,12:59:46.594,0.003955
12:59:46.595,1.404465,12:59:46.595,37.418024,12:59:46.595,0.001982
12:59:46.596,1.404465,12:59:46.596,37.418024,12:59:46.596,0.00264
12:59:46.597,1.387581,12:59:46.597,37.48556,12:59:46.597,0.001982
12:59:46.598,1.387581,12:59:46.598,37.40114,12:59:46.598,0.00264
12:59:46.599,1.387581,12:59:46.599,37.299837,12:59:46.599,0.003297
12:59:46.600,1.387581,12:59:46.600,37.40114,12:59:46.600,0.002969
12:59:46.601,1.472001,12:59:46.601,37.536212,12:59:46.601,0.002969
12:59:46.602,1.522653,12:59:46.602,37.536212,12:59:46.602,0.001982
12:59:46.603,1.539537,12:59:46.603,37.418024,12:59:46.603,0.00264
12:59:46.604,1.556421,12:59:46.604,37.384256,12:59:46.604,0.002969
12:59:46.605,1.539537,12:59:46.605,37.48556,12:59:46.605,0.001982
12:59:46.606,1.556421,12:59:46.606,37.434908,12:59:46.606,0.001325
12:59:46.607,1.590189,12:59:46.607,37.48556,12:59:46.607,0.002311
12:59:46.608,1.590189,12:59:46.608,37.367373,12:59:46.608,0.003297
12:59:46.609,1.623957,12:59:46.609,37.468676,12:59:46.609,0.001325
12:59:46.610,1.708377,12:59:46.610,37.502444,12:59:46.610,0.003626
12:59:46.611,1.674609,12:59:46.611,37.198533,12:59:46.611,0.002969
12:59:46.612,1.691493,12:59:46.612,37.164765,12:59:46.612,0.003297
12:59:46.613,1.640841,12:59:46.613,37.316721,12:59:46.613,0.002311
12:59:46.614,1.674609,12:59:46.614,37.282953,12:59:46.614,0.001325
12:59:46.615,1.708377,12:59:46.615,37.130997,12:59:46.615,0.002969
12:59:46.616,1.657725,12:59:46.616,37.080345,12:59:46.616,0.001653
12:59:46.617,1.640841,12:59:46.617,37.164765,12:59:46.617,0.004284
12:59:46.618,1.573305,12:59:46.618,37.299837,12:59:46.618,0.001653
12:59:46.619,1.556421,12:59:46.619,37.266069,12:59:46.619,0.001653
12:59:46.620,1.623957,12:59:46.620,37.215417,12:59:46.620,0.001325
12:59:46.621,1.522653,12:59:46.621,37.266069,12:59:46.621,0.002969
12:59:46.622,1.522653,12:59:46.622,37.316721,12:59:46.622,0.002311
12:59:46.623,1.472001,12:59:46.623,37.198533,12:59:46.623,0.002311
12:59:46.624,1.522653,12:59:46.624,37.198533,12:59:46.624,0.000996
12:59:46.625,1.522653,12:59:46.625,37.198533,12:59:46.625,0.00264
12:59:46.626,1.421349,12:59:46.626,37.232301,12:59:46.626,0.003297
12:59:46.627,1.522653,12:59:46.627,37.181649,12:59:46.627,0.001325
12:59:46.628,1.455117,12:59:46.628,37.147881,12:59:46.628,0.003626
12:59:46.629,1.320045,12:59:46.629,37.164765,12:59:46.629,0.001653
12:59:46.630,1.387581,12:59:46.630,37.181649,12:59:46.630,0.001982
12:59:46.631,1.370697,12:59:46.631,37.046577,12:59:46.631,0.00264
12:59:46.632,1.320045,12:59:46.632,37.029693,12:59:46.632,0.001325
12:59:46.633,1.320045,12:59:46.633,37.080345,12:59:46.633,0.002311
12:59:46.634,1.303161,12:59:46.634,37.097229,12:59:46.634,0.001325
12:59:46.635,1.320045,12:59:46.635,37.046577,12:59:46.635,0.00264
12:59:46.636,1.353813,12:59:46.636,36.962157,12:59:46.636,0.001982
12:59:46.637,1.320045,12:59:46.637,37.114113,12:59:46.637,0.000996
12:59:46.638,1.269393,12:59:46.638,37.114113,12:59:46.638,0.004284
12:59:46.639,1.404465,12:59:46.639,37.063461,12:59:46.639,0.001653
12:59:46.640,1.455117,12:59:46.640,36.928389,12:59:46.640,0.003297
12:59:46.641,1.421349,12:59:46.641,37.029693,12:59:46.641,0.003626
12:59:46.642,1.505769,12:59:46.642,37.097229,12:59:46.642,0.001653
12:59:46.643,1.472001,12:59:46.643,37.012809,12:59:46.643,0.003955
12:59:46.644,1.472001,12:59:46.644,37.029693,12:59:46.644,0.002311
12:59:46.645,1.472001,12:59:46.645,37.114113,12:59:46.645,0.002969
12:59:46.646,1.438233,12:59:46.646,36.979041,12:59:46.646,0.000996
12:59:46.647,1.455117,12:59:46.647,37.012809,12:59:46.647,0.00264
12:59:46.648,1.472001,12:59:46.648,36.928389,12:59:46.648,0.003297
12:59:46.649,1.455117,12:59:46.649,37.012809,12:59:46.649,0.003626
12:59:46.650,1.472001,12:59:46.650,36.962157,12:59:46.650,0.00264
12:59:46.651,1.472001,12:59:46.651,37.012809,12:59:46.651,0.002969
12:59:46.652,1.472001,12:59:46.652,36.928389,12:59:46.652,0.003626
12:59:46.653,1.455117,12:59:46.653,36.928389,12:59:46.653,0.002969
12:59:46.654,1.370697,12:59:46.654,36.928389,12:59:46.654,0.003297
12:59:46.655,1.455117,12:59:46.655,36.911505,12:59:46.655,0.001982
12:59:46.656,1.336929,12:59:46.656,36.793317,12:59:46.656,0.003297
12:59:46.657,1.387581,12:59:46.657,36.860853,12:59:46.657,0.00264
12:59:46.658,1.286277,12:59:46.658,36.877737,12:59:46.658,0.002311
12:59:46.659,1.370697,12:59:46.659,36.945273,12:59:46.659,0.003955
12:59:46.660,1.336929,12:59:46.660,36.827085,12:59:46.660,0.002311
12:59:46.661,1.286277,12:59:46.661,36.810201,12:59:46.661,0.003626
12:59:46.662,1.286277,12:59:46.662,36.894621,12:59:46.662,0.00264
12:59:46.663,1.336929,12:59:46.663,36.810201,12:59:46.663,0.002969
12:59:46.664,1.370697,12:59:46.664,36.877737,12:59:46.664,0.002311
12:59:46.665,1.421349,12:59:46.665,36.793317,12:59:46.665,0.002311
12:59:46.666,1.320045,12:59:46.666,36.911505,12:59:46.666,0.00264
12:59:46.667,1.387581,12:59:46.667,36.877737,12:59:46.667,0.00264
12:59:46.668,1.336929,12:59:46.668,36.793317,12:59:46.668,0.002311
12:59:46.669,1.404465,12:59:46.669,36.692013,12:59:46.669,0.001982
12:59:46.670,1.387581,12:59:46.670,36.860853,12:59:46.670,0.002311
12:59:46.671,1.387581,12:59:46.671,36.843969,12:59:46.671,0.003626
12:59:46.672,1.505769,12:59:46.672,36.742665,12:59:46.672,0.002969
12:59:46.673,1.421349,12:59:46.673,36.675129,12:59:46.673,0.002969
12:59:46.674,1.370697,12:59:46.674,36.776433,12:59:46.674,0.002969
12:59:46.675,1.387581,12:59:46.675,36.658245,12:59:46.675,0.002311
12:59:46.676,1.421349,12:59:46.676,36.641361,12:59:46.676,0.001653
12:59:46.677,1.370697,12:59:46.677,36.624477,12:59:46.677,0.002311
12:59:46.678,1.404465,12:59:46.678,36.708897,12:59:46.678,0.001653
12:59:46.679,1.387581,12:59:46.679,36.624477,12:59:46.679,0.003297
12:59:46.680,1.370697,12:59:46.680,36.624477,12:59:46.680,0.00264
12:59:46.681,1.455117,12:59:46.681,36.540057,12:59:46.681,0.001982
12:59:46.682,1.421349,12:59:46.682,36.624477,12:59:46.682,0.004284
12:59:46.683,1.404465,12:59:46.683,36.658245,12:59:46.683,0.002969
12:59:46.684,1.505769,12:59:46.684,36.658245,12:59:46.684,0.003626
12:59:46.685,1.472001,12:59:46.685,36.607593,12:59:46.685,0.003626
12:59:46.686,1.455117,12:59:46.686,36.675129,12:59:46.686,0.00264
12:59:46.687,1.472001,12:59:46.687,36.590709,12:59:46.687,0.003626
12:59:46.688,1.472001,12:59:46.688,36.556941,12:59:46.688,0.00264
12:59:46.689,1.438233,12:59:46.689,36.472521,12:59:46.689,0.005599
12:59:46.690,1.421349,12:59:46.690,36.540057,12:59:46.690,0.002311
12:59:46.691,1.505769,12:59:46.691,36.607593,12:59:46.691,0.002311
12:59:46.692,1.421349,12:59:46.692,36.489405,12:59:46.692,0.001982
12:59:46.693,1.438233,12:59:46.693,36.472521,12:59:46.693,0.002311
12:59:46.694,1.353813,12:59:46.694,36.472521,12:59:46.694,0.003297
12:59:46.695,1.421349,12:59:46.695,36.523173,12:59:46.695,0.003297
12:59:46.696,1.404465,12:59:46.696,36.404985,12:59:46.696,0.002311
12:59:46.697,1.421349,12:59:46.697,36.354333,12:59:46.697,0.003297
12:59:46.698,1.370697,12:59:46.698,36.472521,12:59:46.698,0.003297
12:59:46.699,1.438233,12:59:46.699,36.421869,12:59:46.699,0.002969
12:59:46.700,1.472001,12:59:46.700,36.388101,12:59:46.700,0.001982
12:59:46.701,1.472001,12:59:46.701,36.354333,12:59:46.701,0.001653
12:59:46.702,1.488885,12:59:46.702,36.421869,12:59:46.702,0.002311
12:59:46.703,1.505769,12:59:46.703,36.455637,12:59:46.703,0.00264
12:59:46.704,1.573305,12:59:46.704,36.438753,12:59:46.704,0.001653
12:59:46.705,1.556421,12:59:46.705,36.337449,12:59:46.705,0.003626
12:59:46.706,1.505769,12:59:46.706,36.371217,12:59:46.706,0.002311
12:59:46.707,1.590189,12:59:46.707,36.371217,12:59:46.707,0.002969
12:59:46.708,1.607073,12:59:46.708,36.404985,12:59:46.708,0.00264
12:59:46.709,1.640841,12:59:46.709,36.269913,12:59:46.709,0.002311
12:59:46.710,1.556421,12:59:46.710,36.421869,12:59:46.710,0.003955
12:59:46.711,1.590189,12:59:46.711,36.404985,12:59:46.711,0.001982
12:59:46.712,1.573305,12:59:46.712,36.269913,12:59:46.712,0.004612
12:59:46.713,1.556421,12:59:46.713,36.286797,12:59:46.713,0.00264
12:59:46.714,1.573305,12:59:46.714,36.286797,12:59:46.714,0.001653
12:59:46.715,1.455117,12:59:46.715,36.219261,12:59:46.715,0.00264
12:59:46.716,1.505769,12:59:46.716,36.185493,12:59:46.716,0.001653
12:59:46.717,1.472001,12:59:46.717,36.219261,12:59:46.717,0.002969
12:59:46.718,1.556421,12:59:46.718,36.269913,12:59:46.718,0.002311
12:59:46.719,1.522653,12:59:46.719,36.236145,12:59:46.719,0.002311
12:59:46.720,1.573305,12:59:46.720,36.253029,12:59:46.720,0.003297
12:59:46.721,1.573305,12:59:46.721,36.117957,12:59:46.721,0.002969
12:59:46.722,1.522653,12:59:46.722,36.337449,12:59:46.722,0.001982
12:59:46.723,1.640841,12:59:46.723,36.320565,12:59:46.723,0.002311
12:59:46.724,1.573305,12:59:46.724,36.185493,12:59:46.724,0.001653
12:59:46.725,1.607073,12:59:46.725,36.219261,12:59:46.725,0.003297
12:59:46.726,1.623957,12:59:46.726,36.236145,12:59:46.726,0.00264
12:59:46.727,1.590189,12:59:46.727,36.286797,12:59:46.727,0.001653
12:59:46.728,1.607073,12:59:46.728,36.185493,12:59:46.728,0.001653
12:59:46.729,1.623957,12:59:46.729,36.151725,12:59:46.729,0.002311
12:59:46.730,1.573305,12:59:46.730,36.219261,12:59:46.730,0.001325
12:59:46.731,1.657725,12:59:46.731,36.236145,12:59:46.731,0.00264
12:59:46.732,1.607073,12:59:46.732,36.117957,12:59:46.732,0.002311
12:59:46.733,1.607073,12:59:46.733,36.067305,12:59:46.733,0.001653
12:59:46.734,1.623957,12:59:46.734,36.101073,12:59:46.734,0.00264
12:59:46.735,1.539537,12:59:46.735,36.202377,12:59:46.735,0.001325
12:59:46.736,1.590189,12:59:46.736,36.050421,12:59:46.736,0.002969
12:59:46.737,1.590189,12:59:46.737,35.966001,12:59:46.737,0.00264
12:59:46.738,1.590189,12:59:46.738,36.016653,12:59:46.738,0.002311
12:59:46.739,1.573305,12:59:46.739,36.084189,12:59:46.739,0.002311
12:59:46.740,1.556421,12:59:46.740,35.999769,12:59:46.740,0.002311
12:59:46.741,1.623957,12:59:46.741,35.982885,12:59:46.741,0.002969
12:59:46.742,1.657725,12:59:46.742,36.117957,12:59:46.742,0.001982
12:59:46.743,1.623957,12:59:46.743,36.168609,12:59:46.743,0.002311
12:59:46.744,1.674609,12:59:46.744,35.982885,12:59:46.744,0.002311
12:59:46.745,1.657725,12:59:46.745,35.949117,12:59:46.745,0.001325
12:59:46.746,1.708377,12:59:46.746,36.084189,12:59:46.746,0.00264
12:59:46.747,1.674609,12:59:46.747,36.117957,12:59:46.747,0.001653
12:59:46.748,1.742145,12:59:46.748,35.898465,12:59:46.748,0.00264
12:59:46.749,1.725261,12:59:46.749,35.881581,12:59:46.749,0.00264
12:59:46.750,1.742145,12:59:46.750,35.949117,12:59:46.750,0.004284
12:59:46.751,1.657725,12:59:46.751,35.982885,12:59:46.751,0.003955
12:59:46.752,1.691493,12:59:46.752,35.814045,12:59:46.752,0.529046
12:59:46.753,1.725261,12:59:46.753,35.830929,12:59:46.753,4.74687
12:59:46.754,1.657725,12:59:46.754,35.830929,12:59:46.754,5.732933
12:59:46.755,1.657725,12:59:46.755,35.864697,12:59:46.755,5.731289
12:59:46.756,1.590189,12:59:46.756,35.814045,12:59:46.756,5.749373
12:59:46.757,1.623957,12:59:46.757,35.814045,12:59:46.757,5.780609
12:59:46.758,1.623957,12:59:46.758,35.864697,12:59:46.758,5.865767
12:59:46.759,1.607073,12:59:46.759,35.915349,12:59:46.759,5.895359
12:59:46.760,1.505769,12:59:46.760,35.746509,12:59:46.760,5.900291
12:59:46.761,1.472001,12:59:46.761,35.797161,12:59:46.761,5.891742
12:59:46.762,1.573305,12:59:46.762,35.847813,12:59:46.762,5.899304
12:59:46.763,1.607073,12:59:46.763,35.881581,12:59:46.763,5.896674
12:59:46.764,1.826565,12:59:46.764,35.780277,12:59:46.764,5.914758
12:59:46.765,2.113593,12:59:46.765,35.830929,12:59:46.765,5.849985
12:59:46.766,2.485041,12:59:46.766,35.864697,12:59:46.766,5.835847
12:59:46.767,3.042212,12:59:46.767,35.915349,12:59:46.767,5.829271
12:59:46.768,4.612424,12:59:46.768,35.982885,12:59:46.768,5.835518
12:59:46.769,7.854151,12:59:46.769,36.016653,12:59:46.769,5.88418
12:59:46.770,12.108918,12:59:46.770,36.016653,12:59:46.770,5.92232
12:59:46.771,16.650713,12:59:46.771,36.016653,12:59:46.771,5.921005
12:59:46.772,21.344463,12:59:46.772,35.814045,12:59:46.772,5.91969
12:59:46.773,26.375893,12:59:46.773,35.678973,12:59:46.773,5.925279
12:59:46.774,31.677467,12:59:46.774,35.560785,12:59:46.774,5.927252
12:59:46.775,37.299837,12:59:46.775,35.510133,12:59:46.775,5.913772
12:59:46.776,43.19235,12:59:46.776,35.442597,12:59:46.776,5.852944
12:59:46.777,49.608266,12:59:46.777,35.510133,12:59:46.777,5.836833
12:59:46.778,56.632006,12:59:46.778,35.611437,12:59:46.778,5.836833
12:59:46.779,63.824585,12:59:46.779,35.678973,12:59:46.779,5.849985
12:59:46.780,70.510644,12:59:46.780,35.712741,12:59:46.780,5.906209
12:59:46.781,76.673299,12:59:46.781,35.695857,12:59:46.781,5.909497
12:59:46.782,81.907335,12:59:46.782,35.645205,12:59:46.782,5.898318
12:59:46.783,85.452971,12:59:46.783,35.712741,12:59:46.783,5.894044
12:59:46.784,85.030872,12:59:46.784,35.678973,12:59:46.784,5.897003
12:59:46.785,79.695533,12:59:46.785,35.577669,12:59:46.785,5.88681
12:59:46.786,71.574335,12:59:46.786,35.678973,12:59:46.786,5.877275
12:59:46.787,62.085534,12:59:46.787,35.763393,12:59:46.787,5.878919
12:59:46.788,53.153904,12:59:46.788,35.780277,12:59:46.788,5.817105
12:59:46.789,47.497767,12:59:46.789,35.847813,12:59:46.789,5.794089
12:59:46.790,41.048083,12:59:46.790,35.932233,12:59:46.790,5.787185
12:59:46.791,33.923038,12:59:46.791,36.050421,12:59:46.791,5.788829
12:59:46.792,29.566968,12:59:46.792,35.932233,12:59:46.792,5.800008
12:59:46.793,28.030524,12:59:46.793,35.932233,12:59:46.793,5.825983
12:59:46.794,28.925376,12:59:46.794,35.814045,12:59:46.794,5.88681
12:59:46.795,31.187831,12:59:46.795,35.982885,12:59:46.795,5.877604
12:59:46.796,34.48021,12:59:46.796,35.864697,12:59:46.796,5.874974
12:59:46.797,38.802512,12:59:46.797,35.847813,12:59:46.797,5.863794
12:59:46.798,43.259886,12:59:46.798,35.898465,12:59:46.798,5.855246
12:59:46.799,47.886099,12:59:46.799,36.117957,12:59:46.799,5.855903
12:59:46.800,52.546081,12:59:46.800,36.202377,12:59:46.800,5.855903
12:59:46.801,56.935918,12:59:46.801,36.269913,12:59:46.801,5.857547
12:59:46.802,60.093224,12:59:46.802,36.506289,12:59:46.802,5.858534
12:59:46.803,62.389446,12:59:46.803,36.573825,12:59:46.803,5.811516
12:59:46.804,63.723281,12:59:46.804,36.404985,12:59:46.804,5.802309
12:59:46.805,63.757049,12:59:46.805,36.219261,12:59:46.805,5.811516
12:59:46.806,62.727126,12:59:46.806,36.117957,12:59:46.806,5.828284
12:59:46.807,61.140031,12:59:46.807,36.016653,12:59:46.807,5.907853
12:59:46.808,59.23214,12:59:46.808,35.932233,12:59:46.808,5.91147
12:59:46.809,56.615122,12:59:46.809,36.050421,12:59:46.809,5.900948
12:59:46.810,54.048756,12:59:46.810,36.286797,12:59:46.810,5.886153
12:59:46.811,51.718765,12:59:46.811,36.506289,12:59:46.811,5.871357
12:59:46.812,49.54073,12:59:46.812,36.860853,12:59:46.812,5.858205
12:59:46.813,47.852331,12:59:46.813,37.080345,12:59:46.813,5.859191
12:59:46.814,46.839292,12:59:46.814,37.40114,12:59:46.814,5.853273
12:59:46.815,46.889944,12:59:46.815,37.873892,12:59:46.815,5.847026
12:59:46.816,47.649723,12:59:46.816,38.127152,12:59:46.816,5.846697
12:59:46.817,49.219934,12:59:46.817,38.211572,12:59:46.817,5.841765
12:59:46.818,51.161593,12:59:46.818,38.312876,12:59:46.818,5.795076
12:59:46.819,53.64354,12:59:46.819,38.24534,12:59:46.819,5.805597
12:59:46.820,56.041066,12:59:46.820,38.008964,12:59:46.820,5.811187
12:59:46.821,58.235985,12:59:46.821,37.806356,12:59:46.821,5.823352
12:59:46.822,59.56982,12:59:46.822,37.671284,12:59:46.822,5.828942
12:59:46.823,60.920539,12:59:46.823,37.586864,12:59:46.823,5.831244
12:59:46.824,62.186838,12:59:46.824,37.502444,12:59:46.824,5.892729
12:59:46.825,63.064806,12:59:46.825,37.367373,12:59:46.825,5.899633
12:59:46.826,62.845314,12:59:46.826,37.536212,12:59:46.826,5.90884
12:59:46.827,62.06865,12:59:46.827,37.941428,12:59:46.827,5.90325
12:59:46.828,61.072495,12:59:46.828,38.144036,12:59:46.828,5.909826
12:59:46.829,59.721776,12:59:46.829,38.549252,12:59:46.829,5.900948
12:59:46.830,57.982725,12:59:46.830,39.08954,12:59:46.830,5.887797
12:59:46.831,56.581354,12:59:46.831,39.680479,12:59:46.831,5.885495
12:59:46.832,55.264403,12:59:46.832,40.170115,12:59:46.832,5.881878
12:59:46.833,54.808535,12:59:46.833,40.676635,12:59:46.833,5.819407
12:59:46.834,54.757883,12:59:46.834,41.132503,12:59:46.834,5.800994
12:59:46.835,55.585199,12:59:46.835,41.605254,12:59:46.835,5.811187
12:59:46.836,56.682658,12:59:46.836,41.774094,12:59:46.836,5.832888
12:59:46.837,57.797001,12:59:46.837,41.993586,12:59:46.837,5.915416
12:59:46.838,59.080184,12:59:46.838,42.500106,12:59:46.838,5.925279
12:59:46.839,59.502284,12:59:46.839,43.124814,12:59:46.839,5.915087
12:59:46.840,59.31656,12:59:46.840,43.766405,12:59:46.840,5.906867
12:59:46.841,58.759389,12:59:46.841,44.205389,12:59:46.841,5.910155
12:59:46.842,58.067145,12:59:46.842,44.695025,12:59:46.842,5.913443
12:59:46.843,57.391786,12:59:46.843,45.049589,12:59:46.843,5.909168
12:59:46.844,56.041066,12:59:46.844,45.167777,12:59:46.844,5.84867
12:59:46.845,55.078679,12:59:46.845,45.640528,12:59:46.845,5.829928
12:59:46.846,54.014988,12:59:46.846,46.299004,12:59:46.846,5.837491
12:59:46.847,53.491584,12:59:46.847,46.923712,12:59:46.847,5.846039
12:59:46.848,53.491584,12:59:46.848,47.193856,12:59:46.848,1.396417
12:59:46.849,53.64354,12:59:46.849,46.754872,12:59:46.849,1.036383
12:59:46.850,54.183828,12:59:46.850,45.910672,12:59:46.850,0.825623
12:59:46.851,54.386435,12:59:46.851,45.066473,12:59:46.851,0.615521
12:59:46.852,54.892955,12:59:46.852,44.762561,12:59:46.852,0.396869
12:59:46.853,55.703387,12:59:46.853,44.374229,12:59:46.853,0.179862
12:59:46.854,57.290482,12:59:46.854,44.289809,12:59:46.854,-0.006895
12:59:46.855,58.810041,12:59:46.855,44.492417,12:59:46.855,-0.064106
12:59:46.856,59.350328,12:59:46.856,45.404153,12:59:46.856,-0.075943
12:59:46.857,59.671124,12:59:46.857,46.130164,12:59:46.857,-0.058846
12:59:46.858,60.110108,12:59:46.858,46.332772,12:59:46.858,-0.031555
12:59:46.859,60.093224,12:59:46.859,46.518496,12:59:46.859,-0.003279
12:59:46.860,59.924384,12:59:46.860,46.87306,12:59:46.860,0.00264
12:59:46.861,58.674969,12:59:46.861,47.312044,12:59:46.861,0.002969
12:59:46.862,55.956646,12:59:46.862,47.852331,12:59:46.862,0.002969
12:59:46.863,53.035716,12:59:46.863,48.831603,12:59:46.863,0.000996
12:59:46.864,48.764067,12:59:46.864,49.506962,12:59:46.864,0.001982
12:59:46.865,43.310538,12:59:46.865,49.70957,12:59:46.865,0.001325
12:59:46.866,38.127152,12:59:46.866,49.219934,12:59:46.866,0.002969
12:59:46.867,33.061954,12:59:46.867,48.578343,12:59:46.867,0.001982
12:59:46.868,28.452624,12:59:46.868,48.645879,12:59:46.868,0.00264
12:59:46.869,26.055097,12:59:46.869,49.067979,12:59:46.869,0.002969
12:59:46.870,25.514809,12:59:46.870,49.473194,12:59:46.870,0.004284
12:59:46.871,26.223937,12:59:46.871,49.388774,12:59:46.871,0.002969
12:59:46.872,27.692845,12:59:46.872,49.490078,12:59:46.872,0.003297
12:59:46.873,29.499432,12:59:46.873,49.557614,12:59:46.873,0.002311
12:59:46.874,31.728119,12:59:46.874,49.70957,12:59:46.874,0.00264
12:59:46.875,33.534706,12:59:46.875,49.996598,12:59:46.875,0.003297
12:59:46.876,34.446442,12:59:46.876,49.912178,12:59:46.876,0.002311
12:59:46.877,35.172453,12:59:46.877,49.70957,12:59:46.877,0.001982
12:59:46.878,35.797161,12:59:46.878,49.760222,12:59:46.878,0.003955
12:59:46.879,35.391945,12:59:46.879,49.844642,12:59:46.879,0.00264
12:59:46.880,35.037382,12:59:46.880,50.064134,12:59:46.880,0.002969
12:59:46.881,33.923038,12:59:46.881,50.148554,12:59:46.881,0.002969
12:59:46.882,32.048915,12:59:46.882,50.148554,12:59:46.882,0.002311
12:59:46.883,30.005952,12:59:46.883,49.777106,12:59:46.883,0.002311
12:59:46.884,27.338281,12:59:46.884,49.62515,12:59:46.884,0.000667
12:59:46.885,24.771914,12:59:46.885,49.490078,12:59:46.885,0.004612
12:59:46.886,22.222431,12:59:46.886,49.642034,12:59:46.886,0.001982
12:59:46.887,19.892439,12:59:46.887,50.064134,12:59:46.887,0.002311
12:59:46.888,18.170272,12:59:46.888,50.334278,12:59:46.888,0.00264
12:59:46.889,16.971508,12:59:46.889,50.452466,12:59:46.889,0.001325
12:59:46.890,16.313033,12:59:46.890,50.655074,12:59:46.890,0.001325
12:59:46.891,16.161077,12:59:46.891,50.908333,12:59:46.891,0.003955
12:59:46.892,16.177961,12:59:46.892,51.178477,12:59:46.892,0.00264
12:59:46.893,16.414337,12:59:46.893,50.975869,12:59:46.893,0.004284
12:59:46.894,16.701365,12:59:46.894,50.756378,12:59:46.894,0.001653
12:59:46.895,17.258536,12:59:46.895,50.80703,12:59:46.895,0.002311
12:59:46.896,17.6131,12:59:46.896,50.520002,12:59:46.896,0.001653
12:59:46.897,17.78194,12:59:46.897,49.96283,12:59:46.897,0.00264
12:59:46.898,17.849476,12:59:46.898,49.692686,12:59:46.898,0.001982
12:59:46.899,17.849476,12:59:46.899,49.405658,12:59:46.899,0.001653
12:59:46.900,17.815708,12:59:46.900,49.219934,12:59:46.900,0.00264
12:59:46.901,17.765056,12:59:46.901,49.101747,12:59:46.901,0.00264
12:59:46.902,17.663752,12:59:46.902,49.034211,12:59:46.902,0.003297
12:59:46.903,17.309188,12:59:46.903,49.219934,12:59:46.903,0.003626
12:59:46.904,17.089696,12:59:46.904,49.338122,12:59:46.904,0.002969
12:59:46.905,16.870204,12:59:46.905,49.473194,12:59:46.905,0.00264
12:59:46.906,16.735133,12:59:46.906,49.591382,12:59:46.906,0.001982
12:59:46.907,16.735133,12:59:46.907,49.87841,12:59:46.907,0.003297
12:59:46.908,16.785784,12:59:46.908,50.114786,12:59:46.908,0.001982
12:59:46.909,16.93774,12:59:46.909,50.165438,12:59:46.909,0.002969
12:59:46.910,17.140348,12:59:46.910,50.30051,12:59:46.910,0.003297
12:59:46.911,17.207884,12:59:46.911,50.46935,12:59:46.911,0.001653
12:59:46.912,16.346801,12:59:46.912,50.604422,12:59:46.912,0.002311
12:59:46.913,12.531018,12:59:46.913,50.435582,12:59:46.913,0.003297
12:59:46.914,6.706039,12:59:46.914,50.21609,12:59:46.914,0.001325
12:59:46.915,2.113593,12:59:46.915,50.097902,12:59:46.915,0.002311
12:59:46.916,-1.78661,12:59:46.916,49.979714,12:59:46.916,0.001982
12:59:46.917,-3.238634,12:59:46.917,49.70957,12:59:46.917,0.003955
12:59:46.918,-3.39059,12:59:46.918,49.490078,12:59:46.918,0.003297
12:59:46.919,-3.424358,12:59:46.919,49.45631,12:59:46.919,0.002969
12:59:46.920,-3.407474,12:59:46.920,49.422542,12:59:46.920,0.002311
12:59:46.921,-3.424358,12:59:46.921,49.338122,12:59:46.921,0.002311
12:59:46.922,-3.407474,12:59:46.922,49.270586,12:59:46.922,0.002311
12:59:46.923,-3.407474,12:59:46.923,49.186166,12:59:46.923,0.00264
12:59:46.924,-3.424358,12:59:46.924,49.28747,12:59:46.924,0.002969
12:59:46.925,-3.424358,12:59:46.925,49.000443,12:59:46.925,0.002969
12:59:46.926,-3.407474,12:59:46.926,48.797835,12:59:46.926,0.002969
12:59:46.927,-3.39059,12:59:46.927,48.797835,12:59:46.927,0.00264
12:59:46.928,-3.373706,12:59:46.928,48.831603,12:59:46.928,0.003297
12:59:46.929,-3.154214,12:59:46.929,48.797835,12:59:46.929,0.00264
12:59:46.930,-1.95545,12:59:46.930,48.865371,12:59:46.930,0.001982
12:59:46.931,0.678453,12:59:46.931,48.932907,12:59:46.931,0.002969
12:59:46.932,4.072136,12:59:46.932,48.932907,12:59:46.932,0.003297
12:59:46.933,7.786615,12:59:46.933,48.747183,12:59:46.933,0.002969
12:59:46.934,11.39979,12:59:46.934,48.662763,12:59:46.934,0.003297
12:59:46.935,14.540213,12:59:46.935,48.561459,12:59:46.935,0.002969
12:59:46.936,17.005276,12:59:46.936,48.612111,12:59:46.936,0.002311
12:59:46.937,18.930052,12:59:46.937,48.240663,12:59:46.937,0.003626
12:59:46.938,20.567799,12:59:46.938,48.122475,12:59:46.938,0.003955
12:59:46.939,21.665259,12:59:46.939,47.886099,12:59:46.939,0.003955
12:59:46.940,22.408155,12:59:46.940,47.734143,12:59:46.940,0.00264
12:59:46.941,22.458807,12:59:46.941,47.413347,12:59:46.941,0.001982
12:59:46.942,21.850983,12:59:46.942,47.278276,12:59:46.942,0.002969
12:59:46.943,21.057435,12:59:46.943,47.143204,12:59:46.943,0.00264
12:59:46.944,19.605412,12:59:46.944,47.227624,12:59:46.944,0.00264
12:59:46.945,17.511796,12:59:46.945,47.261392,12:59:46.945,0.003297
12:59:46.946,15.029849,12:59:46.946,47.227624,12:59:46.946,0.001982
12:59:46.947,12.463482,12:59:46.947,47.29516,12:59:46.947,0.002969
12:59:46.948,9.711391,12:59:46.948,47.396463,12:59:46.948,0.00264
12:59:46.949,6.942415,12:59:46.949,47.396463,12:59:46.949,0.003297
12:59:46.950,4.072136,12:59:46.950,47.430231,12:59:46.950,0.001982
12:59:46.951,1.488885,12:59:46.951,47.362695,12:59:46.951,0.003626
12:59:46.952,-0.570963,12:59:46.952,47.244508,12:59:46.952,0.001325
12:59:46.953,-2.107406,12:59:46.953,47.0419,12:59:46.953,0.003297
12:59:46.954,-2.900954,12:59:46.954,46.822408,12:59:46.954,0.001653
12:59:46.955,-3.187982,12:59:46.955,46.754872,12:59:46.955,0.002969
12:59:46.956,-3.30617,12:59:46.956,46.70422,12:59:46.956,0.003297
12:59:46.957,-3.323054,12:59:46.957,46.383424,12:59:46.957,0.001653
12:59:46.958,-3.356822,12:59:46.958,46.045744,12:59:46.958,0.000996
12:59:46.959,-3.356822,12:59:46.959,45.843136,12:59:46.959,0.002969
12:59:46.960,-3.339938,12:59:46.960,45.623644,12:59:46.960,0.002311
12:59:46.961,-3.289286,12:59:46.961,45.454805,12:59:46.961,0.00264
12:59:46.962,-3.154214,12:59:46.962,45.218429,12:59:46.962,0.003626
12:59:46.963,-2.782766,12:59:46.963,45.252197,12:59:46.963,0.003297
12:59:46.964,-1.837262,12:59:46.964,45.353501,12:59:46.964,0.003297
12:59:46.965,-0.334587,12:59:46.965,45.319733,12:59:46.965,0.001982
12:59:46.966,1.387581,12:59:46.966,45.353501,12:59:46.966,0.00264
12:59:46.967,3.227936,12:59:46.967,45.387269,12:59:46.967,0.001982
12:59:46.968,5.068292,12:59:46.968,45.589876,12:59:46.968,0.001653
12:59:46.969,6.790459,12:59:46.969,45.539224,12:59:46.969,0.004284
12:59:46.970,8.343787,12:59:46.970,45.387269,12:59:46.970,0.001982
12:59:46.971,9.846463,12:59:46.971,45.437921,12:59:46.971,0.002311
12:59:46.972,10.960806,12:59:46.972,45.387269,12:59:46.972,0.002311
12:59:46.973,11.517978,12:59:46.973,45.269081,12:59:46.973,0.003297
12:59:46.974,12.345294,12:59:46.974,45.066473,12:59:46.974,0.002969
12:59:46.975,12.682974,12:59:46.975,44.846981,12:59:46.975,0.002969
12:59:46.976,12.311526,12:59:46.976,44.813213,12:59:46.976,0.000996
12:59:46.977,11.973846,12:59:46.977,44.593721,12:59:46.977,0.002969
12:59:46.978,11.450442,12:59:46.978,44.340461,12:59:46.978,0.002969
12:59:46.979,10.690662,12:59:46.979,44.272925,12:59:46.979,0.002311
12:59:46.980,9.610087,12:59:46.980,44.340461,12:59:46.980,0.00264
12:59:46.981,8.428207,12:59:46.981,44.272925,12:59:46.981,0.000996
12:59:46.982,7.026835,12:59:46.982,44.323577,12:59:46.982,0.002311
12:59:46.983,5.574812,12:59:46.983,44.323577,12:59:46.983,0.002311
12:59:46.984,4.224092,12:59:46.984,44.357345,12:59:46.984,0.002311
12:59:46.985,3.008444,12:59:46.985,44.543069,12:59:46.985,0.002311
12:59:46.986,1.894101,12:59:46.986,44.543069,12:59:46.986,0.002311
12:59:46.987,0.864177,12:59:46.987,44.728793,12:59:46.987,0.00264
12:59:46.988,0.019977,12:59:46.988,44.846981,12:59:46.988,0.002311
12:59:46.989,-0.503427,12:59:46.989,44.880749,12:59:46.989,0.001982
12:59:46.990,-1.111251,12:59:46.990,44.678141,12:59:46.990,0.002311
12:59:46.991,-1.415163,12:59:46.991,44.711909,12:59:46.991,0.002311
12:59:46.992,-1.584002,12:59:46.992,44.644373,12:59:46.992,0.003297
12:59:46.993,-1.61777,12:59:46.993,44.526185,12:59:46.993,0.003626
12:59:46.994,-1.584002,12:59:46.994,44.391113,12:59:46.994,0.002969
12:59:46.995,-1.415163,12:59:46.995,44.239157,12:59:46.995,0.00264
12:59:46.996,-1.043715,12:59:46.996,44.256041,12:59:46.996,0.001982
12:59:46.997,-0.520311,12:59:46.997,44.205389,12:59:46.997,0.002969
12:59:46.998,0.087513,12:59:46.998,44.087201,12:59:46.998,0.00264
12:59:46.999,0.881061,12:59:46.999,44.053433,12:59:46.999,0.003626
12:59:47.000,1.556421,12:59:47.000,44.120969,12:59:47.000,0.002311
12:59:47.001,2.299317,12:59:47.001,44.104085,12:59:47.001,0.004284
12:59:47.002,3.059096,12:59:47.002,44.120969,12:59:47.002,0.00264
12:59:47.003,3.734456,12:59:47.003,44.171621,12:59:47.003,0.001982
12:59:47.004,4.274744,12:59:47.004,44.391113,12:59:47.004,0.00264
12:59:47.005,4.747496,12:59:47.005,44.424881,12:59:47.005,0.002311
12:59:47.006,5.2709,12:59:47.006,44.357345,12:59:47.006,0.000996
12:59:47.007,5.507276,12:59:47.007,44.475533,12:59:47.007,0.002311
12:59:47.008,5.60858,12:59:47.008,44.458649,12:59:47.008,0.00264
12:59:47.009,5.693,12:59:47.009,44.424881,12:59:47.009,0.002311
12:59:47.010,5.794304,12:59:47.010,44.272925,12:59:47.010,0.00264
12:59:47.011,5.642348,12:59:47.011,44.306693,12:59:47.011,0.001982
12:59:47.012,5.389088,12:59:47.012,44.391113,12:59:47.012,0.002969
12:59:47.013,5.118944,12:59:47.013,44.357345,12:59:47.013,0.004284
12:59:47.014,4.8488,12:59:47.014,44.239157,12:59:47.014,0.001982
12:59:47.015,4.392932,12:59:47.015,44.205389,12:59:47.015,0.002969
12:59:47.016,4.0046,12:59:47.016,44.289809,12:59:47.016,0.003297
12:59:47.017,3.514964,12:59:47.017,44.256041,12:59:47.017,0.003297
12:59:47.018,3.07598,12:59:47.018,44.256041,12:59:47.018,0.001982
12:59:47.019,2.704532,12:59:47.019,44.154737,12:59:47.019,0.003297
12:59:47.020,2.282433,12:59:47.020,44.458649,12:59:47.020,0.001653
12:59:47.021,1.877217,12:59:47.021,44.458649,12:59:47.021,0.003297
12:59:47.022,1.556421,12:59:47.022,44.357345,12:59:47.022,0.001982
12:59:47.023,1.252509,12:59:47.023,44.407997,12:59:47.023,0.002969
12:59:47.024,0.948597,12:59:47.024,44.644373,12:59:47.024,0.003297
12:59:47.025,0.796641,12:59:47.025,44.728793,12:59:47.025,0.001982
12:59:47.026,0.762873,12:59:47.026,44.492417,12:59:47.026,0.004941
12:59:47.027,0.729105,12:59:47.027,44.576837,12:59:47.027,0.002969
12:59:47.028,0.813525,12:59:47.028,44.796329,12:59:47.028,0.00264
12:59:47.029,0.897945,12:59:47.029,44.914517,12:59:47.029,0.002969
12:59:47.030,1.117437,12:59:47.030,44.897633,12:59:47.030,0.001653
12:59:47.031,1.387581,12:59:47.031,44.880749,12:59:47.031,0.002311
12:59:47.032,1.607073,12:59:47.032,44.982053,12:59:47.032,0.001982
12:59:47.033,1.860333,12:59:47.033,44.965169,12:59:47.033,0.002969
12:59:47.034,2.181129,12:59:47.034,44.880749,12:59:47.034,0.002311
12:59:47.035,2.569461,12:59:47.035,44.846981,12:59:47.035,0.001982
12:59:47.036,2.82272,12:59:47.036,44.948285,12:59:47.036,0.002311
12:59:47.037,3.261704,12:59:47.037,44.982053,12:59:47.037,0.001982
12:59:47.038,3.717572,12:59:47.038,44.897633,12:59:47.038,0.003626
12:59:47.039,4.038368,12:59:47.039,44.880749,12:59:47.039,0.003297
12:59:47.040,4.325396,12:59:47.040,44.931401,12:59:47.040,0.003955
12:59:47.041,4.376048,12:59:47.041,45.015821,12:59:47.041,0.003626
12:59:47.042,4.544888,12:59:47.042,44.880749,12:59:47.042,0.002311
12:59:47.043,4.629308,12:59:47.043,44.914517,12:59:47.043,0.003955
12:59:47.044,4.67996,12:59:47.044,44.880749,12:59:47.044,0.003297
12:59:47.045,4.663076,12:59:47.045,44.965169,12:59:47.045,0.003297
12:59:47.046,4.578656,12:59:47.046,44.982053,12:59:47.046,0.001982
12:59:47.047,4.528004,12:59:47.047,44.948285,12:59:47.047,0.003626
12:59:47.048,4.409816,12:59:47.048,44.998937,12:59:47.048,0.002311
12:59:47.049,4.072136,12:59:47.049,45.032705,12:59:47.049,0.001982
12:59:47.050,3.886412,12:59:47.050,44.914517,12:59:47.050,0.002969
12:59:47.051,3.599384,12:59:47.051,44.982053,12:59:47.051,0.003297
12:59:47.052,3.430544,12:59:47.052,44.982053,12:59:47.052,0.001653
12:59:47.053,3.278588,12:59:47.053,45.032705,12:59:47.053,0.001653
12:59:47.054,3.07598,12:59:47.054,45.015821,12:59:47.054,0.003297
12:59:47.055,2.839604,12:59:47.055,45.049589,12:59:47.055,0.002311
12:59:47.056,2.636997,12:59:47.056,45.015821,12:59:47.056,0.001653
12:59:47.057,2.400621,12:59:47.057,45.015821,12:59:47.057,0.003626
12:59:47.058,2.282433,12:59:47.058,44.965169,12:59:47.058,0.002311
12:59:47.059,2.164245,12:59:47.059,45.015821,12:59:47.059,0.003626
12:59:47.060,2.096709,12:59:47.060,45.049589,12:59:47.060,0.002969
12:59:47.061,2.079825,12:59:47.061,45.167777,12:59:47.061,0.001982
12:59:47.062,2.214897,12:59:47.062,45.150893,12:59:47.062,0.001982
12:59:47.063,2.214897,12:59:47.063,45.066473,12:59:47.063,0.002311
12:59:47.064,2.198013,12:59:47.064,45.184661,12:59:47.064,0.00264
12:59:47.065,2.299317,12:59:47.065,45.336617,12:59:47.065,0.003297
12:59:47.066,2.316201,12:59:47.066,45.252197,12:59:47.066,0.003626
12:59:47.067,2.451273,12:59:47.067,45.184661,12:59:47.067,0.002969
12:59:47.068,2.620113,12:59:47.068,45.252197,12:59:47.068,0.002969
12:59:47.069,2.856488,12:59:47.069,45.285965,12:59:47.069,0.001982
12:59:47.070,2.90714,12:59:47.070,45.184661,12:59:47.070,0.003955
12:59:47.071,3.177284,12:59:47.071,45.066473,12:59:47.071,0.00264
12:59:47.072,3.312356,12:59:47.072,44.998937,12:59:47.072,0.001982
12:59:47.073,3.430544,12:59:47.073,44.965169,12:59:47.073,0.00264
12:59:47.074,3.616268,12:59:47.074,44.863865,12:59:47.074,0.001653
12:59:47.075,3.818876,12:59:47.075,44.779445,12:59:47.075,0.004941
12:59:47.076,3.970832,12:59:47.076,44.846981,12:59:47.076,0.00264
12:59:47.077,4.055252,12:59:47.077,44.728793,12:59:47.077,0.003955
12:59:47.078,4.156556,12:59:47.078,44.762561,12:59:47.078,0.001653
12:59:47.079,4.308512,12:59:47.079,44.695025,12:59:47.079,0.00264
12:59:47.080,4.34228,12:59:47.080,44.661257,12:59:47.080,0.002311
12:59:47.081,4.34228,12:59:47.081,44.779445,12:59:47.081,0.004284
12:59:47.082,4.34228,12:59:47.082,44.644373,12:59:47.082,0.001653
12:59:47.083,4.325396,12:59:47.083,44.695025,12:59:47.083,0.003297
12:59:47.084,4.25786,12:59:47.084,44.644373,12:59:47.084,0.003297
12:59:47.085,4.139672,12:59:47.085,44.695025,12:59:47.085,0.004284
12:59:47.086,4.038368,12:59:47.086,44.576837,12:59:47.086,0.00264
12:59:47.087,3.937064,12:59:47.087,44.509301,12:59:47.087,0.001982
12:59:47.088,3.903296,12:59:47.088,44.441765,12:59:47.088,0.002311
12:59:47.089,3.717572,12:59:47.089,44.492417,12:59:47.089,0.002969
12:59:47.090,3.633152,12:59:47.090,44.391113,12:59:47.090,0.003297
12:59:47.091,3.464312,12:59:47.091,44.256041,12:59:47.091,0.002311
12:59:47.092,3.346124,12:59:47.092,44.205389,12:59:47.092,0.002311
12:59:47.093,3.143516,12:59:47.093,44.323577,12:59:47.093,0.00264
12:59:47.094,3.109748,12:59:47.094,44.104085,12:59:47.094,0.003955
12:59:47.095,3.025328,12:59:47.095,44.053433,12:59:47.095,0.003955
12:59:47.096,2.873372,12:59:47.096,44.070317,12:59:47.096,0.002311
12:59:47.097,2.856488,12:59:47.097,44.019665,12:59:47.097,0.002969
12:59:47.098,2.721416,12:59:47.098,43.985897,12:59:47.098,0.003626
12:59:47.099,2.721416,12:59:47.099,44.154737,12:59:47.099,0.002311
12:59:47.100,2.788952,12:59:47.100,44.137853,12:59:47.100,0.002969
12:59:47.101,2.687649,12:59:47.101,44.256041,12:59:47.101,0.001653
12:59:47.102,2.704532,12:59:47.102,44.239157,12:59:47.102,0.002969
12:59:47.103,2.755184,12:59:47.103,44.171621,12:59:47.103,0.002969
12:59:47.104,2.839604,12:59:47.104,44.154737,12:59:47.104,0.001653
12:59:47.105,2.805836,12:59:47.105,44.222273,12:59:47.105,0.00264
12:59:47.106,2.805836,12:59:47.106,44.154737,12:59:47.106,0.001325
12:59:47.107,3.008444,12:59:47.107,43.952129,12:59:47.107,0.00264
12:59:47.108,3.025328,12:59:47.108,43.969013,12:59:47.108,0.00264
12:59:47.109,3.126632,12:59:47.109,44.036549,12:59:47.109,0.002311
12:59:47.110,3.07598,12:59:47.110,43.952129,12:59:47.110,0.002311
12:59:47.111,3.07598,12:59:47.111,43.715753,12:59:47.111,0.001653
12:59:47.112,3.1604,12:59:47.112,43.665101,12:59:47.112,0.00264
12:59:47.113,3.24482,12:59:47.113,43.749521,12:59:47.113,0.002969
12:59:47.114,3.312356,12:59:47.114,43.749521,12:59:47.114,0.003297
12:59:47.115,3.363008,12:59:47.115,43.648217,12:59:47.115,0.002969
12:59:47.116,3.379892,12:59:47.116,43.681985,12:59:47.116,0.00264
12:59:47.117,3.396776,12:59:47.117,43.698869,12:59:47.117,0.002969
12:59:47.118,3.396776,12:59:47.118,43.749521,12:59:47.118,0.001982
12:59:47.119,3.396776,12:59:47.119,43.614449,12:59:47.119,0.003626
12:59:47.120,3.396776,12:59:47.120,43.631333,12:59:47.120,0.00264
12:59:47.121,3.295472,12:59:47.121,43.681985,12:59:47.121,0.00264
12:59:47.122,3.363008,12:59:47.122,43.631333,12:59:47.122,0.002969
12:59:47.123,3.312356,12:59:47.123,43.546913,12:59:47.123,0.002311
12:59:47.124,3.346124,12:59:47.124,43.580681,12:59:47.124,0.002311
12:59:47.125,3.278588,12:59:47.125,43.614449,12:59:47.125,0.002969
12:59:47.126,3.211052,12:59:47.126,43.546913,12:59:47.126,0.002969
12:59:47.127,3.1604,12:59:47.127,43.327422,12:59:47.127,0.003955
12:59:47.128,3.092864,12:59:47.128,43.344306,12:59:47.128,0.002969
12:59:47.129,2.974676,12:59:47.129,43.327422,12:59:47.129,0.002969
12:59:47.130,2.856488,12:59:47.130,43.293654,12:59:47.130,0.001982
12:59:47.131,2.839604,12:59:47.131,43.259886,12:59:47.131,0.003626
12:59:47.132,2.755184,12:59:47.132,43.141698,12:59:47.132,0.002969
12:59:47.133,2.653881,12:59:47.133,43.209234,12:59:47.133,0.001982
12:59:47.134,2.603229,12:59:47.134,43.27677,12:59:47.134,0.003626
12:59:47.135,2.485041,12:59:47.135,43.158582,12:59:47.135,0.003297
12:59:47.136,2.400621,12:59:47.136,43.209234,12:59:47.136,0.002969
12:59:47.137,2.265549,12:59:47.137,43.327422,12:59:47.137,0.002969
12:59:47.138,2.181129,12:59:47.138,43.209234,12:59:47.138,0.002311
12:59:47.139,2.198013,12:59:47.139,43.243002,12:59:47.139,0.00264
12:59:47.140,2.198013,12:59:47.140,43.175466,12:59:47.140,0.00264
12:59:47.141,2.113593,12:59:47.141,43.27677,12:59:47.141,0.000996
12:59:47.142,2.147361,12:59:47.142,43.310538,12:59:47.142,0.003297
12:59:47.143,2.130477,12:59:47.143,43.175466,12:59:47.143,0.001982
12:59:47.144,2.265549,12:59:47.144,43.175466,12:59:47.144,0.001982
12:59:47.145,2.265549,12:59:47.145,43.259886,12:59:47.145,0.002311
12:59:47.146,2.282433,12:59:47.146,43.175466,12:59:47.146,0.001982
12:59:47.147,2.316201,12:59:47.147,43.10793,12:59:47.147,0.00264
12:59:47.148,2.383737,12:59:47.148,43.074162,12:59:47.148,0.003297
12:59:47.149,2.349969,12:59:47.149,43.02351,12:59:47.149,0.002311
12:59:47.150,2.485041,12:59:47.150,43.091046,12:59:47.150,0.004941
12:59:47.151,2.535693,12:59:47.151,42.989742,12:59:47.151,0.004284
12:59:47.152,2.552577,12:59:47.152,42.905322,12:59:47.152,0.001653
12:59:47.153,2.518809,12:59:47.153,42.93909,12:59:47.153,0.002969
12:59:47.154,2.586345,12:59:47.154,43.006626,12:59:47.154,0.001982
12:59:47.155,2.620113,12:59:47.155,42.668946,12:59:47.155,0.002311
12:59:47.156,2.620113,12:59:47.156,42.702714,12:59:47.156,0.003626
12:59:47.157,2.670765,12:59:47.157,42.787134,12:59:47.157,0.00264
12:59:47.158,2.653881,12:59:47.158,42.77025,12:59:47.158,0.001325
12:59:47.159,2.721416,12:59:47.159,42.550758,12:59:47.159,0.003955
12:59:47.160,2.603229,12:59:47.160,42.584526,12:59:47.160,0.004284
12:59:47.161,2.569461,12:59:47.161,42.668946,12:59:47.161,0.002969
12:59:47.162,2.468157,12:59:47.162,42.652062,12:59:47.162,0.002969
12:59:47.163,2.417505,12:59:47.163,42.51699,12:59:47.163,0.00264
12:59:47.164,2.316201,12:59:47.164,42.618294,12:59:47.164,0.002969
12:59:47.165,2.231781,12:59:47.165,42.719598,12:59:47.165,0.001982
12:59:47.166,2.113593,12:59:47.166,42.736482,12:59:47.166,0.002311
12:59:47.167,2.046057,12:59:47.167,42.618294,12:59:47.167,0.002969
12:59:47.168,1.961637,12:59:47.168,42.635178,12:59:47.168,0.002969
12:59:47.169,1.860333,12:59:47.169,42.618294,12:59:47.169,0.001982
12:59:47.170,1.775913,12:59:47.170,42.85467,12:59:47.170,0.002311
12:59:47.171,1.725261,12:59:47.171,42.652062,12:59:47.171,0.002311
12:59:47.172,1.691493,12:59:47.172,42.584526,12:59:47.172,0.003297
12:59:47.173,1.573305,12:59:47.173,42.668946,12:59:47.173,0.003626
12:59:47.174,1.505769,12:59:47.174,42.736482,12:59:47.174,0.003955
12:59:47.175,1.455117,12:59:47.175,42.60141,12:59:47.175,0.002311
12:59:47.176,1.472001,12:59:47.176,42.51699,12:59:47.176,0.001982
12:59:47.177,1.438233,12:59:47.177,42.618294,12:59:47.177,0.003297
12:59:47.178,1.472001,12:59:47.178,42.719598,12:59:47.178,0.003297
12:59:47.179,1.505769,12:59:47.179,42.635178,12:59:47.179,0.004284
12:59:47.180,1.539537,12:59:47.180,42.60141,12:59:47.180,0.002969
12:59:47.181,1.607073,12:59:47.181,42.652062,12:59:47.181,0.003297
12:59:47.182,1.674609,12:59:47.182,42.618294,12:59:47.182,0.00264
12:59:47.183,1.792797,12:59:47.183,42.60141,12:59:47.183,0.001982
12:59:47.184,1.877217,12:59:47.184,42.533874,12:59:47.184,0.002311
12:59:47.185,1.944753,12:59:47.185,42.60141,12:59:47.185,0.001982
12:59:47.186,2.046057,12:59:47.186,42.668946,12:59:47.186,0.002969
12:59:47.187,2.147361,12:59:47.187,42.483222,12:59:47.187,0.00264
12:59:47.188,2.248665,12:59:47.188,42.533874,12:59:47.188,0.001982
12:59:47.189,2.265549,12:59:47.189,42.635178,12:59:47.189,0.003626
12:59:47.190,2.299317,12:59:47.190,42.60141,12:59:47.190,0.001982
12:59:47.191,2.333085,12:59:47.191,42.567642,12:59:47.191,0.001982
12:59:47.192,2.366853,12:59:47.192,42.466338,12:59:47.192,0.00264
12:59:47.193,2.349969,12:59:47.193,42.415686,12:59:47.193,0.002311
12:59:47.194,2.333085,12:59:47.194,42.550758,12:59:47.194,0.00264
12:59:47.195,2.333085,12:59:47.195,42.466338,12:59:47.195,0.00264
12:59:47.196,2.333085,12:59:47.196,42.415686,12:59:47.196,0.002311
12:59:47.197,2.147361,12:59:47.197,42.381918,12:59:47.197,0.00264
12:59:47.198,2.079825,12:59:47.198,42.449454,12:59:47.198,0.001982
12:59:47.199,2.079825,12:59:47.199,42.297498,12:59:47.199,0.001982
12:59:47.200,2.046057,12:59:47.200,42.246846,12:59:47.200,0.002311
12:59:47.201,1.944753,12:59:47.201,42.331266,12:59:47.201,0.004941
12:59:47.202,1.910985,12:59:47.202,42.34815,12:59:47.202,0.002311
12:59:47.203,1.826565,12:59:47.203,42.381918,12:59:47.203,0.002969
12:59:47.204,1.742145,12:59:47.204,42.196194,12:59:47.204,0.002969
12:59:47.205,1.708377,12:59:47.205,42.280614,12:59:47.205,0.002969
12:59:47.206,1.607073,12:59:47.206,42.415686,12:59:47.206,0.003955
12:59:47.207,1.539537,12:59:47.207,42.331266,12:59:47.207,0.002969
12:59:47.208,1.539537,12:59:47.208,42.297498,12:59:47.208,0.00264
12:59:47.209,1.556421,12:59:47.209,42.297498,12:59:47.209,0.001653
12:59:47.210,1.438233,12:59:47.210,42.43257,12:59:47.210,0.001982
12:59:47.211,1.505769,12:59:47.211,42.229962,12:59:47.211,0.002311
12:59:47.212,1.505769,12:59:47.212,42.213078,12:59:47.212,0.002969
12:59:47.213,1.539537,12:59:47.213,42.213078,12:59:47.213,0.002969
12:59:47.214,1.556421,12:59:47.214,42.331266,12:59:47.214,0.003626
12:59:47.215,1.640841,12:59:47.215,42.196194,12:59:47.215,0.002969
12:59:47.216,1.708377,12:59:47.216,42.17931,12:59:47.216,0.004941
12:59:47.217,1.725261,12:59:47.217,42.078006,12:59:47.217,0.002969
12:59:47.218,1.725261,12:59:47.218,42.297498,12:59:47.218,0.00264
12:59:47.219,1.826565,12:59:47.219,42.078006,12:59:47.219,0.00264
12:59:47.220,1.944753,12:59:47.220,42.128658,12:59:47.220,0.002969
12:59:47.221,2.029173,12:59:47.221,42.229962,12:59:47.221,0.002969
12:59:47.222,2.096709,12:59:47.222,42.246846,12:59:47.222,0.00264
12:59:47.223,2.198013,12:59:47.223,42.229962,12:59:47.223,0.003297
12:59:47.224,2.333085,12:59:47.224,42.196194,12:59:47.224,0.00264
12:59:47.225,2.417505,12:59:47.225,42.297498,12:59:47.225,0.006256
12:59:47.226,2.451273,12:59:47.226,42.331266,12:59:47.226,0.003297
12:59:47.227,2.485041,12:59:47.227,42.213078,12:59:47.227,0.003955
12:59:47.228,2.485041,12:59:47.228,42.17931,12:59:47.228,0.00264
12:59:47.229,2.552577,12:59:47.229,42.280614,12:59:47.229,0.003297
12:59:47.230,2.451273,12:59:47.230,42.314382,12:59:47.230,0.002969
12:59:47.231,2.518809,12:59:47.231,42.26373,12:59:47.231,0.002969
12:59:47.232,2.434389,12:59:47.232,42.128658,12:59:47.232,0.00264
12:59:47.233,2.383737,12:59:47.233,42.145542,12:59:47.233,0.003626
12:59:47.234,2.282433,12:59:47.234,42.229962,12:59:47.234,0.002969
12:59:47.235,2.231781,12:59:47.235,42.111774,12:59:47.235,0.004284
12:59:47.236,2.096709,12:59:47.236,42.09489,12:59:47.236,0.002311
12:59:47.237,2.062941,12:59:47.237,42.078006,12:59:47.237,0.00264
12:59:47.238,1.961637,12:59:47.238,42.061122,12:59:47.238,0.000338
12:59:47.239,1.978521,12:59:47.239,42.111774,12:59:47.239,0.002311
12:59:47.240,1.944753,12:59:47.240,41.993586,12:59:47.240,0.002311
12:59:47.241,1.877217,12:59:47.241,42.061122,12:59:47.241,0.00264
12:59:47.242,1.809681,12:59:47.242,42.09489,12:59:47.242,0.001653
12:59:47.243,1.809681,12:59:47.243,42.09489,12:59:47.243,0.00264
12:59:47.244,1.894101,12:59:47.244,41.993586,12:59:47.244,0.003955
12:59:47.245,1.961637,12:59:47.245,41.959818,12:59:47.245,0.00264
12:59:47.246,1.910985,12:59:47.246,42.196194,12:59:47.246,0.002969
12:59:47.247,1.944753,12:59:47.247,42.027354,12:59:47.247,0.001982
12:59:47.248,2.046057,12:59:47.248,41.993586,12:59:47.248,0.003297
12:59:47.249,2.062941,12:59:47.249,41.976702,12:59:47.249,0.00264
12:59:47.250,2.079825,12:59:47.250,42.09489,12:59:47.250,0.003297
12:59:47.251,2.046057,12:59:47.251,42.01047,12:59:47.251,0.002311
12:59:47.252,2.164245,12:59:47.252,41.976702,12:59:47.252,0.00264
12:59:47.253,2.316201,12:59:47.253,41.942934,12:59:47.253,0.004284
12:59:47.254,2.299317,12:59:47.254,41.909166,12:59:47.254,0.004284
12:59:47.255,2.349969,12:59:47.255,41.909166,12:59:47.255,0.005599
12:59:47.256,2.400621,12:59:47.256,41.858514,12:59:47.256,0.003297
12:59:47.257,2.417505,12:59:47.257,41.84163,12:59:47.257,0.003297
12:59:47.258,2.451273,12:59:47.258,41.959818,12:59:47.258,0.004284
12:59:47.259,2.485041,12:59:47.259,41.942934,12:59:47.259,0.002311
12:59:47.260,2.501925,12:59:47.260,41.824746,12:59:47.260,0.00264
12:59:47.261,2.569461,12:59:47.261,41.875398,12:59:47.261,0.003626
12:59:47.262,2.518809,12:59:47.262,42.061122,12:59:47.262,0.002311
12:59:47.263,2.518809,12:59:47.263,41.92605,12:59:47.263,0.002969
12:59:47.264,2.518809,12:59:47.264,41.959818,12:59:47.264,0.002311
12:59:47.265,2.552577,12:59:47.265,41.92605,12:59:47.265,0.001982
12:59:47.266,2.434389,12:59:47.266,41.909166,12:59:47.266,0.001325
12:59:47.267,2.349969,12:59:47.267,41.84163,12:59:47.267,0.002969
12:59:47.268,2.366853,12:59:47.268,41.84163,12:59:47.268,0.002969
12:59:47.269,2.316201,12:59:47.269,41.858514,12:59:47.269,0.002311
12:59:47.270,2.214897,12:59:47.270,41.942934,12:59:47.270,0.001653
12:59:47.271,2.164245,12:59:47.271,41.84163,12:59:47.271,0.002969
12:59:47.272,2.181129,12:59:47.272,41.723442,12:59:47.272,0.002311
12:59:47.273,1.995405,12:59:47.273,41.723442,12:59:47.273,0.002311
12:59:47.274,1.944753,12:59:47.274,41.740326,12:59:47.274,0.00264
12:59:47.275,1.877217,12:59:47.275,41.706558,12:59:47.275,0.001982
12:59:47.276,1.894101,12:59:47.276,41.605254,12:59:47.276,0.003297
12:59:47.277,1.809681,12:59:47.277,41.537719,12:59:47.277,0.002969
12:59:47.278,1.759029,12:59:47.278,41.639022,12:59:47.278,0.002311
12:59:47.279,1.742145,12:59:47.279,41.58837,12:59:47.279,0.003955
12:59:47.280,1.775913,12:59:47.280,41.58837,12:59:47.280,0.002311
12:59:47.281,1.792797,12:59:47.281,41.520835,12:59:47.281,0.003297
12:59:47.282,1.792797,12:59:47.282,41.571486,12:59:47.282,0.00264
12:59:47.283,1.792797,12:59:47.283,41.655906,12:59:47.283,0.001982
12:59:47.284,1.843449,12:59:47.284,41.571486,12:59:47.284,0.004284
12:59:47.285,1.927869,12:59:47.285,41.487067,12:59:47.285,0.001982
12:59:47.286,1.894101,12:59:47.286,41.605254,12:59:47.286,0.002969
12:59:47.287,1.944753,12:59:47.287,41.58837,12:59:47.287,0.002311
12:59:47.288,1.995405,12:59:47.288,41.487067,12:59:47.288,0.00264
12:59:47.289,1.995405,12:59:47.289,41.503951,12:59:47.289,0.001325
12:59:47.290,2.062941,12:59:47.290,41.520835,12:59:47.290,0.002311
12:59:47.291,2.046057,12:59:47.291,41.470183,12:59:47.291,0.003955
12:59:47.292,2.113593,12:59:47.292,41.419531,12:59:47.292,0.003297
12:59:47.293,2.113593,12:59:47.293,41.183155,12:59:47.293,0.002311
12:59:47.294,2.130477,12:59:47.294,41.250691,12:59:47.294,0.00264
12:59:47.295,2.130477,12:59:47.295,41.200039,12:59:47.295,0.002969
12:59:47.296,2.198013,12:59:47.296,41.031199,12:59:47.296,0.003626
12:59:47.297,2.147361,12:59:47.297,41.048083,12:59:47.297,0.002311
12:59:47.298,2.029173,12:59:47.298,41.098735,12:59:47.298,0.001653
12:59:47.299,2.079825,12:59:47.299,41.200039,12:59:47.299,0.001982
12:59:47.300,2.130477,12:59:47.300,41.014315,12:59:47.300,0.002969
12:59:47.301,2.079825,12:59:47.301,41.064967,12:59:47.301,0.00264
12:59:47.302,2.012289,12:59:47.302,41.166271,12:59:47.302,0.003626
12:59:47.303,1.910985,12:59:47.303,41.250691,12:59:47.303,0.002969
12:59:47.304,1.961637,12:59:47.304,41.166271,12:59:47.304,0.003297
12:59:47.305,1.927869,12:59:47.305,41.183155,12:59:47.305,0.002311
12:59:47.306,1.843449,12:59:47.306,41.183155,12:59:47.306,0.003297
12:59:47.307,1.725261,12:59:47.307,41.284459,12:59:47.307,0.002969
12:59:47.308,1.792797,12:59:47.308,41.132503,12:59:47.308,0.001653
12:59:47.309,1.691493,12:59:47.309,41.183155,12:59:47.309,0.003955
12:59:47.310,1.623957,12:59:47.310,41.183155,12:59:47.310,0.003626
12:59:47.311,1.607073,12:59:47.311,41.166271,12:59:47.311,0.002969
12:59:47.312,1.590189,12:59:47.312,41.014315,12:59:47.312,0.002311
12:59:47.313,1.573305,12:59:47.313,40.946779,12:59:47.313,0.00264
12:59:47.314,1.505769,12:59:47.314,40.963663,12:59:47.314,0.003297
12:59:47.315,1.472001,12:59:47.315,40.913011,12:59:47.315,0.003955
12:59:47.316,1.455117,12:59:47.316,40.828591,12:59:47.316,0.00264
12:59:47.317,1.488885,12:59:47.317,40.777939,12:59:47.317,0.003626
12:59:47.318,1.438233,12:59:47.318,40.828591,12:59:47.318,0.002311
12:59:47.319,1.404465,12:59:47.319,40.845475,12:59:47.319,0.003626
12:59:47.320,1.438233,12:59:47.320,40.777939,12:59:47.320,0.00264
12:59:47.321,1.522653,12:59:47.321,40.744171,12:59:47.321,0.001325
12:59:47.322,1.522653,12:59:47.322,40.811707,12:59:47.322,0.002311
12:59:47.323,1.472001,12:59:47.323,40.845475,12:59:47.323,0.002311
12:59:47.324,1.556421,12:59:47.324,40.676635,12:59:47.324,0.001982
12:59:47.325,1.573305,12:59:47.325,40.727287,12:59:47.325,0.003626
12:59:47.326,1.539537,12:59:47.326,40.794823,12:59:47.326,0.002311
12:59:47.327,1.539537,12:59:47.327,40.727287,12:59:47.327,0.003955
12:59:47.328,1.573305,12:59:47.328,40.676635,12:59:47.328,0.00264
12:59:47.329,1.623957,12:59:47.329,40.693519,12:59:47.329,0.00264
12:59:47.330,1.590189,12:59:47.330,40.727287,12:59:47.330,0.00264
12:59:47.331,1.556421,12:59:47.331,40.744171,12:59:47.331,0.002969
12:59:47.332,1.539537,12:59:47.332,40.727287,12:59:47.332,0.003626
12:59:47.333,1.488885,12:59:47.333,40.507795,12:59:47.333,0.001653
12:59:47.334,1.472001,12:59:47.334,40.659751,12:59:47.334,0.003297
12:59:47.335,1.421349,12:59:47.335,40.761055,12:59:47.335,0.002311
12:59:47.336,1.353813,12:59:47.336,40.558447,12:59:47.336,0.001653
12:59:47.337,1.421349,12:59:47.337,40.490911,12:59:47.337,0.003297
12:59:47.338,1.438233,12:59:47.338,40.524679,12:59:47.338,0.003297
12:59:47.339,1.387581,12:59:47.339,40.592215,12:59:47.339,0.001982
12:59:47.340,1.387581,12:59:47.340,40.524679,12:59:47.340,0.003626
12:59:47.341,1.404465,12:59:47.341,40.507795,12:59:47.341,0.001982
12:59:47.342,1.336929,12:59:47.342,40.507795,12:59:47.342,0.00264
12:59:47.343,1.303161,12:59:47.343,40.558447,12:59:47.343,0.00264
12:59:47.344,1.320045,12:59:47.344,40.490911,12:59:47.344,0.000996
12:59:47.345,1.336929,12:59:47.345,40.474027,12:59:47.345,0.002311
12:59:47.346,1.370697,12:59:47.346,40.457143,12:59:47.346,0.002969
12:59:47.347,1.303161,12:59:47.347,40.541563,12:59:47.347,0.002311
12:59:47.348,1.353813,12:59:47.348,40.524679,12:59:47.348,0.003626
12:59:47.349,1.336929,12:59:47.349,40.474027,12:59:47.349,0.002311
12:59:47.350,1.336929,12:59:47.350,40.541563,12:59:47.350,0.003626
12:59:47.351,1.269393,12:59:47.351,40.524679,12:59:47.351,0.00264
12:59:47.352,1.370697,12:59:47.352,40.457143,12:59:47.352,0.002311
12:59:47.353,1.387581,12:59:47.353,40.423375,12:59:47.353,0.003955
12:59:47.354,1.421349,12:59:47.354,40.423375,12:59:47.354,0.001982
12:59:47.355,1.387581,12:59:47.355,40.507795,12:59:47.355,0.004941
12:59:47.356,1.370697,12:59:47.356,40.457143,12:59:47.356,0.002969
12:59:47.357,1.438233,12:59:47.357,40.288303,12:59:47.357,0.00264
12:59:47.358,1.421349,12:59:47.358,40.338955,12:59:47.358,0.002311
12:59:47.359,1.472001,12:59:47.359,40.440259,12:59:47.359,0.002969
12:59:47.360,1.488885,12:59:47.360,40.305187,12:59:47.360,0.003297
12:59:47.361,1.522653,12:59:47.361,40.338955,12:59:47.361,0.004284
12:59:47.362,1.488885,12:59:47.362,40.338955,12:59:47.362,0.00264
12:59:47.363,1.522653,12:59:47.363,40.372723,12:59:47.363,0.002969
12:59:47.364,1.522653,12:59:47.364,40.288303,12:59:47.364,0.00264
12:59:47.365,1.539537,12:59:47.365,40.490911,12:59:47.365,0.003297
12:59:47.366,1.590189,12:59:47.366,40.389607,12:59:47.366,0.00264
12:59:47.367,1.590189,12:59:47.367,40.440259,12:59:47.367,0.003297
12:59:47.368,1.539537,12:59:47.368,40.338955,12:59:47.368,0.00264
12:59:47.369,1.556421,12:59:47.369,40.322071,12:59:47.369,0.001982
12:59:47.370,1.556421,12:59:47.370,40.389607,12:59:47.370,0.002311
12:59:47.371,1.472001,12:59:47.371,40.507795,12:59:47.371,0.003955
12:59:47.372,1.438233,12:59:47.372,40.440259,12:59:47.372,0.003297
12:59:47.373,1.488885,12:59:47.373,40.322071,12:59:47.373,0.002969
12:59:47.374,1.438233,12:59:47.374,40.271419,12:59:47.374,0.002969
12:59:47.375,1.370697,12:59:47.375,40.288303,12:59:47.375,0.001982
12:59:47.376,1.336929,12:59:47.376,40.237651,12:59:47.376,0.00264
12:59:47.377,1.320045,12:59:47.377,40.288303,12:59:47.377,0.001982
12:59:47.378,1.303161,12:59:47.378,40.237651,12:59:47.378,0.003626
12:59:47.379,1.303161,12:59:47.379,40.271419,12:59:47.379,0.003955
12:59:47.380,1.303161,12:59:47.380,40.254535,12:59:47.380,0.001653
12:59:47.381,1.336929,12:59:47.381,40.254535,12:59:47.381,0.00264
12:59:47.382,1.353813,12:59:47.382,40.220767,12:59:47.382,0.002311
12:59:47.383,1.353813,12:59:47.383,40.406491,12:59:47.383,0.003297
12:59:47.384,1.404465,12:59:47.384,40.288303,12:59:47.384,0.002311
12:59:47.385,1.404465,12:59:47.385,40.203883,12:59:47.385,0.001653
12:59:47.386,1.438233,12:59:47.386,40.271419,12:59:47.386,0.002969
12:59:47.387,1.438233,12:59:47.387,40.322071,12:59:47.387,0.003626
12:59:47.388,1.505769,12:59:47.388,40.271419,12:59:47.388,0.00264
12:59:47.389,1.539537,12:59:47.389,40.203883,12:59:47.389,0.003297
12:59:47.390,1.556421,12:59:47.390,40.186999,12:59:47.390,0.002311
12:59:47.391,1.640841,12:59:47.391,40.288303,12:59:47.391,0.00264
12:59:47.392,1.623957,12:59:47.392,40.186999,12:59:47.392,0.00264
12:59:47.393,1.640841,12:59:47.393,40.119463,12:59:47.393,0.001982
12:59:47.394,1.725261,12:59:47.394,40.170115,12:59:47.394,0.00264
12:59:47.395,1.691493,12:59:47.395,40.220767,12:59:47.395,0.003297
12:59:47.396,1.742145,12:59:47.396,40.153231,12:59:47.396,0.00264
12:59:47.397,1.691493,12:59:47.397,40.136347,12:59:47.397,0.003955
12:59:47.398,1.759029,12:59:47.398,40.136347,12:59:47.398,0.002311
12:59:47.399,1.742145,12:59:47.399,40.170115,12:59:47.399,0.004612
12:59:47.400,1.708377,12:59:47.400,40.085695,12:59:47.400,0.003955
12:59:47.401,1.742145,12:59:47.401,40.068811,12:59:47.401,0.003955
12:59:47.402,1.792797,12:59:47.402,40.085695,12:59:47.402,0.003626
12:59:47.403,1.674609,12:59:47.403,40.153231,12:59:47.403,0.001325
12:59:47.404,1.691493,12:59:47.404,40.051927,12:59:47.404,0.002969
12:59:47.405,1.691493,12:59:47.405,40.119463,12:59:47.405,0.002969
12:59:47.406,1.742145,12:59:47.406,40.051927,12:59:47.406,0.002311
12:59:47.407,1.708377,12:59:47.407,40.102579,12:59:47.407,0.002311
12:59:47.408,1.674609,12:59:47.408,40.136347,12:59:47.408,0.00264
12:59:47.409,1.640841,12:59:47.409,40.018159,12:59:47.409,0.003626
12:59:47.410,1.674609,12:59:47.410,40.051927,12:59:47.410,0.003297
12:59:47.411,1.607073,12:59:47.411,40.102579,12:59:47.411,0.003297
12:59:47.412,1.607073,12:59:47.412,40.102579,12:59:47.412,0.00264
12:59:47.413,1.640841,12:59:47.413,40.068811,12:59:47.413,0.003626
12:59:47.414,1.522653,12:59:47.414,40.035043,12:59:47.414,0.002311
12:59:47.415,1.505769,12:59:47.415,40.001275,12:59:47.415,0.00264
12:59:47.416,1.556421,12:59:47.416,40.035043,12:59:47.416,0.001325
12:59:47.417,1.522653,12:59:47.417,39.832435,12:59:47.417,0.002311
12:59:47.418,1.539537,12:59:47.418,39.899971,12:59:47.418,0.001653
12:59:47.419,1.488885,12:59:47.419,39.984391,12:59:47.419,0.001653
12:59:47.420,1.539537,12:59:47.420,39.899971,12:59:47.420,0.004284
12:59:47.421,1.640841,12:59:47.421,39.832435,12:59:47.421,0.002311
12:59:47.422,1.607073,12:59:47.422,39.832435,12:59:47.422,0.003955
12:59:47.423,1.640841,12:59:47.423,39.899971,12:59:47.423,0.002969
12:59:47.424,1.640841,12:59:47.424,39.916855,12:59:47.424,0.001982
12:59:47.425,1.742145,12:59:47.425,39.916855,12:59:47.425,0.003955
12:59:47.426,1.725261,12:59:47.426,39.866203,12:59:47.426,0.001653
12:59:47.427,1.759029,12:59:47.427,39.815551,12:59:47.427,0.003626
12:59:47.428,1.792797,12:59:47.428,39.832435,12:59:47.428,0.003297
12:59:47.429,1.792797,12:59:47.429,39.697363,12:59:47.429,0.002311
12:59:47.430,1.809681,12:59:47.430,39.764899,12:59:47.430,0.001982
12:59:47.431,1.759029,12:59:47.431,39.866203,12:59:47.431,0.00264
12:59:47.432,1.759029,12:59:47.432,39.697363,12:59:47.432,0.00264
12:59:47.433,1.809681,12:59:47.433,39.629827,12:59:47.433,0.00264
12:59:47.434,1.792797,12:59:47.434,39.612943,12:59:47.434,0.00264
12:59:47.435,1.775913,12:59:47.435,39.562291,12:59:47.435,0.002969
12:59:47.436,1.742145,12:59:47.436,39.562291,12:59:47.436,0.002969
12:59:47.437,1.826565,12:59:47.437,39.42722,12:59:47.437,0.003297
12:59:47.438,1.725261,12:59:47.438,39.292148,12:59:47.438,0.00264
12:59:47.439,1.674609,12:59:47.439,39.528523,12:59:47.439,0.001325
12:59:47.440,1.742145,12:59:47.440,39.579175,12:59:47.440,0.002311
12:59:47.441,1.742145,12:59:47.441,39.359684,12:59:47.441,0.002969
12:59:47.442,1.708377,12:59:47.442,39.325916,12:59:47.442,0.001653
12:59:47.443,1.607073,12:59:47.443,39.494756,12:59:47.443,0.003955
12:59:47.444,1.623957,12:59:47.444,39.545407,12:59:47.444,0.00264
12:59:47.445,1.708377,12:59:47.445,39.3428,12:59:47.445,0.003297
12:59:47.446,1.674609,12:59:47.446,39.325916,12:59:47.446,0.00264
12:59:47.447,1.640841,12:59:47.447,39.528523,12:59:47.447,0.001982
12:59:47.448,1.573305,12:59:47.448,39.612943,12:59:47.448,0.003626
12:59:47.449,1.657725,12:59:47.449,39.444104,12:59:47.449,0.002311
12:59:47.450,1.640841,12:59:47.450,39.3428,12:59:47.450,0.004284
12:59:47.451,1.590189,12:59:47.451,39.393452,12:59:47.451,0.003297
12:59:47.452,1.539537,12:59:47.452,39.410336,12:59:47.452,0.001325
12:59:47.453,1.590189,12:59:47.453,39.359684,12:59:47.453,0.003297
12:59:47.454,1.505769,12:59:47.454,39.359684,12:59:47.454,0.002311
12:59:47.455,1.505769,12:59:47.455,39.325916,12:59:47.455,0.003626
12:59:47.456,1.573305,12:59:47.456,39.275264,12:59:47.456,0.001653
12:59:47.457,1.488885,12:59:47.457,39.275264,12:59:47.457,0.002311
12:59:47.458,1.522653,12:59:47.458,39.224612,12:59:47.458,0.003297
12:59:47.459,1.472001,12:59:47.459,39.292148,12:59:47.459,0.003955
12:59:47.460,1.505769,12:59:47.460,39.292148,12:59:47.460,0.003626
12:59:47.461,1.522653,12:59:47.461,39.17396,12:59:47.461,0.002969
12:59:47.462,1.539537,12:59:47.462,39.224612,12:59:47.462,0.002969
12:59:47.463,1.556421,12:59:47.463,39.325916,12:59:47.463,0.002969
12:59:47.464,1.539537,12:59:47.464,39.224612,12:59:47.464,0.002969
12:59:47.465,1.522653,12:59:47.465,39.157076,12:59:47.465,0.000996
12:59:47.466,1.607073,12:59:47.466,39.106424,12:59:47.466,0.00264
12:59:47.467,1.556421,12:59:47.467,39.157076,12:59:47.467,0.002311
12:59:47.468,1.607073,12:59:47.468,39.140192,12:59:47.468,0.002311
12:59:47.469,1.607073,12:59:47.469,39.123308,12:59:47.469,0.003955
12:59:47.470,1.573305,12:59:47.470,39.140192,12:59:47.470,0.00264
12:59:47.471,1.539537,12:59:47.471,39.055772,12:59:47.471,0.003955
12:59:47.472,1.522653,12:59:47.472,39.17396,12:59:47.472,0.00264
12:59:47.473,1.539537,12:59:47.473,39.08954,12:59:47.473,0.002311
12:59:47.474,1.505769,12:59:47.474,39.022004,12:59:47.474,0.003626
12:59:47.475,1.505769,12:59:47.475,39.00512,12:59:47.475,0.002311
12:59:47.476,1.421349,12:59:47.476,39.08954,12:59:47.476,0.004941
12:59:47.477,1.438233,12:59:47.477,38.971352,12:59:47.477,0.003297
12:59:47.478,1.387581,12:59:47.478,38.9207,12:59:47.478,0.002969
12:59:47.479,1.320045,12:59:47.479,38.971352,12:59:47.479,0.002311
12:59:47.480,1.336929,12:59:47.480,38.988236,12:59:47.480,0.003955
12:59:47.481,1.370697,12:59:47.481,38.971352,12:59:47.481,0.00264
12:59:47.482,1.320045,12:59:47.482,38.937584,12:59:47.482,0.002969
12:59:47.483,1.353813,12:59:47.483,38.971352,12:59:47.483,0.003626
12:59:47.484,1.336929,12:59:47.484,39.055772,12:59:47.484,0.002311
12:59:47.485,1.404465,12:59:47.485,38.937584,12:59:47.485,0.002969
12:59:47.486,1.404465,12:59:47.486,38.9207,12:59:47.486,0.002311
12:59:47.487,1.320045,12:59:47.487,38.988236,12:59:47.487,0.003626
12:59:47.488,1.404465,12:59:47.488,39.055772,12:59:47.488,0.002969
12:59:47.489,1.336929,12:59:47.489,38.954468,12:59:47.489,0.001653
12:59:47.490,1.404465,12:59:47.490,38.9207,12:59:47.490,0.002969
12:59:47.491,1.370697,12:59:47.491,38.903816,12:59:47.491,0.003297
12:59:47.492,1.303161,12:59:47.492,39.022004,12:59:47.492,0.002969
12:59:47.493,1.353813,12:59:47.493,38.75186,12:59:47.493,0.002311
12:59:47.494,1.370697,12:59:47.494,38.75186,12:59:47.494,0.004284
12:59:47.495,1.353813,12:59:47.495,38.718092,12:59:47.495,0.002969
12:59:47.496,1.303161,12:59:47.496,38.886932,12:59:47.496,0.003297
12:59:47.497,1.303161,12:59:47.497,38.83628,12:59:47.497,0.002311
12:59:47.498,1.320045,12:59:47.498,38.768744,12:59:47.498,0.00264
12:59:47.499,1.269393,12:59:47.499,38.785628,12:59:47.499,0.002311
12:59:47.500,1.320045,12:59:47.500,38.83628,12:59:47.500,0.00264
12:59:47.501,1.286277,12:59:47.501,38.802512,12:59:47.501,0.003626
12:59:47.502,1.336929,12:59:47.502,38.684324,12:59:47.502,0.00264
12:59:47.503,1.353813,12:59:47.503,38.802512,12:59:47.503,0.004284
12:59:47.504,1.370697,12:59:47.504,38.853164,12:59:47.504,0.001653
12:59:47.505,1.370697,12:59:47.505,38.802512,12:59:47.505,0.00264
12:59:47.506,1.370697,12:59:47.506,38.718092,12:59:47.506,0.001982
12:59:47.507,1.286277,12:59:47.507,38.886932,12:59:47.507,0.002311
12:59:47.508,1.286277,12:59:47.508,38.903816,12:59:47.508,0.003297
12:59:47.509,1.353813,12:59:47.509,38.718092,12:59:47.509,0.00264
12:59:47.510,1.286277,12:59:47.510,38.83628,12:59:47.510,0.00264
12:59:47.511,1.353813,12:59:47.511,38.819396,12:59:47.511,0.002311
12:59:47.512,1.320045,12:59:47.512,38.802512,12:59:47.512,0.003297
12:59:47.513,1.320045,12:59:47.513,38.768744,12:59:47.513,0.002311
12:59:47.514,1.320045,12:59:47.514,38.701208,12:59:47.514,0.00264
12:59:47.515,1.303161,12:59:47.515,38.684324,12:59:47.515,0.003297
12:59:47.516,1.269393,12:59:47.516,38.734976,12:59:47.516,0.002311
12:59:47.517,1.320045,12:59:47.517,38.650556,12:59:47.517,0.003297
12:59:47.518,1.201857,12:59:47.518,38.650556,12:59:47.518,0.002311
12:59:47.519,1.286277,12:59:47.519,38.58302,12:59:47.519,0.001982
12:59:47.520,1.235625,12:59:47.520,38.701208,12:59:47.520,0.002311
12:59:47.521,1.286277,12:59:47.521,38.650556,12:59:47.521,0.001653
12:59:47.522,1.353813,12:59:47.522,38.58302,12:59:47.522,0.002969
12:59:47.523,1.320045,12:59:47.523,38.633672,12:59:47.523,0.002969
12:59:47.524,1.353813,12:59:47.524,38.75186,12:59:47.524,0.003626
12:59:47.525,1.353813,12:59:47.525,38.66744,12:59:47.525,0.003297
12:59:47.526,1.370697,12:59:47.526,38.58302,12:59:47.526,0.00264
12:59:47.527,1.370697,12:59:47.527,38.66744,12:59:47.527,0.002969
12:59:47.528,1.387581,12:59:47.528,38.734976,12:59:47.528,0.003297
12:59:47.529,1.353813,12:59:47.529,38.684324,12:59:47.529,0.003955
12:59:47.530,1.336929,12:59:47.530,38.718092,12:59:47.530,0.002311
12:59:47.531,1.438233,12:59:47.531,38.566136,12:59:47.531,0.002311
12:59:47.532,1.404465,12:59:47.532,38.633672,12:59:47.532,0.00264
12:59:47.533,1.353813,12:59:47.533,38.616788,12:59:47.533,0.002311
12:59:47.534,1.438233,12:59:47.534,38.566136,12:59:47.534,0.004284
12:59:47.535,1.370697,12:59:47.535,38.532368,12:59:47.535,0.00264
12:59:47.536,1.303161,12:59:47.536,38.532368,12:59:47.536,0.003297
12:59:47.537,1.336929,12:59:47.537,38.431064,12:59:47.537,0.001982
12:59:47.538,1.353813,12:59:47.538,38.532368,12:59:47.538,0.002969
12:59:47.539,1.370697,12:59:47.539,38.397296,12:59:47.539,0.00264
12:59:47.540,1.370697,12:59:47.540,38.4986,12:59:47.540,0.002969
12:59:47.541,1.370697,12:59:47.541,38.4986,12:59:47.541,0.003297
12:59:47.542,1.370697,12:59:47.542,38.431064,12:59:47.542,0.003626
12:59:47.543,1.438233,12:59:47.543,38.41418,12:59:47.543,0.002311
12:59:47.544,1.438233,12:59:47.544,38.515484,12:59:47.544,0.003626
12:59:47.545,1.472001,12:59:47.545,38.515484,12:59:47.545,0.003297
12:59:47.546,1.505769,12:59:47.546,38.41418,12:59:47.546,0.003626
12:59:47.547,1.472001,12:59:47.547,38.397296,12:59:47.547,0.003955
12:59:47.548,1.505769,12:59:47.548,38.464832,12:59:47.548,0.002969
12:59:47.549,1.455117,12:59:47.549,38.464832,12:59:47.549,0.002969
12:59:47.550,1.522653,12:59:47.550,38.363528,12:59:47.550,0.001653
12:59:47.551,1.488885,12:59:47.551,38.447948,12:59:47.551,0.001325
12:59:47.552,1.522653,12:59:47.552,38.397296,12:59:47.552,0.003297
12:59:47.553,1.488885,12:59:47.553,38.397296,12:59:47.553,0.003297
12:59:47.554,1.505769,12:59:47.554,38.262224,12:59:47.554,0.002969
12:59:47.555,1.539537,12:59:47.555,38.279108,12:59:47.555,0.002969
12:59:47.556,1.488885,12:59:47.556,38.211572,12:59:47.556,0.002969
12:59:47.557,1.556421,12:59:47.557,38.295992,12:59:47.557,0.002311
12:59:47.558,1.505769,12:59:47.558,38.211572,12:59:47.558,0.002311
12:59:47.559,1.539537,12:59:47.559,38.262224,12:59:47.559,0.003297
12:59:47.560,1.488885,12:59:47.560,38.24534,12:59:47.560,0.002311
12:59:47.561,1.488885,12:59:47.561,38.295992,12:59:47.561,0.002969
12:59:47.562,1.472001,12:59:47.562,38.194688,12:59:47.562,0.00264
12:59:47.563,1.556421,12:59:47.563,38.16092,12:59:47.563,0.002311
12:59:47.564,1.556421,12:59:47.564,38.211572,12:59:47.564,0.002311
12:59:47.565,1.522653,12:59:47.565,38.127152,12:59:47.565,0.003297
12:59:47.566,1.590189,12:59:47.566,38.194688,12:59:47.566,0.002311
12:59:47.567,1.607073,12:59:47.567,38.059616,12:59:47.567,0.002969
12:59:47.568,1.556421,12:59:47.568,38.177804,12:59:47.568,0.002969
12:59:47.569,1.556421,12:59:47.569,38.16092,12:59:47.569,0.003955
12:59:47.570,1.674609,12:59:47.570,38.194688,12:59:47.570,0.002311
12:59:47.571,1.573305,12:59:47.571,38.093384,12:59:47.571,0.003297
12:59:47.572,1.657725,12:59:47.572,38.194688,12:59:47.572,0.003297
12:59:47.573,1.556421,12:59:47.573,38.093384,12:59:47.573,0.003955
12:59:47.574,1.623957,12:59:47.574,38.042732,12:59:47.574,0.003297
12:59:47.575,1.657725,12:59:47.575,38.008964,12:59:47.575,0.002969
12:59:47.576,1.607073,12:59:47.576,38.059616,12:59:47.576,0.002969
12:59:47.577,1.623957,12:59:47.577,37.958312,12:59:47.577,0.002311
12:59:47.578,1.657725,12:59:47.578,37.840124,12:59:47.578,0.00264
12:59:47.579,1.657725,12:59:47.579,37.772588,12:59:47.579,0.002969
12:59:47.580,1.607073,12:59:47.580,37.975196,12:59:47.580,0.004284
12:59:47.581,1.657725,12:59:47.581,37.924544,12:59:47.581,0.003955
12:59:47.582,1.725261,12:59:47.582,37.755704,12:59:47.582,0.002311
12:59:47.583,1.775913,12:59:47.583,37.840124,12:59:47.583,0.004284
12:59:47.584,1.674609,12:59:47.584,37.873892,12:59:47.584,0.001982
12:59:47.585,1.674609,12:59:47.585,37.90766,12:59:47.585,0.003955
12:59:47.586,1.742145,12:59:47.586,37.688168,12:59:47.586,0.00264
12:59:47.587,1.691493,12:59:47.587,37.755704,12:59:47.587,0.001982
12:59:47.588,1.640841,12:59:47.588,37.873892,12:59:47.588,0.003297
12:59:47.589,1.657725,12:59:47.589,37.890776,12:59:47.589,0.00264
12:59:47.590,1.708377,12:59:47.590,37.755704,12:59:47.590,0.003626
12:59:47.591,1.640841,12:59:47.591,37.806356,12:59:47.591,0.001653
12:59:47.592,1.607073,12:59:47.592,37.90766,12:59:47.592,0.002969
12:59:47.593,1.573305,12:59:47.593,37.840124,12:59:47.593,0.001982
12:59:47.594,1.522653,12:59:47.594,37.82324,12:59:47.594,0.002311
12:59:47.595,1.539537,12:59:47.595,37.789472,12:59:47.595,0.002311
12:59:47.596,1.472001,12:59:47.596,37.789472,12:59:47.596,0.001982
12:59:47.597,1.455117,12:59:47.597,37.772588,12:59:47.597,0.001653
12:59:47.598,1.472001,12:59:47.598,37.73882,12:59:47.598,0.002969
12:59:47.599,1.472001,12:59:47.599,37.73882,12:59:47.599,0.001653
12:59:47.600,1.438233,12:59:47.600,37.705052,12:59:47.600,0.002311
12:59:47.601,1.438233,12:59:47.601,37.73882,12:59:47.601,0.00264
12:59:47.602,1.539537,12:59:47.602,37.755704,12:59:47.602,0.002311
12:59:47.603,1.522653,12:59:47.603,37.671284,12:59:47.603,0.003297
12:59:47.604,1.455117,12:59:47.604,37.772588,12:59:47.604,0.00264
12:59:47.605,1.522653,12:59:47.605,37.721936,12:59:47.605,0.003297
12:59:47.606,1.556421,12:59:47.606,37.721936,12:59:47.606,0.00264
12:59:47.607,1.607073,12:59:47.607,37.637516,12:59:47.607,0.002311
12:59:47.608,1.590189,12:59:47.608,37.705052,12:59:47.608,0.002311
12:59:47.609,1.556421,12:59:47.609,37.82324,12:59:47.609,0.00264
12:59:47.610,1.623957,12:59:47.610,37.688168,12:59:47.610,0.003297
12:59:47.611,1.623957,12:59:47.611,37.637516,12:59:47.611,0.004612
12:59:47.612,1.640841,12:59:47.612,37.705052,12:59:47.612,0.004284
12:59:47.613,1.573305,12:59:47.613,37.671284,12:59:47.613,0.003955
12:59:47.614,1.674609,12:59:47.614,37.553096,12:59:47.614,0.000667
12:59:47.615,1.640841,12:59:47.615,37.56998,12:59:47.615,0.003297
12:59:47.616,1.657725,12:59:47.616,37.519328,12:59:47.616,0.003955
12:59:47.617,1.640841,12:59:47.617,37.553096,12:59:47.617,0.002311
12:59:47.618,1.573305,12:59:47.618,37.451792,12:59:47.618,0.002311
12:59:47.619,1.573305,12:59:47.619,37.434908,12:59:47.619,0.001325
12:59:47.620,1.590189,12:59:47.620,37.56998,12:59:47.620,0.003297
12:59:47.621,1.539537,12:59:47.621,37.603748,12:59:47.621,0.001325
12:59:47.622,1.556421,12:59:47.622,37.553096,12:59:47.622,0.001325
12:59:47.623,1.590189,12:59:47.623,37.48556,12:59:47.623,0.00264
12:59:47.624,1.573305,12:59:47.624,37.502444,12:59:47.624,0.00264
12:59:47.625,1.539537,12:59:47.625,37.637516,12:59:47.625,0.002311
12:59:47.626,1.505769,12:59:47.626,37.48556,12:59:47.626,0.001325
12:59:47.627,1.522653,12:59:47.627,37.502444,12:59:47.627,0.002311
12:59:47.628,1.505769,12:59:47.628,37.468676,12:59:47.628,0.001653
12:59:47.629,1.387581,12:59:47.629,37.434908,12:59:47.629,0.00264
12:59:47.630,1.404465,12:59:47.630,37.48556,12:59:47.630,0.00264
12:59:47.631,1.488885,12:59:47.631,37.468676,12:59:47.631,0.001653
12:59:47.632,1.387581,12:59:47.632,37.434908,12:59:47.632,0.001982
12:59:47.633,1.387581,12:59:47.633,37.502444,12:59:47.633,0.001653
12:59:47.634,1.404465,12:59:47.634,37.350489,12:59:47.634,0.002311
12:59:47.635,1.320045,12:59:47.635,37.299837,12:59:47.635,0.003626
12:59:47.636,1.320045,12:59:47.636,37.316721,12:59:47.636,0.001653
12:59:47.637,1.370697,12:59:47.637,37.333605,12:59:47.637,0.002969
12:59:47.638,1.404465,12:59:47.638,37.282953,12:59:47.638,0.001653
12:59:47.639,1.370697,12:59:47.639,37.266069,12:59:47.639,0.002969
12:59:47.640,1.404465,12:59:47.640,37.333605,12:59:47.640,0.003297
12:59:47.641,1.370697,12:59:47.641,37.384256,12:59:47.641,0.00264
12:59:47.642,1.404465,12:59:47.642,37.299837,12:59:47.642,0.001653
12:59:47.643,1.472001,12:59:47.643,37.282953,12:59:47.643,0.004284
12:59:47.644,1.421349,12:59:47.644,37.316721,12:59:47.644,0.003297
12:59:47.645,1.488885,12:59:47.645,37.333605,12:59:47.645,0.003297
12:59:47.646,1.556421,12:59:47.646,37.299837,12:59:47.646,0.002969
12:59:47.647,1.539537,12:59:47.647,37.266069,12:59:47.647,0.002969
12:59:47.648,1.539537,12:59:47.648,37.266069,12:59:47.648,0.001325
12:59:47.649,1.505769,12:59:47.649,37.333605,12:59:47.649,0.002969
12:59:47.650,1.488885,12:59:47.650,37.266069,12:59:47.650,0.002969
12:59:47.651,1.505769,12:59:47.651,37.181649,12:59:47.651,0.002311
12:59:47.652,1.488885,12:59:47.652,37.316721,12:59:47.652,0.00264
12:59:47.653,1.438233,12:59:47.653,37.350489,12:59:47.653,0.001982
12:59:47.654,1.438233,12:59:47.654,37.316721,12:59:47.654,0.00264
12:59:47.655,1.421349,12:59:47.655,37.147881,12:59:47.655,0.00264
12:59:47.656,1.370697,12:59:47.656,37.147881,12:59:47.656,0.004612
12:59:47.657,1.387581,12:59:47.657,37.198533,12:59:47.657,0.00264
12:59:47.658,1.336929,12:59:47.658,37.130997,12:59:47.658,0.002311
12:59:47.659,1.387581,12:59:47.659,37.097229,12:59:47.659,0.002311
12:59:47.660,1.370697,12:59:47.660,37.046577,12:59:47.660,0.003626
12:59:47.661,1.303161,12:59:47.661,37.215417,12:59:47.661,0.00264
12:59:47.662,1.320045,12:59:47.662,37.130997,12:59:47.662,0.00264
12:59:47.663,1.455117,12:59:47.663,37.046577,12:59:47.663,0.001325
12:59:47.664,1.353813,12:59:47.664,37.097229,12:59:47.664,0.003297
12:59:47.665,1.370697,12:59:47.665,37.181649,12:59:47.665,0.002311
12:59:47.666,1.353813,12:59:47.666,37.029693,12:59:47.666,0.002311
12:59:47.667,1.387581,12:59:47.667,36.995925,12:59:47.667,0.001982
12:59:47.668,1.336929,12:59:47.668,37.029693,12:59:47.668,0.002969
12:59:47.669,1.370697,12:59:47.669,37.114113,12:59:47.669,0.00264
12:59:47.670,1.353813,12:59:47.670,37.080345,12:59:47.670,0.002969
12:59:47.671,1.438233,12:59:47.671,37.029693,12:59:47.671,0.002969
12:59:47.672,1.404465,12:59:47.672,37.080345,12:59:47.672,0.002311
12:59:47.673,1.387581,12:59:47.673,37.114113,12:59:47.673,0.001653
12:59:47.674,1.404465,12:59:47.674,37.012809,12:59:47.674,0.002311
12:59:47.675,1.421349,12:59:47.675,36.877737,12:59:47.675,0.002969
12:59:47.676,1.438233,12:59:47.676,36.860853,12:59:47.676,0.002311
12:59:47.677,1.421349,12:59:47.677,36.928389,12:59:47.677,0.002311
12:59:47.678,1.404465,12:59:47.678,36.894621,12:59:47.678,0.00264
12:59:47.679,1.455117,12:59:47.679,36.911505,12:59:47.679,0.001653
12:59:47.680,1.404465,12:59:47.680,36.827085,12:59:47.680,0.00264
12:59:47.681,1.488885,12:59:47.681,36.979041,12:59:47.681,0.00264
12:59:47.682,1.404465,12:59:47.682,36.911505,12:59:47.682,0.002969
12:59:47.683,1.488885,12:59:47.683,36.860853,12:59:47.683,0.00264
12:59:47.684,1.488885,12:59:47.684,36.877737,12:59:47.684,0.003626
12:59:47.685,1.488885,12:59:47.685,37.012809,12:59:47.685,0.002969
12:59:47.686,1.556421,12:59:47.686,36.995925,12:59:47.686,0.002311
12:59:47.687,1.522653,12:59:47.687,36.810201,12:59:47.687,0.003297
12:59:47.688,1.573305,12:59:47.688,36.945273,12:59:47.688,0.002969
12:59:47.689,1.522653,12:59:47.689,36.928389,12:59:47.689,0.00264
12:59:47.690,1.472001,12:59:47.690,36.843969,12:59:47.690,0.00264
12:59:47.691,1.505769,12:59:47.691,36.928389,12:59:47.691,0.003626
12:59:47.692,1.488885,12:59:47.692,36.877737,12:59:47.692,0.003955
12:59:47.693,1.438233,12:59:47.693,36.810201,12:59:47.693,0.00264
12:59:47.694,1.455117,12:59:47.694,36.793317,12:59:47.694,0.001982
12:59:47.695,1.438233,12:59:47.695,36.692013,12:59:47.695,0.002969
12:59:47.696,1.404465,12:59:47.696,36.742665,12:59:47.696,0.00264
12:59:47.697,1.404465,12:59:47.697,36.675129,12:59:47.697,0.003626
12:59:47.698,1.404465,12:59:47.698,36.725781,12:59:47.698,0.003297
12:59:47.699,1.404465,12:59:47.699,36.708897,12:59:47.699,0.00264
12:59:47.700,1.488885,12:59:47.700,36.742665,12:59:47.700,0.002311
12:59:47.701,1.370697,12:59:47.701,36.742665,12:59:47.701,0.00264
12:59:47.702,1.438233,12:59:47.702,36.759549,12:59:47.702,0.003626
12:59:47.703,1.488885,12:59:47.703,36.708897,12:59:47.703,0.00264
12:59:47.704,1.505769,12:59:47.704,36.675129,12:59:47.704,0.003297
12:59:47.705,1.488885,12:59:47.705,36.708897,12:59:47.705,0.003626
12:59:47.706,1.556421,12:59:47.706,36.725781,12:59:47.706,0.002969
12:59:47.707,1.556421,12:59:47.707,36.607593,12:59:47.707,0.003297
12:59:47.708,1.573305,12:59:47.708,36.708897,12:59:47.708,0.002969
12:59:47.709,1.539537,12:59:47.709,36.776433,12:59:47.709,0.002969
12:59:47.710,1.607073,12:59:47.710,36.692013,12:59:47.710,0.00527
12:59:47.711,1.590189,12:59:47.711,36.624477,12:59:47.711,0.001653
12:59:47.712,1.607073,12:59:47.712,36.556941,12:59:47.712,0.002969
12:59:47.713,1.539537,12:59:47.713,36.540057,12:59:47.713,0.003297
12:59:47.714,1.539537,12:59:47.714,36.607593,12:59:47.714,0.002969
12:59:47.715,1.623957,12:59:47.715,36.489405,12:59:47.715,0.003955
12:59:47.716,1.607073,12:59:47.716,36.540057,12:59:47.716,0.003297
12:59:47.717,1.539537,12:59:47.717,36.590709,12:59:47.717,0.003626
12:59:47.718,1.539537,12:59:47.718,36.506289,12:59:47.718,0.00264
12:59:47.719,1.573305,12:59:47.719,36.506289,12:59:47.719,0.002311
12:59:47.720,1.590189,12:59:47.720,36.421869,12:59:47.720,0.002311
12:59:47.721,1.573305,12:59:47.721,36.489405,12:59:47.721,0.001982
12:59:47.722,1.590189,12:59:47.722,36.489405,12:59:47.722,0.00264
12:59:47.723,1.657725,12:59:47.723,36.404985,12:59:47.723,0.003297
12:59:47.724,1.657725,12:59:47.724,36.371217,12:59:47.724,0.002969
12:59:47.725,1.691493,12:59:47.725,36.388101,12:59:47.725,0.001653
12:59:47.726,1.623957,12:59:47.726,36.438753,12:59:47.726,0.003297
12:59:47.727,1.640841,12:59:47.727,36.388101,12:59:47.727,0.003297
12:59:47.728,1.674609,12:59:47.728,36.354333,12:59:47.728,0.001653
12:59:47.729,1.640841,12:59:47.729,36.388101,12:59:47.729,0.00264
12:59:47.730,1.607073,12:59:47.730,36.438753,12:59:47.730,0.002311
12:59:47.731,1.708377,12:59:47.731,36.303681,12:59:47.731,0.003297
12:59:47.732,1.691493,12:59:47.732,36.303681,12:59:47.732,0.00264
12:59:47.733,1.640841,12:59:47.733,36.388101,12:59:47.733,0.003626
12:59:47.734,1.623957,12:59:47.734,36.388101,12:59:47.734,0.003297
12:59:47.735,1.640841,12:59:47.735,36.286797,12:59:47.735,0.00264
12:59:47.736,1.623957,12:59:47.736,36.236145,12:59:47.736,0.002969
12:59:47.737,1.623957,12:59:47.737,36.337449,12:59:47.737,0.002311
12:59:47.738,1.505769,12:59:47.738,36.404985,12:59:47.738,0.003626
12:59:47.739,1.556421,12:59:47.739,36.354333,12:59:47.739,0.00264
12:59:47.740,1.590189,12:59:47.740,36.286797,12:59:47.740,0.001653
12:59:47.741,1.556421,12:59:47.741,36.320565,12:59:47.741,0.002969
12:59:47.742,1.623957,12:59:47.742,36.404985,12:59:47.742,0.002311
12:59:47.743,1.640841,12:59:47.743,36.236145,12:59:47.743,0.00264
12:59:47.744,1.657725,12:59:47.744,36.236145,12:59:47.744,0.002311
12:59:47.745,1.640841,12:59:47.745,36.269913,12:59:47.745,0.004284
12:59:47.746,1.674609,12:59:47.746,36.388101,12:59:47.746,0.003297
12:59:47.747,1.674609,12:59:47.747,36.269913,12:59:47.747,0.00264
12:59:47.748,1.674609,12:59:47.748,36.320565,12:59:47.748,0.001982
12:59:47.749,1.759029,12:59:47.749,36.286797,12:59:47.749,0.002311
12:59:47.750,1.657725,12:59:47.750,36.354333,12:59:47.750,0.00264
12:59:47.751,1.674609,12:59:47.751,36.269913,12:59:47.751,0.19696
12:59:47.752,1.691493,12:59:47.752,36.236145,12:59:47.752,4.317789
12:59:47.753,1.657725,12:59:47.753,36.236145,12:59:47.753,5.789815
12:59:47.754,1.640841,12:59:47.754,36.202377,12:59:47.754,5.795076
12:59:47.755,1.607073,12:59:47.755,36.134841,12:59:47.755,5.802638
12:59:47.756,1.674609,12:59:47.756,36.185493,12:59:47.756,5.81842
12:59:47.757,1.623957,12:59:47.757,36.084189,12:59:47.757,5.839135
12:59:47.758,1.590189,12:59:47.758,36.185493,12:59:47.758,5.8513
12:59:47.759,1.573305,12:59:47.759,36.067305,12:59:47.759,5.865767
12:59:47.760,1.556421,12:59:47.760,36.050421,12:59:47.760,5.871028
12:59:47.761,1.556421,12:59:47.761,36.117957,12:59:47.761,5.877933
12:59:47.762,1.556421,12:59:47.762,36.117957,12:59:47.762,5.894701
12:59:47.763,1.657725,12:59:47.763,36.067305,12:59:47.763,5.896345
12:59:47.764,1.877217,12:59:47.764,36.084189,12:59:47.764,5.821051
12:59:47.765,2.147361,12:59:47.765,36.117957,12:59:47.765,5.830915
12:59:47.766,2.552577,12:59:47.766,36.253029,12:59:47.766,5.838806
12:59:47.767,3.41366,12:59:47.767,36.117957,12:59:47.767,5.877933
12:59:47.768,5.642348,12:59:47.768,36.134841,12:59:47.768,5.937774
12:59:47.769,9.069799,12:59:47.769,36.084189,12:59:47.769,5.931855
12:59:47.770,12.784278,12:59:47.770,36.185493,12:59:47.770,5.923307
12:59:47.771,16.85332,12:59:47.771,36.050421,12:59:47.771,5.914429
12:59:47.772,21.378231,12:59:47.772,36.033537,12:59:47.772,5.883522
12:59:47.773,26.004445,12:59:47.773,35.966001,12:59:47.773,5.853931
12:59:47.774,30.664427,12:59:47.774,36.033537,12:59:47.774,5.84308
12:59:47.775,35.493249,12:59:47.775,35.949117,12:59:47.775,5.840121
12:59:47.776,40.676635,12:59:47.776,35.830929,12:59:47.776,5.882207
12:59:47.777,46.02886,12:59:47.777,35.881581,12:59:47.777,5.921334
12:59:47.778,51.668113,12:59:47.778,35.932233,12:59:47.778,5.921334
12:59:47.779,57.222946,12:59:47.779,35.830929,12:59:47.779,5.915744
12:59:47.780,62.389446,12:59:47.780,35.864697,12:59:47.780,5.91147
12:59:47.781,67.252035,12:59:47.781,35.780277,12:59:47.781,5.912128
12:59:47.782,71.962667,12:59:47.782,35.966001,12:59:47.782,5.91147
12:59:47.783,76.33562,12:59:47.783,35.949117,12:59:47.783,5.889112
12:59:47.784,79.864373,12:59:47.784,35.949117,12:59:47.784,5.84308
12:59:47.785,80.843644,12:59:47.785,35.982885,12:59:47.785,5.845711
12:59:47.786,79.205897,12:59:47.786,36.185493,12:59:47.786,5.863466
12:59:47.787,76.031708,12:59:47.787,36.151725,12:59:47.787,5.889769
12:59:47.788,71.574335,12:59:47.788,36.219261,12:59:47.788,5.934486
12:59:47.789,65.4961,12:59:47.789,36.168609,12:59:47.789,5.943363
12:59:47.790,60.836119,12:59:47.790,36.269913,12:59:47.790,5.913772
12:59:47.791,56.378746,12:59:47.791,36.101073,12:59:47.791,5.909168
12:59:47.792,49.591382,12:59:47.792,36.050421,12:59:47.792,5.895688
12:59:47.793,42.280614,12:59:47.793,35.982885,12:59:47.793,5.906538
12:59:47.794,36.303681,12:59:47.794,36.084189,12:59:47.794,5.839463
12:59:47.795,31.930727,12:59:47.795,36.050421,12:59:47.795,5.815461
12:59:47.796,29.769576,12:59:47.796,36.016653,12:59:47.796,5.805926
12:59:47.797,29.263056,12:59:47.797,36.033537,12:59:47.797,5.804282
12:59:47.798,30.799499,12:59:47.798,36.219261,12:59:47.798,5.820722
12:59:47.799,34.074994,12:59:47.799,36.185493,12:59:47.799,5.863137
12:59:47.800,38.464832,12:59:47.800,36.236145,12:59:47.800,5.887139
12:59:47.801,43.817057,12:59:47.801,36.337449,12:59:47.801,5.893386
12:59:47.802,49.473194,12:59:47.802,36.506289,12:59:47.802,5.884509
12:59:47.803,54.825419,12:59:47.803,36.708897,12:59:47.803,5.876946
12:59:47.804,59.586704,12:59:47.804,36.793317,12:59:47.804,5.879248
12:59:47.805,63.402486,12:59:47.805,36.810201,12:59:47.805,5.880563
12:59:47.806,65.935084,12:59:47.806,36.979041,12:59:47.806,5.877604
12:59:47.807,67.083195,12:59:47.807,36.995925,12:59:47.807,5.870699
12:59:47.808,67.65725,12:59:47.808,37.114113,12:59:47.808,5.862808
12:59:47.809,67.336455,12:59:47.809,37.097229,12:59:47.809,5.822366
12:59:47.810,66.424719,12:59:47.810,37.181649,12:59:47.810,5.776006
12:59:47.811,64.584365,12:59:47.811,37.012809,12:59:47.811,5.7885
12:59:47.812,62.592054,12:59:47.812,36.945273,12:59:47.812,5.800337
12:59:47.813,60.3296,12:59:47.813,37.012809,12:59:47.813,5.808228
12:59:47.814,57.712581,12:59:47.814,36.962157,12:59:47.814,5.83486
12:59:47.815,54.572159,12:59:47.815,36.860853,12:59:47.815,5.888125
12:59:47.816,51.364201,12:59:47.816,37.029693,12:59:47.816,5.878919
12:59:47.817,48.662763,12:59:47.817,37.130997,12:59:47.817,5.863137
12:59:47.818,46.467844,12:59:47.818,37.553096,12:59:47.818,5.8513
12:59:47.819,44.745677,12:59:47.819,37.840124,12:59:47.819,5.852615
12:59:47.820,44.120969,12:59:47.820,38.110268,12:59:47.820,5.850971
12:59:47.821,44.644373,12:59:47.821,38.515484,12:59:47.821,5.844395
12:59:47.822,46.265236,12:59:47.822,38.971352,12:59:47.822,5.832888
12:59:47.823,48.932907,12:59:47.823,39.190844,12:59:47.823,5.8296
12:59:47.824,52.275937,12:59:47.824,39.292148,12:59:47.824,5.821051
12:59:47.825,55.686503,12:59:47.825,39.376568,12:59:47.825,5.819736
12:59:47.826,58.995765,12:59:47.826,39.477872,12:59:47.826,5.836504
12:59:47.827,61.562131,12:59:47.827,39.42722,12:59:47.827,5.784554
12:59:47.828,63.318066,12:59:47.828,39.376568,12:59:47.828,5.750359
12:59:47.829,63.588209,12:59:47.829,39.275264,12:59:47.829,5.756935
12:59:47.830,63.16611,12:59:47.830,39.359684,12:59:47.830,5.754963
12:59:47.831,62.811546,12:59:47.831,39.444104,12:59:47.831,5.761867
12:59:47.832,62.001115,12:59:47.832,39.562291,12:59:47.832,5.779622
12:59:47.833,59.890616,12:59:47.833,39.899971,12:59:47.833,5.778636
12:59:47.834,56.851498,12:59:47.834,40.389607,12:59:47.834,5.845053
12:59:47.835,53.660424,12:59:47.835,41.064967,12:59:47.835,5.869384
12:59:47.836,50.655074,12:59:47.836,41.942934,12:59:47.836,5.858862
12:59:47.837,47.852331,12:59:47.837,42.85467,12:59:47.837,5.858862
12:59:47.838,45.589876,12:59:47.838,43.884593,12:59:47.838,5.850314
12:59:47.839,44.188505,12:59:47.839,44.509301,12:59:47.839,5.842751
12:59:47.840,44.120969,12:59:47.840,44.897633,12:59:47.840,5.846697
12:59:47.841,45.69118,12:59:47.841,45.117125,12:59:47.841,5.852615
12:59:47.842,48.071823,12:59:47.842,45.421037,12:59:47.842,5.855575
12:59:47.843,51.026521,12:59:47.843,45.454805,12:59:47.843,5.857547
12:59:47.844,53.64354,12:59:47.844,44.880749,12:59:47.844,5.819407
12:59:47.845,56.632006,12:59:47.845,44.256041,12:59:47.845,5.809872
12:59:47.846,59.0633,12:59:47.846,43.36119,12:59:47.846,5.820064
12:59:47.847,60.363368,12:59:47.847,42.652062,12:59:47.847,1.29449
12:59:47.848,60.717931,12:59:47.848,41.67279,12:59:47.848,0.999229
12:59:47.849,59.99192,12:59:47.849,41.487067,12:59:47.849,0.787482
12:59:47.850,58.134681,12:59:47.850,42.044238,12:59:47.850,0.545158
12:59:47.851,54.909839,12:59:47.851,43.209234,12:59:47.851,0.300531
12:59:47.852,51.566809,12:59:47.852,44.424881,12:59:47.852,0.070701
12:59:47.853,48.628995,12:59:47.853,45.505456,12:59:47.853,-0.062791
12:59:47.854,46.02886,12:59:47.854,46.36654,12:59:47.854,-0.101918
12:59:47.855,44.205389,12:59:47.855,47.075668,12:59:47.855,-0.115399
12:59:47.856,43.19235,12:59:47.856,47.565303,12:59:47.856,-0.108823
12:59:47.857,42.533874,12:59:47.857,48.173127,12:59:47.857,-0.089095
12:59:47.858,43.226118,12:59:47.858,48.662763,12:59:47.858,-0.06575
12:59:47.859,44.745677,12:59:47.859,49.219934,12:59:47.859,-0.03846
12:59:47.860,46.096396,12:59:47.860,49.219934,12:59:47.860,-0.006567
12:59:47.861,46.467844,12:59:47.861,48.325083,12:59:47.861,0.005599
12:59:47.862,47.413347,12:59:47.862,47.430231,12:59:47.862,0.003626
12:59:47.863,47.565303,12:59:47.863,46.28212,12:59:47.863,0.001653
12:59:47.864,45.995092,12:59:47.864,45.437921,12:59:47.864,0.003297
12:59:47.865,43.209234,12:59:47.865,44.965169,12:59:47.865,0.00264
12:59:47.866,39.3428,12:59:47.866,45.218429,12:59:47.866,0.001325
12:59:47.867,34.969846,12:59:47.867,46.02886,12:59:47.867,0.001982
12:59:47.868,30.985223,12:59:47.868,46.721104,12:59:47.868,0.00264
12:59:47.869,28.233132,12:59:47.869,47.328928,12:59:47.869,0.002311
12:59:47.870,25.970677,12:59:47.870,48.088707,12:59:47.870,0.00264
12:59:47.871,24.83945,12:59:47.871,48.797835,12:59:47.871,0.00264
12:59:47.872,24.33293,12:59:47.872,49.28747,12:59:47.872,0.00264
12:59:47.873,24.518654,12:59:47.873,49.70957,12:59:47.873,0.002969
12:59:47.874,25.210898,12:59:47.874,49.996598,12:59:47.874,0.000996
12:59:47.875,25.987561,12:59:47.875,50.030366,12:59:47.875,0.001653
12:59:47.876,26.882413,12:59:47.876,49.760222,12:59:47.876,0.002311
12:59:47.877,28.621464,12:59:47.877,49.490078,12:59:47.877,0.003297
12:59:47.878,30.03972,12:59:47.878,48.899139,12:59:47.878,0.002311
12:59:47.879,31.761887,12:59:47.879,48.240663,12:59:47.879,0.001982
12:59:47.880,32.926882,12:59:47.880,47.632839,12:59:47.880,0.001982
12:59:47.881,33.230794,12:59:47.881,47.463999,12:59:47.881,0.002311
12:59:47.882,32.656739,12:59:47.882,47.278276,12:59:47.882,0.001653
12:59:47.883,31.289135,12:59:47.883,47.143204,12:59:47.883,0.00264
12:59:47.884,29.077332,12:59:47.884,47.514651,12:59:47.884,0.00264
12:59:47.885,26.055097,12:59:47.885,48.274431,12:59:47.885,0.001982
12:59:47.886,22.830254,12:59:47.886,49.017327,12:59:47.886,0.00264
12:59:47.887,19.757368,12:59:47.887,49.692686,12:59:47.887,0.00264
12:59:47.888,17.207884,12:59:47.888,50.030366,12:59:47.888,0.00264
12:59:47.889,15.114269,12:59:47.889,50.232974,12:59:47.889,0.002969
12:59:47.890,13.51029,12:59:47.890,50.334278,12:59:47.890,0.002969
12:59:47.891,12.682974,12:59:47.891,50.351162,12:59:47.891,0.001982
12:59:47.892,12.395946,12:59:47.892,50.081018,12:59:47.892,0.002311
12:59:47.893,12.699858,12:59:47.893,49.912178,12:59:47.893,0.001653
12:59:47.894,13.51029,12:59:47.894,49.658918,12:59:47.894,0.003626
12:59:47.895,14.489561,12:59:47.895,49.28747,12:59:47.895,0.001982
12:59:47.896,15.654557,12:59:47.896,48.713415,12:59:47.896,0.002311
12:59:47.897,17.005276,12:59:47.897,48.240663,12:59:47.897,0.004612
12:59:47.898,18.153388,12:59:47.898,48.021171,12:59:47.898,0.002969
12:59:47.899,19.149544,12:59:47.899,48.105591,12:59:47.899,0.00264
12:59:47.900,19.520992,12:59:47.900,48.190011,12:59:47.900,0.001325
12:59:47.901,19.706716,12:59:47.901,48.578343,12:59:47.901,0.002311
12:59:47.902,19.369036,12:59:47.902,48.949791,12:59:47.902,0.00264
12:59:47.903,18.896284,12:59:47.903,49.388774,12:59:47.903,0.002311
12:59:47.904,18.220924,12:59:47.904,49.405658,12:59:47.904,0.002311
12:59:47.905,17.393608,12:59:47.905,49.253702,12:59:47.905,0.00264
12:59:47.906,16.667597,12:59:47.906,49.051095,12:59:47.906,0.002969
12:59:47.907,16.059773,12:59:47.907,48.797835,12:59:47.907,0.00264
12:59:47.908,15.181805,12:59:47.908,48.443271,12:59:47.908,0.001982
12:59:47.909,13.442754,12:59:47.909,48.206895,12:59:47.909,0.001982
12:59:47.910,9.103567,12:59:47.910,48.021171,12:59:47.910,0.002311
12:59:47.911,3.261704,12:59:47.911,47.784795,12:59:47.911,0.002969
12:59:47.912,-1.296975,12:59:47.912,47.615955,12:59:47.912,0.002311
12:59:47.913,-3.187982,12:59:47.913,47.666607,12:59:47.913,0.001982
12:59:47.914,-3.373706,12:59:47.914,47.818563,12:59:47.914,0.00264
12:59:47.915,-3.424358,12:59:47.915,48.088707,12:59:47.915,0.001982
12:59:47.916,-3.39059,12:59:47.916,48.257547,12:59:47.916,0.001982
12:59:47.917,-3.424358,12:59:47.917,48.797835,12:59:47.917,0.002969
12:59:47.918,-3.424358,12:59:47.918,49.304354,12:59:47.918,0.001982
12:59:47.919,-3.424358,12:59:47.919,49.726454,12:59:47.919,0.002969
12:59:47.920,-3.424358,12:59:47.920,49.777106,12:59:47.920,0.003626
12:59:47.921,-3.424358,12:59:47.921,49.658918,12:59:47.921,0.002311
12:59:47.922,-3.424358,12:59:47.922,49.439426,12:59:47.922,0.00264
12:59:47.923,-3.407474,12:59:47.923,49.051095,12:59:47.923,0.002311
12:59:47.924,-3.39059,12:59:47.924,48.426387,12:59:47.924,0.003955
12:59:47.925,-3.373706,12:59:47.925,48.021171,12:59:47.925,0.002311
12:59:47.926,-3.272402,12:59:47.926,47.582187,12:59:47.926,0.002311
12:59:47.927,-2.259362,12:59:47.927,47.160088,12:59:47.927,0.003297
12:59:47.928,0.931713,12:59:47.928,46.721104,12:59:47.928,0.003297
12:59:47.929,4.882568,12:59:47.929,46.45096,12:59:47.929,0.001325
12:59:47.930,8.428207,12:59:47.930,46.28212,12:59:47.930,0.003297
12:59:47.931,12.007614,12:59:47.931,46.332772,12:59:47.931,0.003626
12:59:47.932,15.249341,12:59:47.932,46.484728,12:59:47.932,0.004284
12:59:47.933,17.86636,12:59:47.933,46.721104,12:59:47.933,0.00264
12:59:47.934,20.095047,12:59:47.934,47.12632,12:59:47.934,0.002969
12:59:47.935,21.563955,12:59:47.935,47.548419,12:59:47.935,0.00264
12:59:47.936,22.576995,12:59:47.936,47.751027,12:59:47.936,0.000996
12:59:47.937,23.167934,12:59:47.937,47.767911,12:59:47.937,0.002969
12:59:47.938,23.100398,12:59:47.938,47.852331,12:59:47.938,0.003626
12:59:47.939,22.273083,12:59:47.939,47.767911,12:59:47.939,0.002311
12:59:47.940,20.787291,12:59:47.940,47.683491,12:59:47.940,0.003955
12:59:47.941,19.031356,12:59:47.941,47.514651,12:59:47.941,0.002969
12:59:47.942,16.920856,12:59:47.942,47.227624,12:59:47.942,0.002969
12:59:47.943,14.590865,12:59:47.943,46.974364,12:59:47.943,0.002311
12:59:47.944,11.838774,12:59:47.944,46.6198,12:59:47.944,0.003297
12:59:47.945,9.120451,12:59:47.945,46.231468,12:59:47.945,0.00264
12:59:47.946,6.165752,12:59:47.946,46.02886,12:59:47.946,0.00264
12:59:47.947,3.109748,12:59:47.947,45.927556,12:59:47.947,0.002969
12:59:47.948,0.340773,12:59:47.948,45.809368,12:59:47.948,0.002311
12:59:47.949,-1.634654,12:59:47.949,45.809368,12:59:47.949,0.002969
12:59:47.950,-2.782766,12:59:47.950,45.792484,12:59:47.950,0.002969
12:59:47.951,-3.171098,12:59:47.951,46.045744,12:59:47.951,0.003297
12:59:47.952,-3.30617,12:59:47.952,46.062628,12:59:47.952,0.002969
12:59:47.953,-3.356822,12:59:47.953,45.978208,12:59:47.953,0.00264
12:59:47.954,-3.356822,12:59:47.954,46.011976,12:59:47.954,0.003297
12:59:47.955,-3.39059,12:59:47.955,46.130164,12:59:47.955,0.003297
12:59:47.956,-3.356822,12:59:47.956,45.94444,12:59:47.956,0.003297
12:59:47.957,-3.339938,12:59:47.957,45.724948,12:59:47.957,0.001982
12:59:47.958,-3.30617,12:59:47.958,45.640528,12:59:47.958,0.002311
12:59:47.959,-3.22175,12:59:47.959,45.52234,12:59:47.959,0.004612
12:59:47.960,-2.88407,12:59:47.960,45.252197,12:59:47.960,0.004941
12:59:47.961,-1.95545,12:59:47.961,44.982053,12:59:47.961,0.002311
12:59:47.962,-0.486543,12:59:47.962,44.678141,12:59:47.962,0.001653
12:59:47.963,1.235625,12:59:47.963,44.610605,12:59:47.963,0.003297
12:59:47.964,3.025328,12:59:47.964,44.678141,12:59:47.964,0.001653
12:59:47.965,4.798148,12:59:47.965,44.509301,12:59:47.965,0.00264
12:59:47.966,6.520316,12:59:47.966,44.509301,12:59:47.966,0.00264
12:59:47.967,8.225599,12:59:47.967,44.762561,12:59:47.967,0.003626
12:59:47.968,9.508783,12:59:47.968,44.796329,12:59:47.968,0.003297
12:59:47.969,10.38675,12:59:47.969,44.661257,12:59:47.969,0.002969
12:59:47.970,11.636166,12:59:47.970,44.695025,12:59:47.970,0.00264
12:59:47.971,12.176454,12:59:47.971,44.695025,12:59:47.971,0.00264
12:59:47.972,11.973846,12:59:47.972,44.644373,12:59:47.972,0.00264
12:59:47.973,11.889426,12:59:47.973,44.424881,12:59:47.973,0.002969
12:59:47.974,11.433558,12:59:47.974,44.289809,12:59:47.974,0.002969
12:59:47.975,10.673778,12:59:47.975,44.272925,12:59:47.975,0.003955
12:59:47.976,9.913999,12:59:47.976,44.019665,12:59:47.976,0.002311
12:59:47.977,8.613931,12:59:47.977,43.850825,12:59:47.977,0.001653
12:59:47.978,7.145023,12:59:47.978,43.681985,12:59:47.978,0.002969
12:59:47.979,5.794304,12:59:47.979,43.681985,12:59:47.979,0.002969
12:59:47.980,4.392932,12:59:47.980,43.698869,12:59:47.980,0.001653
12:59:47.981,3.278588,12:59:47.981,43.648217,12:59:47.981,0.001653
12:59:47.982,2.164245,12:59:47.982,43.681985,12:59:47.982,0.00264
12:59:47.983,1.016133,12:59:47.983,44.002781,12:59:47.983,0.003297
12:59:47.984,0.155049,12:59:47.984,44.171621,12:59:47.984,0.002311
12:59:47.985,-0.452775,12:59:47.985,44.154737,12:59:47.985,0.002969
12:59:47.986,-1.161903,12:59:47.986,44.239157,12:59:47.986,0.001982
12:59:47.987,-1.584002,12:59:47.987,44.424881,12:59:47.987,0.00264
12:59:47.988,-1.735958,12:59:47.988,44.458649,12:59:47.988,0.00264
12:59:47.989,-1.651538,12:59:47.989,44.239157,12:59:47.989,0.003297
12:59:47.990,-1.584002,12:59:47.990,44.256041,12:59:47.990,0.00264
12:59:47.991,-1.53335,12:59:47.991,44.087201,12:59:47.991,0.003297
12:59:47.992,-1.432047,12:59:47.992,43.969013,12:59:47.992,0.001653
12:59:47.993,-1.094367,12:59:47.993,43.698869,12:59:47.993,0.003297
12:59:47.994,-0.587847,12:59:47.994,43.732637,12:59:47.994,0.001653
12:59:47.995,-0.081327,12:59:47.995,43.580681,12:59:47.995,0.003297
12:59:47.996,0.594033,12:59:47.996,43.580681,12:59:47.996,0.001653
12:59:47.997,1.438233,12:59:47.997,43.428726,12:59:47.997,0.002969
12:59:47.998,2.282433,12:59:47.998,43.479378,12:59:47.998,0.002311
12:59:47.999,3.092864,12:59:47.999,43.665101,12:59:47.999,0.003626
12:59:48.000,3.801992,12:59:48.000,43.749521,12:59:48.000,0.002969
12:59:48.001,4.207208,12:59:48.001,43.817057,12:59:48.001,0.001982
12:59:48.002,4.528004,12:59:48.002,43.901477,12:59:48.002,0.001653
12:59:48.003,4.815032,12:59:48.003,44.104085,12:59:48.003,0.001653
12:59:48.004,5.051408,12:59:48.004,44.087201,12:59:48.004,0.00264
12:59:48.005,5.169596,12:59:48.005,44.002781,12:59:48.005,0.00264
12:59:48.006,5.18648,12:59:48.006,43.850825,12:59:48.006,0.001982
12:59:48.007,5.085176,12:59:48.007,43.783289,12:59:48.007,0.001325
12:59:48.008,4.916336,12:59:48.008,43.715753,12:59:48.008,0.00264
12:59:48.009,4.544888,12:59:48.009,43.715753,12:59:48.009,0.00264
12:59:48.010,4.224092,12:59:48.010,43.53003,12:59:48.010,0.002311
12:59:48.011,3.768224,12:59:48.011,43.580681,12:59:48.011,0.003297
12:59:48.012,3.396776,12:59:48.012,43.513146,12:59:48.012,0.00264
12:59:48.013,3.042212,12:59:48.013,43.259886,12:59:48.013,0.00264
12:59:48.014,2.670765,12:59:48.014,43.310538,12:59:48.014,0.00264
12:59:48.015,2.231781,12:59:48.015,43.462494,12:59:48.015,0.001982
12:59:48.016,1.877217,12:59:48.016,43.665101,12:59:48.016,0.002311
12:59:48.017,1.607073,12:59:48.017,43.648217,12:59:48.017,0.00264
12:59:48.018,1.303161,12:59:48.018,43.715753,12:59:48.018,0.00264
12:59:48.019,0.830409,12:59:48.019,43.935245,12:59:48.019,0.00264
12:59:48.020,0.610917,12:59:48.020,44.053433,12:59:48.020,0.003626
12:59:48.021,0.475845,12:59:48.021,43.850825,12:59:48.021,0.001982
12:59:48.022,0.408309,12:59:48.022,43.850825,12:59:48.022,0.002311
12:59:48.023,0.357657,12:59:48.023,44.036549,12:59:48.023,0.004284
12:59:48.024,0.425193,12:59:48.024,44.053433,12:59:48.024,0.003626
12:59:48.025,0.644685,12:59:48.025,43.749521,12:59:48.025,0.002969
12:59:48.026,0.847293,12:59:48.026,43.698869,12:59:48.026,0.002311
12:59:48.027,1.066785,12:59:48.027,43.800173,12:59:48.027,0.00264
12:59:48.028,1.320045,12:59:48.028,43.935245,12:59:48.028,0.003297
12:59:48.029,1.607073,12:59:48.029,43.783289,12:59:48.029,0.002969
12:59:48.030,1.894101,12:59:48.030,43.985897,12:59:48.030,0.003626
12:59:48.031,2.147361,12:59:48.031,44.070317,12:59:48.031,0.003955
12:59:48.032,2.501925,12:59:48.032,44.306693,12:59:48.032,0.002311
12:59:48.033,2.788952,12:59:48.033,44.154737,12:59:48.033,0.000996
12:59:48.034,3.126632,12:59:48.034,44.340461,12:59:48.034,0.003297
12:59:48.035,3.396776,12:59:48.035,44.526185,12:59:48.035,0.003626
12:59:48.036,3.5825,12:59:48.036,44.526185,12:59:48.036,0.002969
12:59:48.037,3.785108,12:59:48.037,44.559953,12:59:48.037,0.004284
12:59:48.038,3.886412,12:59:48.038,44.492417,12:59:48.038,0.003626
12:59:48.039,3.886412,12:59:48.039,44.357345,12:59:48.039,0.002311
12:59:48.040,3.903296,12:59:48.040,44.458649,12:59:48.040,0.000996
12:59:48.041,3.953948,12:59:48.041,44.239157,12:59:48.041,0.001982
12:59:48.042,3.886412,12:59:48.042,44.120969,12:59:48.042,0.004941
12:59:48.043,3.852644,12:59:48.043,44.070317,12:59:48.043,0.002969
12:59:48.044,3.717572,12:59:48.044,44.087201,12:59:48.044,0.003626
12:59:48.045,3.633152,12:59:48.045,43.918361,12:59:48.045,0.002311
12:59:48.046,3.481196,12:59:48.046,43.884593,12:59:48.046,0.002969
12:59:48.047,3.278588,12:59:48.047,43.985897,12:59:48.047,0.002969
12:59:48.048,3.059096,12:59:48.048,43.969013,12:59:48.048,0.001982
12:59:48.049,2.839604,12:59:48.049,43.985897,12:59:48.049,0.003297
12:59:48.050,2.755184,12:59:48.050,44.104085,12:59:48.050,0.003297
12:59:48.051,2.468157,12:59:48.051,44.205389,12:59:48.051,0.003297
12:59:48.052,2.333085,12:59:48.052,44.391113,12:59:48.052,0.003297
12:59:48.053,2.113593,12:59:48.053,44.374229,12:59:48.053,0.003297
12:59:48.054,2.012289,12:59:48.054,44.424881,12:59:48.054,0.003297
12:59:48.055,1.894101,12:59:48.055,44.492417,12:59:48.055,0.00264
12:59:48.056,1.674609,12:59:48.056,44.492417,12:59:48.056,0.002969
12:59:48.057,1.657725,12:59:48.057,44.374229,12:59:48.057,0.002311
12:59:48.058,1.691493,12:59:48.058,44.323577,12:59:48.058,0.002969
12:59:48.059,1.657725,12:59:48.059,44.289809,12:59:48.059,0.00527
12:59:48.060,1.607073,12:59:48.060,44.340461,12:59:48.060,0.00264
12:59:48.061,1.691493,12:59:48.061,44.272925,12:59:48.061,0.003297
12:59:48.062,1.792797,12:59:48.062,44.205389,12:59:48.062,0.003297
12:59:48.063,1.894101,12:59:48.063,44.188505,12:59:48.063,0.002969
12:59:48.064,1.927869,12:59:48.064,44.188505,12:59:48.064,0.00264
12:59:48.065,2.130477,12:59:48.065,44.256041,12:59:48.065,0.003297
12:59:48.066,2.231781,12:59:48.066,44.239157,12:59:48.066,0.00264
12:59:48.067,2.417505,12:59:48.067,44.171621,12:59:48.067,0.004284
12:59:48.068,2.569461,12:59:48.068,44.323577,12:59:48.068,0.002969
12:59:48.069,2.788952,12:59:48.069,44.272925,12:59:48.069,0.003297
12:59:48.070,2.890256,12:59:48.070,44.289809,12:59:48.070,0.001982
12:59:48.071,3.092864,12:59:48.071,44.289809,12:59:48.071,0.003626
12:59:48.072,3.211052,12:59:48.072,44.424881,12:59:48.072,0.00264
12:59:48.073,3.41366,12:59:48.073,44.256041,12:59:48.073,0.004284
12:59:48.074,3.531848,12:59:48.074,44.239157,12:59:48.074,0.001982
12:59:48.075,3.683804,12:59:48.075,44.171621,12:59:48.075,0.002969
12:59:48.076,3.734456,12:59:48.076,44.154737,12:59:48.076,0.003297
12:59:48.077,3.785108,12:59:48.077,44.070317,12:59:48.077,0.003297
12:59:48.078,3.869528,12:59:48.078,44.002781,12:59:48.078,0.002969
12:59:48.079,3.768224,12:59:48.079,43.918361,12:59:48.079,0.003297
12:59:48.080,3.734456,12:59:48.080,43.952129,12:59:48.080,0.003626
12:59:48.081,3.785108,12:59:48.081,43.884593,12:59:48.081,0.002311
12:59:48.082,3.700688,12:59:48.082,43.817057,12:59:48.082,0.004284
12:59:48.083,3.633152,12:59:48.083,43.766405,12:59:48.083,0.001653
12:59:48.084,3.5825,12:59:48.084,43.766405,12:59:48.084,0.002969
12:59:48.085,3.481196,12:59:48.085,43.749521,12:59:48.085,0.002969
12:59:48.086,3.379892,12:59:48.086,43.648217,12:59:48.086,0.002311
12:59:48.087,3.379892,12:59:48.087,43.648217,12:59:48.087,0.003297
12:59:48.088,3.227936,12:59:48.088,43.766405,12:59:48.088,0.002311
12:59:48.089,2.99156,12:59:48.089,43.614449,12:59:48.089,0.003297
12:59:48.090,2.890256,12:59:48.090,43.597565,12:59:48.090,0.003297
12:59:48.091,2.721416,12:59:48.091,43.681985,12:59:48.091,0.002311
12:59:48.092,2.653881,12:59:48.092,43.766405,12:59:48.092,0.00264
12:59:48.093,2.417505,12:59:48.093,43.614449,12:59:48.093,0.003626
12:59:48.094,2.333085,12:59:48.094,43.462494,12:59:48.094,0.001325
12:59:48.095,2.198013,12:59:48.095,43.462494,12:59:48.095,0.003297
12:59:48.096,2.130477,12:59:48.096,43.513146,12:59:48.096,0.002969
12:59:48.097,2.012289,12:59:48.097,43.378074,12:59:48.097,0.003297
12:59:48.098,2.012289,12:59:48.098,43.327422,12:59:48.098,0.003297
12:59:48.099,1.961637,12:59:48.099,43.394958,12:59:48.099,0.00264
12:59:48.100,1.978521,12:59:48.100,43.44561,12:59:48.100,0.00264
12:59:48.101,2.012289,12:59:48.101,43.394958,12:59:48.101,0.003297
12:59:48.102,2.079825,12:59:48.102,43.411842,12:59:48.102,0.003297
12:59:48.103,2.214897,12:59:48.103,43.327422,12:59:48.103,0.00264
12:59:48.104,2.214897,12:59:48.104,43.462494,12:59:48.104,0.002311
12:59:48.105,2.316201,12:59:48.105,43.394958,12:59:48.105,0.002969
12:59:48.106,2.468157,12:59:48.106,43.327422,12:59:48.106,0.00264
12:59:48.107,2.603229,12:59:48.107,43.243002,12:59:48.107,0.002311
12:59:48.108,2.687649,12:59:48.108,43.428726,12:59:48.108,0.001982
12:59:48.109,2.772068,12:59:48.109,43.394958,12:59:48.109,0.002311
12:59:48.110,2.772068,12:59:48.110,43.293654,12:59:48.110,0.001325
12:59:48.111,2.957792,12:59:48.111,43.243002,12:59:48.111,0.003626
12:59:48.112,2.924024,12:59:48.112,43.36119,12:59:48.112,0.00264
12:59:48.113,3.109748,12:59:48.113,43.209234,12:59:48.113,0.001982
12:59:48.114,3.042212,12:59:48.114,43.10793,12:59:48.114,0.003297
12:59:48.115,3.092864,12:59:48.115,43.141698,12:59:48.115,0.002969
12:59:48.116,2.99156,12:59:48.116,43.209234,12:59:48.116,0.002311
12:59:48.117,3.008444,12:59:48.117,43.124814,12:59:48.117,0.002969
12:59:48.118,3.025328,12:59:48.118,42.955974,12:59:48.118,0.002311
12:59:48.119,2.99156,12:59:48.119,42.905322,12:59:48.119,0.00264
12:59:48.120,2.856488,12:59:48.120,43.006626,12:59:48.120,0.002311
12:59:48.121,2.839604,12:59:48.121,42.888438,12:59:48.121,0.002969
12:59:48.122,2.721416,12:59:48.122,42.905322,12:59:48.122,0.002311
12:59:48.123,2.653881,12:59:48.123,42.837786,12:59:48.123,0.00264
12:59:48.124,2.653881,12:59:48.124,42.837786,12:59:48.124,0.00264
12:59:48.125,2.468157,12:59:48.125,42.871554,12:59:48.125,0.001653
12:59:48.126,2.417505,12:59:48.126,42.787134,12:59:48.126,0.003297
12:59:48.127,2.282433,12:59:48.127,42.837786,12:59:48.127,0.00264
12:59:48.128,2.248665,12:59:48.128,42.888438,12:59:48.128,0.004284
12:59:48.129,2.147361,12:59:48.129,42.804018,12:59:48.129,0.002311
12:59:48.130,2.113593,12:59:48.130,42.753366,12:59:48.130,0.002969
12:59:48.131,2.046057,12:59:48.131,42.719598,12:59:48.131,0.001982
12:59:48.132,1.944753,12:59:48.132,42.77025,12:59:48.132,0.00264
12:59:48.133,1.826565,12:59:48.133,42.702714,12:59:48.133,0.002969
12:59:48.134,1.877217,12:59:48.134,42.51699,12:59:48.134,0.002311
12:59:48.135,1.775913,12:59:48.135,42.550758,12:59:48.135,0.003297
12:59:48.136,1.725261,12:59:48.136,42.567642,12:59:48.136,0.002969
12:59:48.137,1.775913,12:59:48.137,42.533874,12:59:48.137,0.001653
12:59:48.138,1.708377,12:59:48.138,42.415686,12:59:48.138,0.001982
12:59:48.139,1.742145,12:59:48.139,42.483222,12:59:48.139,0.002969
12:59:48.140,1.826565,12:59:48.140,42.533874,12:59:48.140,0.002311
12:59:48.141,1.775913,12:59:48.141,42.466338,12:59:48.141,0.004284
12:59:48.142,1.910985,12:59:48.142,42.449454,12:59:48.142,0.003955
12:59:48.143,1.944753,12:59:48.143,42.466338,12:59:48.143,0.003297
12:59:48.144,1.978521,12:59:48.144,42.618294,12:59:48.144,0.00264
12:59:48.145,2.046057,12:59:48.145,42.584526,12:59:48.145,0.004284
12:59:48.146,2.164245,12:59:48.146,42.483222,12:59:48.146,0.00264
12:59:48.147,2.214897,12:59:48.147,42.567642,12:59:48.147,0.00264
12:59:48.148,2.214897,12:59:48.148,42.60141,12:59:48.148,0.004941
12:59:48.149,2.181129,12:59:48.149,42.584526,12:59:48.149,0.001653
12:59:48.150,2.282433,12:59:48.150,42.449454,12:59:48.150,0.002969
12:59:48.151,2.248665,12:59:48.151,42.43257,12:59:48.151,0.004941
12:59:48.152,2.299317,12:59:48.152,42.415686,12:59:48.152,0.002969
12:59:48.153,2.214897,12:59:48.153,42.415686,12:59:48.153,0.003626
12:59:48.154,2.164245,12:59:48.154,42.280614,12:59:48.154,0.001982
12:59:48.155,2.147361,12:59:48.155,42.162426,12:59:48.155,0.002311
12:59:48.156,2.062941,12:59:48.156,42.196194,12:59:48.156,0.002969
12:59:48.157,1.995405,12:59:48.157,42.213078,12:59:48.157,0.001982
12:59:48.158,1.894101,12:59:48.158,42.111774,12:59:48.158,0.003626
12:59:48.159,1.826565,12:59:48.159,42.128658,12:59:48.159,0.002311
12:59:48.160,1.759029,12:59:48.160,42.09489,12:59:48.160,0.002969
12:59:48.161,1.640841,12:59:48.161,42.128658,12:59:48.161,0.003626
12:59:48.162,1.657725,12:59:48.162,42.128658,12:59:48.162,0.003626
12:59:48.163,1.539537,12:59:48.163,42.128658,12:59:48.163,0.002969
12:59:48.164,1.539537,12:59:48.164,42.17931,12:59:48.164,0.003955
12:59:48.165,1.404465,12:59:48.165,42.26373,12:59:48.165,0.00264
12:59:48.166,1.438233,12:59:48.166,42.111774,12:59:48.166,0.002311
12:59:48.167,1.387581,12:59:48.167,42.162426,12:59:48.167,0.002969
12:59:48.168,1.320045,12:59:48.168,42.09489,12:59:48.168,0.003626
12:59:48.169,1.286277,12:59:48.169,42.09489,12:59:48.169,0.003297
12:59:48.170,1.336929,12:59:48.170,41.92605,12:59:48.170,0.00264
12:59:48.171,1.353813,12:59:48.171,41.790978,12:59:48.171,0.001325
12:59:48.172,1.252509,12:59:48.172,41.942934,12:59:48.172,0.001653
12:59:48.173,1.252509,12:59:48.173,42.01047,12:59:48.173,0.003955
12:59:48.174,1.320045,12:59:48.174,41.689674,12:59:48.174,0.002969
12:59:48.175,1.320045,12:59:48.175,41.740326,12:59:48.175,0.002311
12:59:48.176,1.303161,12:59:48.176,41.84163,12:59:48.176,0.002969
12:59:48.177,1.336929,12:59:48.177,41.959818,12:59:48.177,0.00264
12:59:48.178,1.455117,12:59:48.178,41.909166,12:59:48.178,0.002969
12:59:48.179,1.522653,12:59:48.179,41.740326,12:59:48.179,0.003297
12:59:48.180,1.488885,12:59:48.180,41.959818,12:59:48.180,0.003297
12:59:48.181,1.573305,12:59:48.181,42.01047,12:59:48.181,0.001982
12:59:48.182,1.674609,12:59:48.182,41.75721,12:59:48.182,0.002969
12:59:48.183,1.725261,12:59:48.183,41.875398,12:59:48.183,0.003297
12:59:48.184,1.759029,12:59:48.184,41.909166,12:59:48.184,0.000996
12:59:48.185,1.826565,12:59:48.185,41.993586,12:59:48.185,0.001982
12:59:48.186,1.910985,12:59:48.186,41.84163,12:59:48.186,0.002311
12:59:48.187,1.894101,12:59:48.187,41.75721,12:59:48.187,0.001982
12:59:48.188,1.910985,12:59:48.188,41.875398,12:59:48.188,0.00264
12:59:48.189,1.910985,12:59:48.189,41.993586,12:59:48.189,0.003955
12:59:48.190,1.860333,12:59:48.190,41.858514,12:59:48.190,0.003297
12:59:48.191,1.775913,12:59:48.191,41.875398,12:59:48.191,0.002969
12:59:48.192,1.809681,12:59:48.192,41.84163,12:59:48.192,0.002311
12:59:48.193,1.759029,12:59:48.193,41.942934,12:59:48.193,0.003297
12:59:48.194,1.708377,12:59:48.194,41.75721,12:59:48.194,0.00264
12:59:48.195,1.674609,12:59:48.195,41.824746,12:59:48.195,0.00264
12:59:48.196,1.623957,12:59:48.196,41.84163,12:59:48.196,0.00264
12:59:48.197,1.488885,12:59:48.197,41.807862,12:59:48.197,0.003626
12:59:48.198,1.472001,12:59:48.198,41.740326,12:59:48.198,0.001982
12:59:48.199,1.387581,12:59:48.199,41.723442,12:59:48.199,0.003626
12:59:48.200,1.336929,12:59:48.200,41.723442,12:59:48.200,0.003626
12:59:48.201,1.286277,12:59:48.201,41.790978,12:59:48.201,0.001982
12:59:48.202,1.269393,12:59:48.202,41.655906,12:59:48.202,0.00264
12:59:48.203,1.320045,12:59:48.203,41.689674,12:59:48.203,0.002311
12:59:48.204,1.353813,12:59:48.204,41.655906,12:59:48.204,0.001653
12:59:48.205,1.303161,12:59:48.205,41.689674,12:59:48.205,0.002311
12:59:48.206,1.387581,12:59:48.206,41.554602,12:59:48.206,0.00264
12:59:48.207,1.336929,12:59:48.207,41.537719,12:59:48.207,0.002969
12:59:48.208,1.353813,12:59:48.208,41.622138,12:59:48.208,0.002311
12:59:48.209,1.353813,12:59:48.209,41.689674,12:59:48.209,0.003297
12:59:48.210,1.370697,12:59:48.210,41.605254,12:59:48.210,0.002969
12:59:48.211,1.488885,12:59:48.211,41.554602,12:59:48.211,0.003626
12:59:48.212,1.505769,12:59:48.212,41.622138,12:59:48.212,0.001653
12:59:48.213,1.556421,12:59:48.213,41.689674,12:59:48.213,0.002969
12:59:48.214,1.623957,12:59:48.214,41.58837,12:59:48.214,0.001653
12:59:48.215,1.674609,12:59:48.215,41.520835,12:59:48.215,0.002311
12:59:48.216,1.674609,12:59:48.216,41.537719,12:59:48.216,0.002311
12:59:48.217,1.674609,12:59:48.217,41.554602,12:59:48.217,0.003297
12:59:48.218,1.708377,12:59:48.218,41.571486,12:59:48.218,0.002311
12:59:48.219,1.708377,12:59:48.219,41.58837,12:59:48.219,0.00264
12:59:48.220,1.742145,12:59:48.220,41.571486,12:59:48.220,0.002969
12:59:48.221,1.860333,12:59:48.221,41.689674,12:59:48.221,0.00264
12:59:48.222,1.843449,12:59:48.222,41.605254,12:59:48.222,0.003626
12:59:48.223,1.894101,12:59:48.223,41.571486,12:59:48.223,0.00264
12:59:48.224,1.877217,12:59:48.224,41.503951,12:59:48.224,0.002969
12:59:48.225,1.894101,12:59:48.225,41.622138,12:59:48.225,0.00264
12:59:48.226,1.961637,12:59:48.226,41.605254,12:59:48.226,0.002969
12:59:48.227,2.012289,12:59:48.227,41.622138,12:59:48.227,0.003626
12:59:48.228,1.961637,12:59:48.228,41.554602,12:59:48.228,0.00264
12:59:48.229,1.944753,12:59:48.229,41.571486,12:59:48.229,0.002311
12:59:48.230,1.944753,12:59:48.230,41.622138,12:59:48.230,0.000996
12:59:48.231,1.860333,12:59:48.231,41.571486,12:59:48.231,0.00264
12:59:48.232,1.826565,12:59:48.232,41.503951,12:59:48.232,0.002311
12:59:48.233,1.775913,12:59:48.233,41.537719,12:59:48.233,0.003955
12:59:48.234,1.674609,12:59:48.234,41.520835,12:59:48.234,0.001982
12:59:48.235,1.691493,12:59:48.235,41.470183,12:59:48.235,0.002969
12:59:48.236,1.657725,12:59:48.236,41.487067,12:59:48.236,0.001982
12:59:48.237,1.674609,12:59:48.237,41.520835,12:59:48.237,0.001982
12:59:48.238,1.623957,12:59:48.238,41.520835,12:59:48.238,0.002311
12:59:48.239,1.607073,12:59:48.239,41.470183,12:59:48.239,0.003955
12:59:48.240,1.640841,12:59:48.240,41.487067,12:59:48.240,0.00527
12:59:48.241,1.590189,12:59:48.241,41.571486,12:59:48.241,0.002311
12:59:48.242,1.725261,12:59:48.242,41.503951,12:59:48.242,0.001325
12:59:48.243,1.691493,12:59:48.243,41.503951,12:59:48.243,0.004284
12:59:48.244,1.792797,12:59:48.244,41.419531,12:59:48.244,0.002969
12:59:48.245,1.860333,12:59:48.245,41.487067,12:59:48.245,0.002969
12:59:48.246,1.877217,12:59:48.246,41.487067,12:59:48.246,0.002311
12:59:48.247,1.944753,12:59:48.247,41.402647,12:59:48.247,0.001982
12:59:48.248,1.927869,12:59:48.248,41.385763,12:59:48.248,0.001982
12:59:48.249,1.978521,12:59:48.249,41.487067,12:59:48.249,0.001325
12:59:48.250,2.029173,12:59:48.250,41.537719,12:59:48.250,0.002311
12:59:48.251,2.029173,12:59:48.251,41.453299,12:59:48.251,0.002969
12:59:48.252,2.113593,12:59:48.252,41.419531,12:59:48.252,0.001982
12:59:48.253,2.029173,12:59:48.253,41.453299,12:59:48.253,0.002311
12:59:48.254,2.113593,12:59:48.254,41.436415,12:59:48.254,0.00264
12:59:48.255,2.062941,12:59:48.255,41.335111,12:59:48.255,0.001982
12:59:48.256,2.113593,12:59:48.256,41.402647,12:59:48.256,0.001325
12:59:48.257,2.181129,12:59:48.257,41.453299,12:59:48.257,0.001982
12:59:48.258,2.113593,12:59:48.258,41.470183,12:59:48.258,0.002969
12:59:48.259,2.062941,12:59:48.259,41.335111,12:59:48.259,0.002969
12:59:48.260,2.062941,12:59:48.260,41.419531,12:59:48.260,0.001982
12:59:48.261,2.029173,12:59:48.261,41.368879,12:59:48.261,0.002311
12:59:48.262,2.046057,12:59:48.262,41.335111,12:59:48.262,0.002311
12:59:48.263,2.012289,12:59:48.263,41.284459,12:59:48.263,0.003626
12:59:48.264,1.978521,12:59:48.264,41.267575,12:59:48.264,0.002311
12:59:48.265,1.910985,12:59:48.265,41.351995,12:59:48.265,0.002969
12:59:48.266,1.877217,12:59:48.266,41.267575,12:59:48.266,0.00264
12:59:48.267,1.877217,12:59:48.267,41.183155,12:59:48.267,0.00264
12:59:48.268,1.809681,12:59:48.268,41.183155,12:59:48.268,0.001982
12:59:48.269,1.792797,12:59:48.269,41.318227,12:59:48.269,0.002311
12:59:48.270,1.792797,12:59:48.270,41.250691,12:59:48.270,0.001982
12:59:48.271,1.759029,12:59:48.271,41.183155,12:59:48.271,0.002969
12:59:48.272,1.759029,12:59:48.272,41.183155,12:59:48.272,0.002311
12:59:48.273,1.657725,12:59:48.273,41.149387,12:59:48.273,0.002311
12:59:48.274,1.623957,12:59:48.274,41.115619,12:59:48.274,0.004941
12:59:48.275,1.607073,12:59:48.275,41.048083,12:59:48.275,0.002311
12:59:48.276,1.607073,12:59:48.276,40.980547,12:59:48.276,0.00264
12:59:48.277,1.657725,12:59:48.277,41.048083,12:59:48.277,0.002969
12:59:48.278,1.573305,12:59:48.278,41.081851,12:59:48.278,0.003297
12:59:48.279,1.556421,12:59:48.279,40.896127,12:59:48.279,0.002311
12:59:48.280,1.691493,12:59:48.280,40.929895,12:59:48.280,0.00264
12:59:48.281,1.590189,12:59:48.281,41.048083,12:59:48.281,0.001653
12:59:48.282,1.623957,12:59:48.282,40.997431,12:59:48.282,0.001325
12:59:48.283,1.691493,12:59:48.283,40.946779,12:59:48.283,0.003297
12:59:48.284,1.725261,12:59:48.284,40.946779,12:59:48.284,0.002969
12:59:48.285,1.742145,12:59:48.285,40.946779,12:59:48.285,0.002311
12:59:48.286,1.792797,12:59:48.286,40.963663,12:59:48.286,0.003297
12:59:48.287,1.826565,12:59:48.287,40.794823,12:59:48.287,0.00264
12:59:48.288,1.792797,12:59:48.288,40.777939,12:59:48.288,0.00264
12:59:48.289,1.792797,12:59:48.289,40.828591,12:59:48.289,0.002311
12:59:48.290,1.809681,12:59:48.290,40.946779,12:59:48.290,0.002969
12:59:48.291,1.826565,12:59:48.291,40.879243,12:59:48.291,0.001982
12:59:48.292,1.860333,12:59:48.292,40.744171,12:59:48.292,0.00264
12:59:48.293,1.809681,12:59:48.293,40.879243,12:59:48.293,0.002969
12:59:48.294,1.792797,12:59:48.294,40.828591,12:59:48.294,0.002311
12:59:48.295,1.843449,12:59:48.295,40.828591,12:59:48.295,0.003297
12:59:48.296,1.775913,12:59:48.296,40.558447,12:59:48.296,0.003297
12:59:48.297,1.759029,12:59:48.297,40.659751,12:59:48.297,0.002311
12:59:48.298,1.623957,12:59:48.298,40.676635,12:59:48.298,0.003297
12:59:48.299,1.657725,12:59:48.299,40.575331,12:59:48.299,0.002311
12:59:48.300,1.674609,12:59:48.300,40.541563,12:59:48.300,0.002311
12:59:48.301,1.590189,12:59:48.301,40.625983,12:59:48.301,0.001982
12:59:48.302,1.556421,12:59:48.302,40.592215,12:59:48.302,0.00264
12:59:48.303,1.522653,12:59:48.303,40.592215,12:59:48.303,0.001982
12:59:48.304,1.488885,12:59:48.304,40.592215,12:59:48.304,0.003297
12:59:48.305,1.488885,12:59:48.305,40.457143,12:59:48.305,0.002311
12:59:48.306,1.438233,12:59:48.306,40.558447,12:59:48.306,0.002969
12:59:48.307,1.505769,12:59:48.307,40.507795,12:59:48.307,0.003626
12:59:48.308,1.488885,12:59:48.308,40.423375,12:59:48.308,0.004284
12:59:48.309,1.370697,12:59:48.309,40.524679,12:59:48.309,0.002969
12:59:48.310,1.320045,12:59:48.310,40.474027,12:59:48.310,0.002311
12:59:48.311,1.421349,12:59:48.311,40.440259,12:59:48.311,0.001653
12:59:48.312,1.370697,12:59:48.312,40.372723,12:59:48.312,0.00264
12:59:48.313,1.269393,12:59:48.313,40.440259,12:59:48.313,0.003297
12:59:48.314,1.286277,12:59:48.314,40.389607,12:59:48.314,0.001982
12:59:48.315,1.303161,12:59:48.315,40.389607,12:59:48.315,0.003626
12:59:48.316,1.218741,12:59:48.316,40.288303,12:59:48.316,0.00264
12:59:48.317,1.218741,12:59:48.317,40.203883,12:59:48.317,0.003297
12:59:48.318,1.184973,12:59:48.318,40.372723,12:59:48.318,0.001653
12:59:48.319,1.269393,12:59:48.319,40.119463,12:59:48.319,0.002311
12:59:48.320,1.336929,12:59:48.320,40.153231,12:59:48.320,0.002969
12:59:48.321,1.269393,12:59:48.321,40.136347,12:59:48.321,0.003297
12:59:48.322,1.269393,12:59:48.322,40.271419,12:59:48.322,0.004284
12:59:48.323,1.336929,12:59:48.323,39.984391,12:59:48.323,0.003626
12:59:48.324,1.387581,12:59:48.324,40.051927,12:59:48.324,0.003297
12:59:48.325,1.387581,12:59:48.325,40.085695,12:59:48.325,0.001982
12:59:48.326,1.404465,12:59:48.326,40.153231,12:59:48.326,0.004284
12:59:48.327,1.472001,12:59:48.327,39.984391,12:59:48.327,0.003626
12:59:48.328,1.455117,12:59:48.328,39.933739,12:59:48.328,0.00264
12:59:48.329,1.421349,12:59:48.329,39.984391,12:59:48.329,0.00264
12:59:48.330,1.286277,12:59:48.330,40.119463,12:59:48.330,0.001982
12:59:48.331,1.438233,12:59:48.331,39.967507,12:59:48.331,0.002311
12:59:48.332,1.370697,12:59:48.332,39.933739,12:59:48.332,0.00264
12:59:48.333,1.303161,12:59:48.333,39.883087,12:59:48.333,0.002311
12:59:48.334,1.286277,12:59:48.334,40.051927,12:59:48.334,0.00264
12:59:48.335,1.286277,12:59:48.335,39.916855,12:59:48.335,0.001653
12:59:48.336,1.269393,12:59:48.336,39.967507,12:59:48.336,0.00264
12:59:48.337,1.269393,12:59:48.337,39.849319,12:59:48.337,0.002311
12:59:48.338,1.168089,12:59:48.338,39.950623,12:59:48.338,0.003626
12:59:48.339,1.168089,12:59:48.339,39.866203,12:59:48.339,0.003626
12:59:48.340,1.201857,12:59:48.340,39.798667,12:59:48.340,0.00264
12:59:48.341,1.151205,12:59:48.341,39.933739,12:59:48.341,0.00264
12:59:48.342,1.168089,12:59:48.342,40.035043,12:59:48.342,0.001982
12:59:48.343,1.134321,12:59:48.343,39.967507,12:59:48.343,0.003297
12:59:48.344,1.151205,12:59:48.344,39.933739,12:59:48.344,0.002311
12:59:48.345,1.134321,12:59:48.345,39.899971,12:59:48.345,0.003955
12:59:48.346,1.134321,12:59:48.346,40.035043,12:59:48.346,0.003955
12:59:48.347,1.168089,12:59:48.347,39.950623,12:59:48.347,0.003297
12:59:48.348,1.201857,12:59:48.348,39.815551,12:59:48.348,0.002969
12:59:48.349,1.286277,12:59:48.349,39.832435,12:59:48.349,0.00264
12:59:48.350,1.168089,12:59:48.350,40.001275,12:59:48.350,0.002969
12:59:48.351,1.235625,12:59:48.351,39.967507,12:59:48.351,0.002311
12:59:48.352,1.269393,12:59:48.352,39.899971,12:59:48.352,0.002969
12:59:48.353,1.252509,12:59:48.353,39.849319,12:59:48.353,0.003297
12:59:48.354,1.303161,12:59:48.354,39.950623,12:59:48.354,0.003626
12:59:48.355,1.320045,12:59:48.355,39.849319,12:59:48.355,0.002311
12:59:48.356,1.387581,12:59:48.356,39.832435,12:59:48.356,0.000996
12:59:48.357,1.387581,12:59:48.357,39.815551,12:59:48.357,0.001982
12:59:48.358,1.269393,12:59:48.358,39.849319,12:59:48.358,0.003626
12:59:48.359,1.320045,12:59:48.359,39.815551,12:59:48.359,0.001982
12:59:48.360,1.336929,12:59:48.360,39.731131,12:59:48.360,0.002969
12:59:48.361,1.387581,12:59:48.361,39.815551,12:59:48.361,0.002969
12:59:48.362,1.286277,12:59:48.362,39.764899,12:59:48.362,0.001653
12:59:48.363,1.370697,12:59:48.363,39.764899,12:59:48.363,0.00264
12:59:48.364,1.421349,12:59:48.364,39.748015,12:59:48.364,0.003626
12:59:48.365,1.421349,12:59:48.365,39.731131,12:59:48.365,0.00264
12:59:48.366,1.370697,12:59:48.366,39.866203,12:59:48.366,0.001982
12:59:48.367,1.404465,12:59:48.367,39.748015,12:59:48.367,0.002311
12:59:48.368,1.353813,12:59:48.368,39.764899,12:59:48.368,0.002311
12:59:48.369,1.353813,12:59:48.369,39.781783,12:59:48.369,0.00264
12:59:48.370,1.336929,12:59:48.370,39.798667,12:59:48.370,0.001653
12:59:48.371,1.320045,12:59:48.371,39.832435,12:59:48.371,0.001982
12:59:48.372,1.320045,12:59:48.372,39.748015,12:59:48.372,0.002311
12:59:48.373,1.286277,12:59:48.373,39.680479,12:59:48.373,0.003297
12:59:48.374,1.201857,12:59:48.374,39.764899,12:59:48.374,0.00264
12:59:48.375,1.201857,12:59:48.375,39.764899,12:59:48.375,0.003626
12:59:48.376,1.117437,12:59:48.376,39.731131,12:59:48.376,0.001653
12:59:48.377,1.235625,12:59:48.377,39.731131,12:59:48.377,0.002311
12:59:48.378,1.083669,12:59:48.378,39.697363,12:59:48.378,0.004941
12:59:48.379,1.235625,12:59:48.379,39.680479,12:59:48.379,0.00264
12:59:48.380,1.252509,12:59:48.380,39.579175,12:59:48.380,0.001653
12:59:48.381,1.252509,12:59:48.381,39.629827,12:59:48.381,0.00264
12:59:48.382,1.235625,12:59:48.382,39.764899,12:59:48.382,0.002969
12:59:48.383,1.252509,12:59:48.383,39.663595,12:59:48.383,0.002311
12:59:48.384,1.286277,12:59:48.384,39.629827,12:59:48.384,0.003297
12:59:48.385,1.353813,12:59:48.385,39.612943,12:59:48.385,0.001653
12:59:48.386,1.370697,12:59:48.386,39.781783,12:59:48.386,0.003297
12:59:48.387,1.421349,12:59:48.387,39.781783,12:59:48.387,0.001982
12:59:48.388,1.455117,12:59:48.388,39.697363,12:59:48.388,0.002969
12:59:48.389,1.505769,12:59:48.389,39.629827,12:59:48.389,0.002969
12:59:48.390,1.539537,12:59:48.390,39.731131,12:59:48.390,0.00264
12:59:48.391,1.539537,12:59:48.391,39.697363,12:59:48.391,0.003297
12:59:48.392,1.623957,12:59:48.392,39.731131,12:59:48.392,0.001653
12:59:48.393,1.607073,12:59:48.393,39.612943,12:59:48.393,0.003626
12:59:48.394,1.607073,12:59:48.394,39.781783,12:59:48.394,0.002969
12:59:48.395,1.556421,12:59:48.395,39.680479,12:59:48.395,0.002969
12:59:48.396,1.640841,12:59:48.396,39.596059,12:59:48.396,0.002969
12:59:48.397,1.640841,12:59:48.397,39.545407,12:59:48.397,0.003626
12:59:48.398,1.623957,12:59:48.398,39.596059,12:59:48.398,0.003297
12:59:48.399,1.590189,12:59:48.399,39.663595,12:59:48.399,0.002969
12:59:48.400,1.623957,12:59:48.400,39.460988,12:59:48.400,0.002969
12:59:48.401,1.573305,12:59:48.401,39.460988,12:59:48.401,0.002311
12:59:48.402,1.556421,12:59:48.402,39.528523,12:59:48.402,0.002969
12:59:48.403,1.505769,12:59:48.403,39.612943,12:59:48.403,0.003297
12:59:48.404,1.505769,12:59:48.404,39.528523,12:59:48.404,0.000996
12:59:48.405,1.573305,12:59:48.405,39.562291,12:59:48.405,0.003626
12:59:48.406,1.539537,12:59:48.406,39.596059,12:59:48.406,0.003297
12:59:48.407,1.505769,12:59:48.407,39.545407,12:59:48.407,0.003297
12:59:48.408,1.505769,12:59:48.408,39.494756,12:59:48.408,0.003297
12:59:48.409,1.607073,12:59:48.409,39.410336,12:59:48.409,0.00264
12:59:48.410,1.488885,12:59:48.410,39.545407,12:59:48.410,0.00264
12:59:48.411,1.488885,12:59:48.411,39.579175,12:59:48.411,0.002969
12:59:48.412,1.505769,12:59:48.412,39.460988,12:59:48.412,0.003297
12:59:48.413,1.488885,12:59:48.413,39.494756,12:59:48.413,0.003626
12:59:48.414,1.370697,12:59:48.414,39.511639,12:59:48.414,0.003297
12:59:48.415,1.387581,12:59:48.415,39.511639,12:59:48.415,0.001982
12:59:48.416,1.472001,12:59:48.416,39.359684,12:59:48.416,0.001982
12:59:48.417,1.438233,12:59:48.417,39.309032,12:59:48.417,0.001982
12:59:48.418,1.421349,12:59:48.418,39.325916,12:59:48.418,0.00264
12:59:48.419,1.505769,12:59:48.419,39.410336,12:59:48.419,0.002969
12:59:48.420,1.522653,12:59:48.420,39.292148,12:59:48.420,0.001982
12:59:48.421,1.556421,12:59:48.421,39.207728,12:59:48.421,0.002311
12:59:48.422,1.590189,12:59:48.422,39.275264,12:59:48.422,0.001325
12:59:48.423,1.573305,12:59:48.423,39.275264,12:59:48.423,0.00264
12:59:48.424,1.573305,12:59:48.424,39.17396,12:59:48.424,0.00264
12:59:48.425,1.607073,12:59:48.425,39.207728,12:59:48.425,0.001653
12:59:48.426,1.657725,12:59:48.426,39.157076,12:59:48.426,0.003297
12:59:48.427,1.674609,12:59:48.427,39.292148,12:59:48.427,0.001982
12:59:48.428,1.691493,12:59:48.428,39.17396,12:59:48.428,0.00264
12:59:48.429,1.708377,12:59:48.429,39.17396,12:59:48.429,0.00264
12:59:48.430,1.640841,12:59:48.430,39.190844,12:59:48.430,0.002969
12:59:48.431,1.590189,12:59:48.431,39.224612,12:59:48.431,0.00264
12:59:48.432,1.691493,12:59:48.432,39.106424,12:59:48.432,0.003955
12:59:48.433,1.674609,12:59:48.433,39.140192,12:59:48.433,0.001325
12:59:48.434,1.691493,12:59:48.434,39.022004,12:59:48.434,0.00264
12:59:48.435,1.640841,12:59:48.435,39.08954,12:59:48.435,0.002969
12:59:48.436,1.640841,12:59:48.436,39.038888,12:59:48.436,0.003297
12:59:48.437,1.607073,12:59:48.437,38.954468,12:59:48.437,0.00264
12:59:48.438,1.505769,12:59:48.438,39.106424,12:59:48.438,0.00264
12:59:48.439,1.539537,12:59:48.439,38.954468,12:59:48.439,0.002311
12:59:48.440,1.539537,12:59:48.440,38.971352,12:59:48.440,0.002311
12:59:48.441,1.522653,12:59:48.441,38.903816,12:59:48.441,0.00264
12:59:48.442,1.539537,12:59:48.442,38.988236,12:59:48.442,0.002969
12:59:48.443,1.488885,12:59:48.443,39.038888,12:59:48.443,0.002969
12:59:48.444,1.573305,12:59:48.444,38.954468,12:59:48.444,0.003955
12:59:48.445,1.556421,12:59:48.445,38.9207,12:59:48.445,0.00264
12:59:48.446,1.488885,12:59:48.446,38.954468,12:59:48.446,0.001982
12:59:48.447,1.573305,12:59:48.447,38.937584,12:59:48.447,0.002311
12:59:48.448,1.539537,12:59:48.448,38.937584,12:59:48.448,0.002311
12:59:48.449,1.505769,12:59:48.449,38.886932,12:59:48.449,0.003626
12:59:48.450,1.539537,12:59:48.450,38.954468,12:59:48.450,0.003955
12:59:48.451,1.472001,12:59:48.451,38.9207,12:59:48.451,0.002311
12:59:48.452,1.505769,12:59:48.452,38.870048,12:59:48.452,0.001982
12:59:48.453,1.488885,12:59:48.453,38.819396,12:59:48.453,0.001653
12:59:48.454,1.539537,12:59:48.454,38.768744,12:59:48.454,0.002969
12:59:48.455,1.505769,12:59:48.455,38.886932,12:59:48.455,0.002311
12:59:48.456,1.421349,12:59:48.456,38.684324,12:59:48.456,0.00264
12:59:48.457,1.472001,12:59:48.457,38.768744,12:59:48.457,0.002969
12:59:48.458,1.438233,12:59:48.458,38.768744,12:59:48.458,0.002969
12:59:48.459,1.387581,12:59:48.459,38.718092,12:59:48.459,0.002311
12:59:48.460,1.438233,12:59:48.460,38.718092,12:59:48.460,0.003297
12:59:48.461,1.421349,12:59:48.461,38.599904,12:59:48.461,0.003297
12:59:48.462,1.438233,12:59:48.462,38.66744,12:59:48.462,0.00264
12:59:48.463,1.438233,12:59:48.463,38.785628,12:59:48.463,0.003297
12:59:48.464,1.472001,12:59:48.464,38.650556,12:59:48.464,0.000996
12:59:48.465,1.472001,12:59:48.465,38.549252,12:59:48.465,0.002969
12:59:48.466,1.472001,12:59:48.466,38.684324,12:59:48.466,0.001653
12:59:48.467,1.370697,12:59:48.467,38.633672,12:59:48.467,0.004941
12:59:48.468,1.455117,12:59:48.468,38.633672,12:59:48.468,0.00264
12:59:48.469,1.438233,12:59:48.469,38.532368,12:59:48.469,0.004284
12:59:48.470,1.488885,12:59:48.470,38.549252,12:59:48.470,0.003626
12:59:48.471,1.455117,12:59:48.471,38.650556,12:59:48.471,0.000996
12:59:48.472,1.455117,12:59:48.472,38.532368,12:59:48.472,0.003626
12:59:48.473,1.370697,12:59:48.473,38.566136,12:59:48.473,0.004284
12:59:48.474,1.404465,12:59:48.474,38.58302,12:59:48.474,0.00264
12:59:48.475,1.387581,12:59:48.475,38.58302,12:59:48.475,0.002969
12:59:48.476,1.353813,12:59:48.476,38.447948,12:59:48.476,0.002969
12:59:48.477,1.320045,12:59:48.477,38.481716,12:59:48.477,0.002311
12:59:48.478,1.303161,12:59:48.478,38.4986,12:59:48.478,0.00264
12:59:48.479,1.235625,12:59:48.479,38.58302,12:59:48.479,0.002969
12:59:48.480,1.286277,12:59:48.480,38.4986,12:59:48.480,0.003626
12:59:48.481,1.286277,12:59:48.481,38.397296,12:59:48.481,0.002311
12:59:48.482,1.303161,12:59:48.482,38.431064,12:59:48.482,0.003297
12:59:48.483,1.235625,12:59:48.483,38.481716,12:59:48.483,0.00264
12:59:48.484,1.303161,12:59:48.484,38.431064,12:59:48.484,0.001325
12:59:48.485,1.336929,12:59:48.485,38.431064,12:59:48.485,0.001982
12:59:48.486,1.336929,12:59:48.486,38.431064,12:59:48.486,0.001982
12:59:48.487,1.303161,12:59:48.487,38.464832,12:59:48.487,0.001325
12:59:48.488,1.320045,12:59:48.488,38.380412,12:59:48.488,0.00264
12:59:48.489,1.370697,12:59:48.489,38.447948,12:59:48.489,0.002969
12:59:48.490,1.336929,12:59:48.490,38.431064,12:59:48.490,0.002311
12:59:48.491,1.269393,12:59:48.491,38.532368,12:59:48.491,0.002969
12:59:48.492,1.353813,12:59:48.492,38.41418,12:59:48.492,0.003297
12:59:48.493,1.336929,12:59:48.493,38.32976,12:59:48.493,0.001653
12:59:48.494,1.353813,12:59:48.494,38.32976,12:59:48.494,0.003955
12:59:48.495,1.269393,12:59:48.495,38.380412,12:59:48.495,0.00264
12:59:48.496,1.353813,12:59:48.496,38.295992,12:59:48.496,0.003955
12:59:48.497,1.320045,12:59:48.497,38.346644,12:59:48.497,0.002969
12:59:48.498,1.269393,12:59:48.498,38.177804,12:59:48.498,0.002969
12:59:48.499,1.269393,12:59:48.499,38.262224,12:59:48.499,0.001653
12:59:48.500,1.252509,12:59:48.500,38.144036,12:59:48.500,0.00264
12:59:48.501,1.218741,12:59:48.501,38.228456,12:59:48.501,0.002311
12:59:48.502,1.252509,12:59:48.502,38.144036,12:59:48.502,0.001982
12:59:48.503,1.235625,12:59:48.503,38.262224,12:59:48.503,0.001982
12:59:48.504,1.303161,12:59:48.504,38.16092,12:59:48.504,0.002969
12:59:48.505,1.269393,12:59:48.505,38.127152,12:59:48.505,0.002311
12:59:48.506,1.286277,12:59:48.506,38.228456,12:59:48.506,0.002311
12:59:48.507,1.303161,12:59:48.507,38.312876,12:59:48.507,0.002969
12:59:48.508,1.252509,12:59:48.508,38.144036,12:59:48.508,0.004284
12:59:48.509,1.336929,12:59:48.509,38.211572,12:59:48.509,0.004284
12:59:48.510,1.286277,12:59:48.510,38.16092,12:59:48.510,0.003955
12:59:48.511,1.286277,12:59:48.511,38.262224,12:59:48.511,0.003297
12:59:48.512,1.286277,12:59:48.512,38.279108,12:59:48.512,0.003297
12:59:48.513,1.269393,12:59:48.513,38.194688,12:59:48.513,0.003297
12:59:48.514,1.303161,12:59:48.514,38.194688,12:59:48.514,0.003297
12:59:48.515,1.235625,12:59:48.515,38.177804,12:59:48.515,0.003297
12:59:48.516,1.235625,12:59:48.516,38.194688,12:59:48.516,0.003955
12:59:48.517,1.218741,12:59:48.517,38.0765,12:59:48.517,0.002969
12:59:48.518,1.286277,12:59:48.518,38.059616,12:59:48.518,0.002969
12:59:48.519,1.235625,12:59:48.519,38.16092,12:59:48.519,0.00264
12:59:48.520,1.286277,12:59:48.520,38.008964,12:59:48.520,0.003955
12:59:48.521,1.269393,12:59:48.521,38.093384,12:59:48.521,0.003626
12:59:48.522,1.286277,12:59:48.522,37.99208,12:59:48.522,0.001325
12:59:48.523,1.269393,12:59:48.523,38.16092,12:59:48.523,0.003955
12:59:48.524,1.336929,12:59:48.524,38.144036,12:59:48.524,0.002311
12:59:48.525,1.370697,12:59:48.525,38.0765,12:59:48.525,0.002969
12:59:48.526,1.387581,12:59:48.526,38.110268,12:59:48.526,0.00264
12:59:48.527,1.387581,12:59:48.527,38.16092,12:59:48.527,0.002311
12:59:48.528,1.353813,12:59:48.528,38.127152,12:59:48.528,0.002311
12:59:48.529,1.353813,12:59:48.529,38.059616,12:59:48.529,0.001982
12:59:48.530,1.404465,12:59:48.530,38.059616,12:59:48.530,0.002969
12:59:48.531,1.336929,12:59:48.531,38.211572,12:59:48.531,0.003297
12:59:48.532,1.455117,12:59:48.532,38.110268,12:59:48.532,0.001982
12:59:48.533,1.387581,12:59:48.533,38.042732,12:59:48.533,0.003626
12:59:48.534,1.438233,12:59:48.534,38.025848,12:59:48.534,0.002311
12:59:48.535,1.455117,12:59:48.535,37.958312,12:59:48.535,0.003626
12:59:48.536,1.404465,12:59:48.536,38.042732,12:59:48.536,0.002969
12:59:48.537,1.404465,12:59:48.537,37.941428,12:59:48.537,0.003626
12:59:48.538,1.336929,12:59:48.538,37.924544,12:59:48.538,0.003297
12:59:48.539,1.286277,12:59:48.539,37.941428,12:59:48.539,0.003297
12:59:48.540,1.370697,12:59:48.540,37.958312,12:59:48.540,0.00264
12:59:48.541,1.387581,12:59:48.541,37.857008,12:59:48.541,0.003297
12:59:48.542,1.421349,12:59:48.542,37.82324,12:59:48.542,0.001325
12:59:48.543,1.404465,12:59:48.543,37.941428,12:59:48.543,0.00264
12:59:48.544,1.370697,12:59:48.544,37.975196,12:59:48.544,0.00264
12:59:48.545,1.370697,12:59:48.545,37.890776,12:59:48.545,0.002969
12:59:48.546,1.472001,12:59:48.546,37.873892,12:59:48.546,0.003626
12:59:48.547,1.488885,12:59:48.547,37.924544,12:59:48.547,0.003297
12:59:48.548,1.472001,12:59:48.548,37.958312,12:59:48.548,0.001653
12:59:48.549,1.522653,12:59:48.549,37.82324,12:59:48.549,0.003297
12:59:48.550,1.539537,12:59:48.550,37.806356,12:59:48.550,0.001982
12:59:48.551,1.505769,12:59:48.551,37.958312,12:59:48.551,0.001982
12:59:48.552,1.404465,12:59:48.552,37.941428,12:59:48.552,0.001325
12:59:48.553,1.472001,12:59:48.553,37.857008,12:59:48.553,0.002311
12:59:48.554,1.472001,12:59:48.554,37.789472,12:59:48.554,0.00264
12:59:48.555,1.455117,12:59:48.555,37.806356,12:59:48.555,0.00264
12:59:48.556,1.421349,12:59:48.556,37.82324,12:59:48.556,0.00264
12:59:48.557,1.488885,12:59:48.557,37.73882,12:59:48.557,0.002311
12:59:48.558,1.472001,12:59:48.558,37.620632,12:59:48.558,0.002311
12:59:48.559,1.438233,12:59:48.559,37.705052,12:59:48.559,0.002311
12:59:48.560,1.404465,12:59:48.560,37.772588,12:59:48.560,0.003297
12:59:48.561,1.522653,12:59:48.561,37.688168,12:59:48.561,0.00264
12:59:48.562,1.488885,12:59:48.562,37.553096,12:59:48.562,0.003626
12:59:48.563,1.488885,12:59:48.563,37.671284,12:59:48.563,0.00264
12:59:48.564,1.488885,12:59:48.564,37.73882,12:59:48.564,0.001325
12:59:48.565,1.573305,12:59:48.565,37.620632,12:59:48.565,0.002311
12:59:48.566,1.590189,12:59:48.566,37.637516,12:59:48.566,0.004612
12:59:48.567,1.573305,12:59:48.567,37.721936,12:59:48.567,0.002311
12:59:48.568,1.539537,12:59:48.568,37.671284,12:59:48.568,0.00264
12:59:48.569,1.590189,12:59:48.569,37.671284,12:59:48.569,0.001982
12:59:48.570,1.623957,12:59:48.570,37.586864,12:59:48.570,0.003626
12:59:48.571,1.691493,12:59:48.571,37.637516,12:59:48.571,0.003297
12:59:48.572,1.607073,12:59:48.572,37.620632,12:59:48.572,0.002969
12:59:48.573,1.691493,12:59:48.573,37.468676,12:59:48.573,0.003297
12:59:48.574,1.590189,12:59:48.574,37.48556,12:59:48.574,0.00264
12:59:48.575,1.623957,12:59:48.575,37.536212,12:59:48.575,0.003297
12:59:48.576,1.623957,12:59:48.576,37.536212,12:59:48.576,0.003297
12:59:48.577,1.657725,12:59:48.577,37.451792,12:59:48.577,0.003297
12:59:48.578,1.640841,12:59:48.578,37.40114,12:59:48.578,0.002969
12:59:48.579,1.640841,12:59:48.579,37.333605,12:59:48.579,0.003297
12:59:48.580,1.573305,12:59:48.580,37.48556,12:59:48.580,0.001982
12:59:48.581,1.607073,12:59:48.581,37.299837,12:59:48.581,0.002969
12:59:48.582,1.657725,12:59:48.582,37.384256,12:59:48.582,0.002969
12:59:48.583,1.607073,12:59:48.583,37.367373,12:59:48.583,0.002311
12:59:48.584,1.607073,12:59:48.584,37.502444,12:59:48.584,0.002969
12:59:48.585,1.607073,12:59:48.585,37.384256,12:59:48.585,0.002311
12:59:48.586,1.607073,12:59:48.586,37.333605,12:59:48.586,0.002969
12:59:48.587,1.573305,12:59:48.587,37.40114,12:59:48.587,0.00264
12:59:48.588,1.573305,12:59:48.588,37.48556,12:59:48.588,0.001982
12:59:48.589,1.623957,12:59:48.589,37.367373,12:59:48.589,0.002969
12:59:48.590,1.539537,12:59:48.590,37.316721,12:59:48.590,0.003297
12:59:48.591,1.556421,12:59:48.591,37.367373,12:59:48.591,0.001325
12:59:48.592,1.488885,12:59:48.592,37.434908,12:59:48.592,0.003626
12:59:48.593,1.522653,12:59:48.593,37.40114,12:59:48.593,0.001653
12:59:48.594,1.472001,12:59:48.594,37.282953,12:59:48.594,0.00264
12:59:48.595,1.522653,12:59:48.595,37.266069,12:59:48.595,0.001982
12:59:48.596,1.455117,12:59:48.596,37.299837,12:59:48.596,0.002311
12:59:48.597,1.438233,12:59:48.597,37.181649,12:59:48.597,0.001982
12:59:48.598,1.505769,12:59:48.598,37.232301,12:59:48.598,0.001982
12:59:48.599,1.438233,12:59:48.599,37.232301,12:59:48.599,0.002311
12:59:48.600,1.455117,12:59:48.600,37.198533,12:59:48.600,0.001653
12:59:48.601,1.438233,12:59:48.601,37.215417,12:59:48.601,0.002311
12:59:48.602,1.505769,12:59:48.602,37.215417,12:59:48.602,0.003297
12:59:48.603,1.472001,12:59:48.603,37.164765,12:59:48.603,0.003297
12:59:48.604,1.590189,12:59:48.604,37.198533,12:59:48.604,0.00264
12:59:48.605,1.590189,12:59:48.605,37.232301,12:59:48.605,0.004941
12:59:48.606,1.674609,12:59:48.606,37.164765,12:59:48.606,0.002311
12:59:48.607,1.590189,12:59:48.607,37.232301,12:59:48.607,0.003297
12:59:48.608,1.623957,12:59:48.608,37.266069,12:59:48.608,0.00264
12:59:48.609,1.691493,12:59:48.609,37.164765,12:59:48.609,0.003297
12:59:48.610,1.708377,12:59:48.610,37.097229,12:59:48.610,0.002969
12:59:48.611,1.674609,12:59:48.611,37.063461,12:59:48.611,0.00264
12:59:48.612,1.657725,12:59:48.612,37.249185,12:59:48.612,0.00264
12:59:48.613,1.657725,12:59:48.613,37.164765,12:59:48.613,0.001653
12:59:48.614,1.657725,12:59:48.614,37.080345,12:59:48.614,0.001982
12:59:48.615,1.708377,12:59:48.615,37.029693,12:59:48.615,0.003297
12:59:48.616,1.640841,12:59:48.616,37.012809,12:59:48.616,0.002311
12:59:48.617,1.556421,12:59:48.617,36.962157,12:59:48.617,0.000667
12:59:48.618,1.623957,12:59:48.618,36.945273,12:59:48.618,0.002311
12:59:48.619,1.556421,12:59:48.619,36.843969,12:59:48.619,0.003626
12:59:48.620,1.488885,12:59:48.620,37.029693,12:59:48.620,0.002969
12:59:48.621,1.556421,12:59:48.621,36.843969,12:59:48.621,0.00264
12:59:48.622,1.522653,12:59:48.622,36.793317,12:59:48.622,0.00264
12:59:48.623,1.556421,12:59:48.623,36.860853,12:59:48.623,0.00264
12:59:48.624,1.505769,12:59:48.624,37.029693,12:59:48.624,0.003955
12:59:48.625,1.438233,12:59:48.625,36.945273,12:59:48.625,0.002969
12:59:48.626,1.472001,12:59:48.626,36.793317,12:59:48.626,0.003626
12:59:48.627,1.522653,12:59:48.627,36.827085,12:59:48.627,0.002969
12:59:48.628,1.438233,12:59:48.628,36.979041,12:59:48.628,0.002969
12:59:48.629,1.488885,12:59:48.629,36.860853,12:59:48.629,0.002969
12:59:48.630,1.488885,12:59:48.630,36.725781,12:59:48.630,0.002311
12:59:48.631,1.522653,12:59:48.631,36.692013,12:59:48.631,0.002311
12:59:48.632,1.438233,12:59:48.632,36.979041,12:59:48.632,0.003626
12:59:48.633,1.455117,12:59:48.633,36.827085,12:59:48.633,0.002969
12:59:48.634,1.472001,12:59:48.634,36.742665,12:59:48.634,0.002969
12:59:48.635,1.455117,12:59:48.635,36.742665,12:59:48.635,0.002969
12:59:48.636,1.353813,12:59:48.636,36.827085,12:59:48.636,0.002969
12:59:48.637,1.455117,12:59:48.637,36.759549,12:59:48.637,0.001325
12:59:48.638,1.404465,12:59:48.638,36.793317,12:59:48.638,0.00264
12:59:48.639,1.404465,12:59:48.639,36.641361,12:59:48.639,0.001982
12:59:48.640,1.421349,12:59:48.640,36.827085,12:59:48.640,0.001982
12:59:48.641,1.421349,12:59:48.641,36.759549,12:59:48.641,0.001982
12:59:48.642,1.438233,12:59:48.642,36.742665,12:59:48.642,0.002311
12:59:48.643,1.421349,12:59:48.643,36.776433,12:59:48.643,0.001325
12:59:48.644,1.438233,12:59:48.644,36.877737,12:59:48.644,0.002969
12:59:48.645,1.556421,12:59:48.645,36.827085,12:59:48.645,0.001653
12:59:48.646,1.539537,12:59:48.646,36.776433,12:59:48.646,0.00264
12:59:48.647,1.488885,12:59:48.647,36.742665,12:59:48.647,0.003626
12:59:48.648,1.522653,12:59:48.648,36.793317,12:59:48.648,0.00264
12:59:48.649,1.539537,12:59:48.649,36.675129,12:59:48.649,0.001982
12:59:48.650,1.556421,12:59:48.650,36.776433,12:59:48.650,0.001653
12:59:48.651,1.539537,12:59:48.651,36.827085,12:59:48.651,0.002969
12:59:48.652,1.488885,12:59:48.652,36.843969,12:59:48.652,0.002969
12:59:48.653,1.421349,12:59:48.653,36.776433,12:59:48.653,0.003626
12:59:48.654,1.472001,12:59:48.654,36.742665,12:59:48.654,0.001982
12:59:48.655,1.455117,12:59:48.655,36.692013,12:59:48.655,0.002969
12:59:48.656,1.353813,12:59:48.656,36.658245,12:59:48.656,0.00264
12:59:48.657,1.370697,12:59:48.657,36.641361,12:59:48.657,0.002969
12:59:48.658,1.370697,12:59:48.658,36.607593,12:59:48.658,0.003626
12:59:48.659,1.353813,12:59:48.659,36.556941,12:59:48.659,0.001982
12:59:48.660,1.336929,12:59:48.660,36.624477,12:59:48.660,0.00264
12:59:48.661,1.336929,12:59:48.661,36.675129,12:59:48.661,0.003297
12:59:48.662,1.353813,12:59:48.662,36.590709,12:59:48.662,0.002969
12:59:48.663,1.353813,12:59:48.663,36.556941,12:59:48.663,0.002969
12:59:48.664,1.438233,12:59:48.664,36.658245,12:59:48.664,0.001982
12:59:48.665,1.353813,12:59:48.665,36.658245,12:59:48.665,0.003626
12:59:48.666,1.421349,12:59:48.666,36.573825,12:59:48.666,0.003626
12:59:48.667,1.472001,12:59:48.667,36.607593,12:59:48.667,0.00264
12:59:48.668,1.455117,12:59:48.668,36.573825,12:59:48.668,0.003297
12:59:48.669,1.404465,12:59:48.669,36.624477,12:59:48.669,0.003297
12:59:48.670,1.472001,12:59:48.670,36.523173,12:59:48.670,0.003955
12:59:48.671,1.505769,12:59:48.671,36.607593,12:59:48.671,0.002311
12:59:48.672,1.488885,12:59:48.672,36.556941,12:59:48.672,0.004941
12:59:48.673,1.438233,12:59:48.673,36.624477,12:59:48.673,0.001653
12:59:48.674,1.488885,12:59:48.674,36.540057,12:59:48.674,0.003297
12:59:48.675,1.472001,12:59:48.675,36.506289,12:59:48.675,0.002311
12:59:48.676,1.438233,12:59:48.676,36.472521,12:59:48.676,0.00264
12:59:48.677,1.455117,12:59:48.677,36.455637,12:59:48.677,0.003626
12:59:48.678,1.455117,12:59:48.678,36.354333,12:59:48.678,0.001653
12:59:48.679,1.505769,12:59:48.679,36.371217,12:59:48.679,0.002969
12:59:48.680,1.438233,12:59:48.680,36.421869,12:59:48.680,0.002969
12:59:48.681,1.370697,12:59:48.681,36.455637,12:59:48.681,0.00264
12:59:48.682,1.488885,12:59:48.682,36.354333,12:59:48.682,0.003626
12:59:48.683,1.488885,12:59:48.683,36.337449,12:59:48.683,0.001982
12:59:48.684,1.522653,12:59:48.684,36.455637,12:59:48.684,0.003626
12:59:48.685,1.488885,12:59:48.685,36.472521,12:59:48.685,0.001982
12:59:48.686,1.488885,12:59:48.686,36.472521,12:59:48.686,0.002969
12:59:48.687,1.539537,12:59:48.687,36.354333,12:59:48.687,0.00264
12:59:48.688,1.505769,12:59:48.688,36.455637,12:59:48.688,0.002311
12:59:48.689,1.522653,12:59:48.689,36.388101,12:59:48.689,0.003297
12:59:48.690,1.573305,12:59:48.690,36.354333,12:59:48.690,0.002311
12:59:48.691,1.522653,12:59:48.691,36.320565,12:59:48.691,0.00264
12:59:48.692,1.472001,12:59:48.692,36.388101,12:59:48.692,0.002311
12:59:48.693,1.472001,12:59:48.693,36.404985,12:59:48.693,0.00264
12:59:48.694,1.472001,12:59:48.694,36.320565,12:59:48.694,0.002311
12:59:48.695,1.556421,12:59:48.695,36.236145,12:59:48.695,0.003297
12:59:48.696,1.505769,12:59:48.696,36.219261,12:59:48.696,0.002311
12:59:48.697,1.472001,12:59:48.697,36.354333,12:59:48.697,0.00264
12:59:48.698,1.455117,12:59:48.698,36.185493,12:59:48.698,0.002311
12:59:48.699,1.488885,12:59:48.699,36.168609,12:59:48.699,0.001653
12:59:48.700,1.438233,12:59:48.700,36.219261,12:59:48.700,0.002311
12:59:48.701,1.488885,12:59:48.701,36.236145,12:59:48.701,0.002311
12:59:48.702,1.522653,12:59:48.702,36.185493,12:59:48.702,0.004284
12:59:48.703,1.522653,12:59:48.703,36.236145,12:59:48.703,0.00264
12:59:48.704,1.522653,12:59:48.704,36.202377,12:59:48.704,0.003955
12:59:48.705,1.556421,12:59:48.705,36.219261,12:59:48.705,0.003297
12:59:48.706,1.539537,12:59:48.706,36.151725,12:59:48.706,0.00264
12:59:48.707,1.640841,12:59:48.707,36.185493,12:59:48.707,0.003626
12:59:48.708,1.573305,12:59:48.708,36.117957,12:59:48.708,0.002969
12:59:48.709,1.539537,12:59:48.709,36.219261,12:59:48.709,0.003297
12:59:48.710,1.607073,12:59:48.710,36.219261,12:59:48.710,0.002311
12:59:48.711,1.623957,12:59:48.711,36.050421,12:59:48.711,0.001653
12:59:48.712,1.607073,12:59:48.712,36.202377,12:59:48.712,0.003955
12:59:48.713,1.623957,12:59:48.713,36.202377,12:59:48.713,0.002969
12:59:48.714,1.623957,12:59:48.714,36.101073,12:59:48.714,0.003297
12:59:48.715,1.623957,12:59:48.715,36.067305,12:59:48.715,0.001982
12:59:48.716,1.590189,12:59:48.716,36.134841,12:59:48.716,0.001653
12:59:48.717,1.590189,12:59:48.717,36.117957,12:59:48.717,0.00264
12:59:48.718,1.590189,12:59:48.718,36.016653,12:59:48.718,0.00264
12:59:48.719,1.556421,12:59:48.719,35.864697,12:59:48.719,0.002311
12:59:48.720,1.573305,12:59:48.720,35.999769,12:59:48.720,0.003297
12:59:48.721,1.522653,12:59:48.721,36.033537,12:59:48.721,0.003297
12:59:48.722,1.556421,12:59:48.722,35.949117,12:59:48.722,0.002311
12:59:48.723,1.590189,12:59:48.723,35.949117,12:59:48.723,0.001982
12:59:48.724,1.607073,12:59:48.724,35.966001,12:59:48.724,0.001653
12:59:48.725,1.556421,12:59:48.725,36.050421,12:59:48.725,0.002311
12:59:48.726,1.590189,12:59:48.726,36.084189,12:59:48.726,0.003297
12:59:48.727,1.640841,12:59:48.727,36.016653,12:59:48.727,0.002311
12:59:48.728,1.623957,12:59:48.728,35.982885,12:59:48.728,0.002311
12:59:48.729,1.607073,12:59:48.729,35.999769,12:59:48.729,0.001982
12:59:48.730,1.674609,12:59:48.730,36.033537,12:59:48.730,0.002311
12:59:48.731,1.640841,12:59:48.731,35.982885,12:59:48.731,0.003297
12:59:48.732,1.640841,12:59:48.732,35.999769,12:59:48.732,0.003297
12:59:48.733,1.607073,12:59:48.733,36.117957,12:59:48.733,0.001653
12:59:48.734,1.657725,12:59:48.734,35.949117,12:59:48.734,0.00264
12:59:48.735,1.708377,12:59:48.735,35.932233,12:59:48.735,0.002969
12:59:48.736,1.691493,12:59:48.736,35.847813,12:59:48.736,0.00264
12:59:48.737,1.623957,12:59:48.737,35.949117,12:59:48.737,0.003297
12:59:48.738,1.674609,12:59:48.738,35.864697,12:59:48.738,0.002311
12:59:48.739,1.640841,12:59:48.739,35.864697,12:59:48.739,0.002969
12:59:48.740,1.556421,12:59:48.740,35.763393,12:59:48.740,0.00264
12:59:48.741,1.590189,12:59:48.741,35.763393,12:59:48.741,0.00264
12:59:48.742,1.640841,12:59:48.742,35.864697,12:59:48.742,0.003297
12:59:48.743,1.657725,12:59:48.743,35.797161,12:59:48.743,0.002969
12:59:48.744,1.657725,12:59:48.744,35.864697,12:59:48.744,0.003626
12:59:48.745,1.640841,12:59:48.745,35.847813,12:59:48.745,0.002311
12:59:48.746,1.691493,12:59:48.746,35.864697,12:59:48.746,0.002311
12:59:48.747,1.674609,12:59:48.747,35.797161,12:59:48.747,0.003297
12:59:48.748,1.691493,12:59:48.748,35.746509,12:59:48.748,0.00264
12:59:48.749,1.623957,12:59:48.749,35.932233,12:59:48.749,0.003297
12:59:48.750,1.674609,12:59:48.750,35.814045,12:59:48.750,0.055576
12:59:48.751,1.674609,12:59:48.751,35.746509,12:59:48.751,3.627972
12:59:48.752,1.691493,12:59:48.752,35.830929,12:59:48.752,5.671448
12:59:48.753,1.674609,12:59:48.753,35.898465,12:59:48.753,5.79935
12:59:48.754,1.607073,12:59:48.754,35.814045,12:59:48.754,5.811187
12:59:48.755,1.691493,12:59:48.755,35.695857,12:59:48.755,5.81842
12:59:48.756,1.691493,12:59:48.756,35.695857,12:59:48.756,5.823681
12:59:48.757,1.590189,12:59:48.757,35.729625,12:59:48.757,5.828613
12:59:48.758,1.573305,12:59:48.758,35.560785,12:59:48.758,5.837819
12:59:48.759,1.623957,12:59:48.759,35.594553,12:59:48.759,5.845382
12:59:48.760,1.556421,12:59:48.760,35.628321,12:59:48.760,5.85689
12:59:48.761,1.590189,12:59:48.761,35.695857,12:59:48.761,5.864781
12:59:48.762,1.759029,12:59:48.762,35.577669,12:59:48.762,5.873001
12:59:48.763,1.877217,12:59:48.763,35.527017,12:59:48.763,5.860506
12:59:48.764,2.265549,12:59:48.764,35.662089,12:59:48.764,5.835518
12:59:48.765,2.704532,12:59:48.765,35.645205,12:59:48.765,5.84308
12:59:48.766,3.869528,12:59:48.766,35.577669,12:59:48.766,5.860835
12:59:48.767,5.878724,12:59:48.767,35.543901,12:59:48.767,5.866425
12:59:48.768,8.968495,12:59:48.768,35.577669,12:59:48.768,5.925608
12:59:48.769,12.868698,12:59:48.769,35.695857,12:59:48.769,5.934157
12:59:48.770,16.971508,12:59:48.770,35.527017,12:59:48.770,5.943034
12:59:48.771,21.445767,12:59:48.771,35.442597,12:59:48.771,5.940075
12:59:48.772,26.240821,12:59:48.772,35.408829,12:59:48.772,5.931855
12:59:48.773,31.457975,12:59:48.773,35.375061,12:59:48.773,5.924622
12:59:48.774,36.675129,12:59:48.774,35.341293,12:59:48.774,5.889769
12:59:48.775,42.331266,12:59:48.775,35.290641,12:59:48.775,5.836175
12:59:48.776,48.291315,12:59:48.776,35.273757,12:59:48.776,5.835847
12:59:48.777,54.740999,12:59:48.777,35.375061,12:59:48.777,5.850643
12:59:48.778,60.734815,12:59:48.778,35.324409,12:59:48.778,5.930869
12:59:48.779,66.627327,12:59:48.779,35.307525,12:59:48.779,5.936459
12:59:48.780,72.232811,12:59:48.780,35.290641,12:59:48.780,5.926595
12:59:48.781,77.652571,12:59:48.781,35.425713,12:59:48.781,5.928896
12:59:48.782,81.502119,12:59:48.782,35.324409,12:59:48.782,5.929225
12:59:48.783,82.785302,12:59:48.783,35.273757,12:59:48.783,5.930211
12:59:48.784,80.202052,12:59:48.784,35.391945,12:59:48.784,5.868398
12:59:48.785,74.562801,12:59:48.785,35.560785,12:59:48.785,5.853931
12:59:48.786,67.167615,12:59:48.786,35.560785,12:59:48.786,5.855246
12:59:48.787,58.489245,12:59:48.787,35.662089,12:59:48.787,5.86215
12:59:48.788,51.870721,12:59:48.788,35.645205,12:59:48.788,5.857547
12:59:48.789,46.636684,12:59:48.789,35.847813,12:59:48.789,5.88418
12:59:48.790,39.849319,12:59:48.790,35.763393,12:59:48.790,5.914758
12:59:48.791,34.412674,12:59:48.791,35.746509,12:59:48.791,5.909826
12:59:48.792,31.491743,12:59:48.792,35.611437,12:59:48.792,5.907524
12:59:48.793,31.052759,12:59:48.793,35.729625,12:59:48.793,5.902921
12:59:48.794,32.758043,12:59:48.794,35.695857,12:59:48.794,5.888454
12:59:48.795,36.101073,12:59:48.795,35.746509,12:59:48.795,5.896674
12:59:48.796,40.355839,12:59:48.796,35.678973,12:59:48.796,5.892071
12:59:48.797,44.948285,12:59:48.797,35.915349,12:59:48.797,5.812831
12:59:48.798,49.96283,12:59:48.798,35.881581,12:59:48.798,5.808885
12:59:48.799,55.365707,12:59:48.799,35.949117,12:59:48.799,5.817434
12:59:48.800,60.582859,12:59:48.800,35.982885,12:59:48.800,5.837162
12:59:48.801,64.550597,12:59:48.801,36.236145,12:59:48.801,5.907196
12:59:48.802,67.235151,12:59:48.802,36.185493,12:59:48.802,5.915744
12:59:48.803,68.33261,12:59:48.803,36.134841,12:59:48.803,5.902592
12:59:48.804,67.674134,12:59:48.804,36.067305,12:59:48.804,5.894373
12:59:48.805,65.15842,12:59:48.805,36.067305,12:59:48.805,5.889441
12:59:48.806,61.511479,12:59:48.806,36.101073,12:59:48.806,5.884509
12:59:48.807,57.695697,12:59:48.807,36.168609,12:59:48.807,5.839135
12:59:48.808,54.420203,12:59:48.808,36.168609,12:59:48.808,5.824339
12:59:48.809,52.090213,12:59:48.809,36.472521,12:59:48.809,5.811516
12:59:48.810,50.72261,12:59:48.810,36.810201,12:59:48.810,5.819736
12:59:48.811,50.536886,12:59:48.811,36.928389,12:59:48.811,5.860835
12:59:48.812,51.296665,12:59:48.812,37.029693,12:59:48.812,5.897989
12:59:48.813,52.495429,12:59:48.813,37.299837,12:59:48.813,5.891742
12:59:48.814,53.626656,12:59:48.814,37.451792,12:59:48.814,5.887797
12:59:48.815,54.707231,12:59:48.815,37.502444,12:59:48.815,5.880234
12:59:48.816,55.196867,12:59:48.816,37.637516,12:59:48.816,5.868726
12:59:48.817,55.517663,12:59:48.817,37.789472,12:59:48.817,5.865767
12:59:48.818,55.804691,12:59:48.818,37.789472,12:59:48.818,5.865767
12:59:48.819,56.935918,12:59:48.819,37.82324,12:59:48.819,5.867411
12:59:48.820,59.4854,12:59:48.820,37.840124,12:59:48.820,5.86774
12:59:48.821,63.064806,12:59:48.821,37.941428,12:59:48.821,5.867082
12:59:48.822,65.985736,12:59:48.822,37.958312,12:59:48.822,5.813817
12:59:48.823,68.197538,12:59:48.823,38.008964,12:59:48.823,5.800008
12:59:48.824,70.156081,12:59:48.824,37.873892,12:59:48.824,5.807899
12:59:48.825,71.321076,12:59:48.825,38.059616,12:59:48.825,5.834203
12:59:48.826,70.966512,12:59:48.826,38.228456,12:59:48.826,5.837162
12:59:48.827,69.446953,12:59:48.827,38.177804,12:59:48.827,5.899633
12:59:48.828,66.965007,12:59:48.828,38.599904,12:59:48.828,5.911141
12:59:48.829,64.128497,12:59:48.829,39.055772,12:59:48.829,5.910812
12:59:48.830,60.633511,12:59:48.830,39.545407,12:59:48.830,5.881549
12:59:48.831,57.23983,12:59:48.831,39.984391,12:59:48.831,5.86774
12:59:48.832,54.06564,12:59:48.832,40.558447,12:59:48.832,5.864123
12:59:48.833,51.482389,12:59:48.833,41.216923,12:59:48.833,5.848341
12:59:48.834,49.490078,12:59:48.834,41.892282,12:59:48.834,5.846368
12:59:48.835,48.173127,12:59:48.835,42.500106,12:59:48.835,5.861164
12:59:48.836,48.021171,12:59:48.836,43.698869,12:59:48.836,5.812502
12:59:48.837,48.916023,12:59:48.837,44.931401,12:59:48.837,5.787514
12:59:48.838,50.671958,12:59:48.838,45.471688,12:59:48.838,5.780609
12:59:48.839,52.866876,12:59:48.839,45.488572,12:59:48.839,5.778636
12:59:48.840,54.909839,12:59:48.840,45.94444,12:59:48.840,5.787185
12:59:48.841,57.07099,12:59:48.841,46.417192,12:59:48.841,5.801323
12:59:48.842,59.333444,12:59:48.842,46.991248,12:59:48.842,5.831572
12:59:48.843,60.836119,12:59:48.843,46.467844,12:59:48.843,5.88681
12:59:48.844,60.582859,12:59:48.844,46.248352,12:59:48.844,5.895688
12:59:48.845,59.40098,12:59:48.845,46.02886,12:59:48.845,5.889769
12:59:48.846,59.434748,12:59:48.846,47.700375,12:59:48.846,0.171642
12:59:48.847,56.041066,12:59:48.847,45.100241,12:59:48.847,0.875272
12:59:48.848,53.964336,12:59:48.848,44.678141,12:59:48.848,0.56094
12:59:48.849,52.934412,12:59:48.849,44.543069,12:59:48.849,0.275543
12:59:48.850,51.381085,12:59:48.850,44.796329,12:59:48.850,0.017107
12:59:48.851,50.199206,12:59:48.851,44.695025,12:59:48.851,-0.096986
12:59:48.852,50.705726,12:59:48.852,44.846981,12:59:48.852,-0.14532
12:59:48.853,51.431737,12:59:48.853,45.049589,12:59:48.853,-0.192338
12:59:48.854,52.427893,12:59:48.854,45.910672,12:59:48.854,-0.187077
12:59:48.855,53.795496,12:59:48.855,47.092552,12:59:48.855,-0.215354
12:59:48.856,54.892955,12:59:48.856,48.443271,12:59:48.856,-0.214039
12:59:48.857,55.281287,12:59:48.857,49.034211,12:59:48.857,-0.222259
12:59:48.858,53.947452,12:59:48.858,48.966675,12:59:48.858,-0.231465
12:59:48.859,52.157749,12:59:48.859,48.797835,12:59:48.859,-0.236068
12:59:48.860,49.051095,12:59:48.860,48.814719,12:59:48.860,-0.241658
12:59:48.861,43.681985,12:59:48.861,49.000443,12:59:48.861,-0.234424
12:59:48.862,38.042732,12:59:48.862,49.405658,12:59:48.862,-0.223245
12:59:48.863,32.015147,12:59:48.863,49.810874,12:59:48.863,-0.206148
12:59:48.864,27.236977,12:59:48.864,50.30051,12:59:48.864,-0.190036
12:59:48.865,23.083514,12:59:48.865,50.266742,12:59:48.865,-0.171952
12:59:48.866,20.702871,12:59:48.866,49.692686,12:59:48.866,-0.153869
12:59:48.867,19.672948,12:59:48.867,48.780951,12:59:48.867,-0.13973
12:59:48.868,19.875555,12:59:48.868,48.628995,12:59:48.868,-0.124605
12:59:48.869,21.597723,12:59:48.869,48.831603,12:59:48.869,-0.113426
12:59:48.870,23.725106,12:59:48.870,48.730299,12:59:48.870,-0.10159
12:59:48.871,26.038213,12:59:48.871,48.460155,12:59:48.871,-0.089753
12:59:48.872,27.996756,12:59:48.872,48.747183,12:59:48.872,-0.079231
12:59:48.873,29.212404,12:59:48.873,49.169282,12:59:48.873,-0.066737
12:59:48.874,30.360516,12:59:48.874,49.118631,12:59:48.874,-0.05753
12:59:48.875,30.833267,12:59:48.875,48.899139,12:59:48.875,-0.046351
12:59:48.876,31.593047,12:59:48.876,48.983559,12:59:48.876,-0.037803
12:59:48.877,32.437247,12:59:48.877,49.28747,12:59:48.877,-0.028925
12:59:48.878,33.028186,12:59:48.878,49.70957,12:59:48.878,-0.020047
12:59:48.879,31.694351,12:59:48.879,50.030366,12:59:48.879,-0.013143
12:59:48.880,28.976028,12:59:48.880,50.536886,12:59:48.880,-0.008539
12:59:48.881,25.751185,12:59:48.881,51.043405,12:59:48.881,-0.005909
12:59:48.882,22.002939,12:59:48.882,51.127825,12:59:48.882,-0.001963
12:59:48.883,18.271576,12:59:48.883,50.655074,12:59:48.883,-0.001963
12:59:48.884,15.181805,12:59:48.884,50.165438,12:59:48.884,-0.001635
12:59:48.885,13.25703,12:59:48.885,49.79399,12:59:48.885,-0.000977
12:59:48.886,12.07515,12:59:48.886,49.439426,12:59:48.886,-0.001635
12:59:48.887,11.534862,12:59:48.887,49.000443,12:59:48.887,0.000996
12:59:48.888,11.838774,12:59:48.888,48.882255,12:59:48.888,-0.001963
12:59:48.889,12.176454,12:59:48.889,48.814719,12:59:48.889,-0.001306
12:59:48.890,12.514134,12:59:48.890,48.764067,12:59:48.890,-0.000648
12:59:48.891,12.75051,12:59:48.891,48.493923,12:59:48.891,-0.000319
12:59:48.892,13.493406,12:59:48.892,48.206895,12:59:48.892,0.001325
12:59:48.893,14.759705,12:59:48.893,48.291315,12:59:48.893,0.000338
12:59:48.894,16.177961,12:59:48.894,48.612111,12:59:48.894,-0.000977
12:59:48.895,17.714404,12:59:48.895,48.831603,12:59:48.895,0.000009
12:59:48.896,18.79498,12:59:48.896,49.253702,12:59:48.896,0.000338
12:59:48.897,19.487224,12:59:48.897,49.760222,12:59:48.897,0.000667
12:59:48.898,19.47034,12:59:48.898,50.21609,12:59:48.898,0.000009
12:59:48.899,19.13266,12:59:48.899,50.182322,12:59:48.899,0.001325
12:59:48.900,18.558604,12:59:48.900,50.030366,12:59:48.900,0.001325
12:59:48.901,17.933896,12:59:48.901,50.04725,12:59:48.901,0.001325
12:59:48.902,17.410492,12:59:48.902,49.743338,12:59:48.902,0.000667
12:59:48.903,16.85332,12:59:48.903,49.37189,12:59:48.903,0.000996
12:59:48.904,16.177961,12:59:48.904,49.101747,12:59:48.904,-0.000319
12:59:48.905,14.725937,12:59:48.905,48.865371,12:59:48.905,0.000009
12:59:48.906,10.55559,12:59:48.906,48.612111,12:59:48.906,0.000996
12:59:48.907,4.08902,12:59:48.907,48.325083,12:59:48.907,0.000009
12:59:48.908,-0.959295,12:59:48.908,48.038055,12:59:48.908,0.001325
12:59:48.909,-3.036026,12:59:48.909,48.240663,12:59:48.909,0.000338
12:59:48.910,-3.373706,12:59:48.910,48.443271,12:59:48.910,0.000009
12:59:48.911,-3.407474,12:59:48.911,48.612111,12:59:48.911,0.000009
12:59:48.912,-3.424358,12:59:48.912,48.679647,12:59:48.912,0.000667
12:59:48.913,-3.424358,12:59:48.913,49.101747,12:59:48.913,0.000996
12:59:48.914,-3.407474,12:59:48.914,49.574498,12:59:48.914,0.001982
12:59:48.915,-3.424358,12:59:48.915,49.658918,12:59:48.915,-0.000648
12:59:48.916,-3.407474,12:59:48.916,49.557614,12:59:48.916,0.001325
12:59:48.917,-3.424358,12:59:48.917,49.37189,12:59:48.917,0.001982
12:59:48.918,-3.424358,12:59:48.918,49.557614,12:59:48.918,0.002311
12:59:48.919,-3.407474,12:59:48.919,49.051095,12:59:48.919,0.001325
12:59:48.920,-3.407474,12:59:48.920,48.544575,12:59:48.920,0.001982
12:59:48.921,-3.356822,12:59:48.921,48.122475,12:59:48.921,0.002311
12:59:48.922,-3.255518,12:59:48.922,47.936751,12:59:48.922,0.002311
12:59:48.923,-2.073638,12:59:48.923,47.497767,12:59:48.923,0.002311
12:59:48.924,1.168089,12:59:48.924,47.092552,12:59:48.924,0.00264
12:59:48.925,4.831916,12:59:48.925,46.737988,12:59:48.925,0.00264
12:59:48.926,8.630815,12:59:48.926,46.889944,12:59:48.926,0.004941
12:59:48.927,12.682974,12:59:48.927,46.95748,12:59:48.927,0.003297
12:59:48.928,16.228613,12:59:48.928,46.923712,12:59:48.928,0.001982
12:59:48.929,19.267732,12:59:48.929,47.278276,12:59:48.929,0.003297
12:59:48.930,21.614607,12:59:48.930,47.666607,12:59:48.930,0.004284
12:59:48.931,23.184818,12:59:48.931,47.818563,12:59:48.931,0.003626
12:59:48.932,24.24851,12:59:48.932,47.936751,12:59:48.932,0.00264
12:59:48.933,24.92387,12:59:48.933,47.902983,12:59:48.933,0.001982
12:59:48.934,24.83945,12:59:48.934,47.919867,12:59:48.934,0.003297
12:59:48.935,24.16409,12:59:48.935,47.784795,12:59:48.935,0.00264
12:59:48.936,22.762718,12:59:48.936,47.565303,12:59:48.936,0.002311
12:59:48.937,21.108087,12:59:48.937,47.345811,12:59:48.937,0.000996
12:59:48.938,18.997588,12:59:48.938,47.176972,12:59:48.938,0.002969
12:59:48.939,16.414337,12:59:48.939,46.822408,12:59:48.939,0.003297
12:59:48.940,13.408986,12:59:48.940,46.467844,12:59:48.940,0.003297
12:59:48.941,10.336098,12:59:48.941,46.079512,12:59:48.941,0.00264
12:59:48.942,7.263211,12:59:48.942,45.995092,12:59:48.942,0.002969
12:59:48.943,3.953948,12:59:48.943,45.927556,12:59:48.943,0.003297
12:59:48.944,1.049901,12:59:48.944,45.826252,12:59:48.944,0.001325
12:59:48.945,-1.246323,12:59:48.945,45.910672,12:59:48.945,0.004941
12:59:48.946,-2.63081,12:59:48.946,45.978208,12:59:48.946,0.003297
12:59:48.947,-3.154214,12:59:48.947,46.096396,12:59:48.947,0.004941
12:59:48.948,-3.30617,12:59:48.948,46.045744,12:59:48.948,0.00264
12:59:48.949,-3.356822,12:59:48.949,45.995092,12:59:48.949,0.001325
12:59:48.950,-3.339938,12:59:48.950,46.045744,12:59:48.950,0.00264
12:59:48.951,-3.373706,12:59:48.951,46.045744,12:59:48.951,0.002311
12:59:48.952,-3.373706,12:59:48.952,45.893788,12:59:48.952,0.002969
12:59:48.953,-3.339938,12:59:48.953,45.7756,12:59:48.953,0.00264
12:59:48.954,-3.323054,12:59:48.954,45.708064,12:59:48.954,0.00264
12:59:48.955,-3.22175,12:59:48.955,45.471688,12:59:48.955,0.00264
12:59:48.956,-2.917838,12:59:48.956,45.032705,12:59:48.956,0.003626
12:59:48.957,-2.022986,12:59:48.957,44.880749,12:59:48.957,0.001325
12:59:48.958,-0.570963,12:59:48.958,44.559953,12:59:48.958,0.00264
12:59:48.959,1.320045,12:59:48.959,44.492417,12:59:48.959,0.002311
12:59:48.960,3.363008,12:59:48.960,44.289809,12:59:48.960,0.00264
12:59:48.961,5.287784,12:59:48.961,44.171621,12:59:48.961,0.001982
12:59:48.962,7.128139,12:59:48.962,44.323577,12:59:48.962,0.003297
12:59:48.963,8.985379,12:59:48.963,44.475533,12:59:48.963,0.001653
12:59:48.964,10.184142,12:59:48.964,44.391113,12:59:48.964,0.004284
12:59:48.965,11.619282,12:59:48.965,44.374229,12:59:48.965,0.001982
12:59:48.966,12.851814,12:59:48.966,44.509301,12:59:48.966,0.003626
12:59:48.967,13.121958,12:59:48.967,44.526185,12:59:48.967,0.002311
12:59:48.968,13.375218,12:59:48.968,44.306693,12:59:48.968,0.00264
12:59:48.969,13.34145,12:59:48.969,44.256041,12:59:48.969,0.003626
12:59:48.970,12.970002,12:59:48.970,44.256041,12:59:48.970,0.00264
12:59:48.971,12.32841,12:59:48.971,44.222273,12:59:48.971,0.00264
12:59:48.972,11.349138,12:59:48.972,43.969013,12:59:48.972,0.002311
12:59:48.973,9.913999,12:59:48.973,43.884593,12:59:48.973,0.002969
12:59:48.974,8.563279,12:59:48.974,43.901477,12:59:48.974,0.00264
12:59:48.975,7.094371,12:59:48.975,43.749521,12:59:48.975,0.002969
12:59:48.976,5.726768,12:59:48.976,43.513146,12:59:48.976,0.001982
12:59:48.977,4.34228,12:59:48.977,43.479378,12:59:48.977,0.002969
12:59:48.978,2.974676,12:59:48.978,43.614449,12:59:48.978,0.002311
12:59:48.979,1.691493,12:59:48.979,43.681985,12:59:48.979,0.002969
12:59:48.980,0.745989,12:59:48.980,43.614449,12:59:48.980,0.002969
12:59:48.981,-0.131979,12:59:48.981,43.665101,12:59:48.981,0.003297
12:59:48.982,-0.925527,12:59:48.982,43.817057,12:59:48.982,0.003955
12:59:48.983,-1.347627,12:59:48.983,43.867709,12:59:48.983,0.002969
12:59:48.984,-1.53335,12:59:48.984,43.884593,12:59:48.984,0.001982
12:59:48.985,-1.53335,12:59:48.985,43.783289,12:59:48.985,0.00264
12:59:48.986,-1.550234,12:59:48.986,43.732637,12:59:48.986,0.002969
12:59:48.987,-1.499582,12:59:48.987,43.766405,12:59:48.987,0.00264
12:59:48.988,-1.381395,12:59:48.988,43.631333,12:59:48.988,0.002969
12:59:48.989,-1.094367,12:59:48.989,43.546913,12:59:48.989,0.004612
12:59:48.990,-0.587847,12:59:48.990,43.580681,12:59:48.990,0.00264
12:59:48.991,0.003093,12:59:48.991,43.563797,12:59:48.991,0.001982
12:59:48.992,0.897945,12:59:48.992,43.36119,12:59:48.992,0.004941
12:59:48.993,1.809681,12:59:48.993,43.462494,12:59:48.993,0.002311
12:59:48.994,2.704532,12:59:48.994,43.44561,12:59:48.994,0.002311
12:59:48.995,3.531848,12:59:48.995,43.665101,12:59:48.995,0.003297
12:59:48.996,4.291628,12:59:48.996,43.631333,12:59:48.996,0.003626
12:59:48.997,4.865684,12:59:48.997,43.631333,12:59:48.997,0.001982
12:59:48.998,5.35532,12:59:48.998,43.783289,12:59:48.998,0.002969
12:59:48.999,5.743652,12:59:48.999,43.969013,12:59:48.999,0.003297
12:59:49.000,5.878724,12:59:49.000,43.850825,12:59:49.000,0.003297
12:59:49.001,5.996912,12:59:49.001,43.800173,12:59:49.001,0.00264
12:59:49.002,5.996912,12:59:49.002,43.749521,12:59:49.002,0.003297
12:59:49.003,5.929376,12:59:49.003,43.850825,12:59:49.003,0.00264
12:59:49.004,5.709884,12:59:49.004,43.698869,12:59:49.004,0.00264
12:59:49.005,5.338436,12:59:49.005,43.563797,12:59:49.005,0.002969
12:59:49.006,5.118944,12:59:49.006,43.53003,12:59:49.006,0.002311
12:59:49.007,4.713728,12:59:49.007,43.631333,12:59:49.007,0.002969
12:59:49.008,4.224092,12:59:49.008,43.513146,12:59:49.008,0.003955
12:59:49.009,3.717572,12:59:49.009,43.496262,12:59:49.009,0.001653
12:59:49.010,3.32924,12:59:49.010,43.563797,12:59:49.010,0.004284
12:59:49.011,2.839604,12:59:49.011,43.648217,12:59:49.011,0.002311
12:59:49.012,2.451273,12:59:49.012,43.698869,12:59:49.012,0.001653
12:59:49.013,2.096709,12:59:49.013,43.766405,12:59:49.013,0.003955
12:59:49.014,1.640841,12:59:49.014,43.800173,12:59:49.014,0.003297
12:59:49.015,1.286277,12:59:49.015,44.053433,12:59:49.015,0.00264
12:59:49.016,1.049901,12:59:49.016,43.969013,12:59:49.016,0.003297
12:59:49.017,0.881061,12:59:49.017,43.985897,12:59:49.017,0.004284
12:59:49.018,0.745989,12:59:49.018,43.952129,12:59:49.018,0.001982
12:59:49.019,0.610917,12:59:49.019,44.053433,12:59:49.019,0.002969
12:59:49.020,0.661569,12:59:49.020,43.952129,12:59:49.020,0.002311
12:59:49.021,0.881061,12:59:49.021,43.901477,12:59:49.021,0.003955
12:59:49.022,1.117437,12:59:49.022,43.884593,12:59:49.022,0.003955
12:59:49.023,1.336929,12:59:49.023,44.036549,12:59:49.023,0.00264
12:59:49.024,1.657725,12:59:49.024,43.918361,12:59:49.024,0.002311
12:59:49.025,1.877217,12:59:49.025,43.901477,12:59:49.025,0.00264
12:59:49.026,2.198013,12:59:49.026,43.918361,12:59:49.026,0.001653
12:59:49.027,2.468157,12:59:49.027,44.070317,12:59:49.027,0.003297
12:59:49.028,2.839604,12:59:49.028,44.171621,12:59:49.028,0.002969
12:59:49.029,3.194168,12:59:49.029,44.154737,12:59:49.029,0.001653
12:59:49.030,3.565616,12:59:49.030,44.205389,12:59:49.030,0.001982
12:59:49.031,3.886412,12:59:49.031,44.509301,12:59:49.031,0.001653
12:59:49.032,4.25786,12:59:49.032,44.509301,12:59:49.032,0.003297
12:59:49.033,4.4267,12:59:49.033,44.458649,12:59:49.033,0.001982
12:59:49.034,4.494236,12:59:49.034,44.458649,12:59:49.034,0.002311
12:59:49.035,4.51112,12:59:49.035,44.543069,12:59:49.035,0.003955
12:59:49.036,4.629308,12:59:49.036,44.357345,12:59:49.036,0.003626
12:59:49.037,4.646192,12:59:49.037,44.374229,12:59:49.037,0.003626
12:59:49.038,4.629308,12:59:49.038,44.289809,12:59:49.038,0.002969
12:59:49.039,4.544888,12:59:49.039,44.323577,12:59:49.039,0.004284
12:59:49.040,4.4267,12:59:49.040,44.120969,12:59:49.040,0.004941
12:59:49.041,4.25786,12:59:49.041,44.070317,12:59:49.041,0.002311
12:59:49.042,4.021484,12:59:49.042,44.002781,12:59:49.042,0.001653
12:59:49.043,3.768224,12:59:49.043,44.036549,12:59:49.043,0.002311
12:59:49.044,3.599384,12:59:49.044,44.036549,12:59:49.044,0.003297
12:59:49.045,3.514964,12:59:49.045,44.019665,12:59:49.045,0.002311
12:59:49.046,3.312356,12:59:49.046,44.070317,12:59:49.046,0.002969
12:59:49.047,3.07598,12:59:49.047,44.289809,12:59:49.047,0.003297
12:59:49.048,2.856488,12:59:49.048,44.323577,12:59:49.048,0.001325
12:59:49.049,2.687649,12:59:49.049,44.357345,12:59:49.049,0.003626
12:59:49.050,2.518809,12:59:49.050,44.475533,12:59:49.050,0.00264
12:59:49.051,2.316201,12:59:49.051,44.661257,12:59:49.051,0.003297
12:59:49.052,2.198013,12:59:49.052,44.695025,12:59:49.052,0.001653
12:59:49.053,2.181129,12:59:49.053,44.593721,12:59:49.053,0.002311
12:59:49.054,2.181129,12:59:49.054,44.610605,12:59:49.054,0.003626
12:59:49.055,2.181129,12:59:49.055,44.644373,12:59:49.055,0.003297
12:59:49.056,2.181129,12:59:49.056,44.559953,12:59:49.056,0.002969
12:59:49.057,2.265549,12:59:49.057,44.424881,12:59:49.057,0.001982
12:59:49.058,2.366853,12:59:49.058,44.222273,12:59:49.058,0.001982
12:59:49.059,2.299317,12:59:49.059,44.441765,12:59:49.059,0.003297
12:59:49.060,2.485041,12:59:49.060,44.239157,12:59:49.060,0.003297
12:59:49.061,2.670765,12:59:49.061,44.154737,12:59:49.061,0.003297
12:59:49.062,2.805836,12:59:49.062,44.070317,12:59:49.062,0.002969
12:59:49.063,2.957792,12:59:49.063,44.340461,12:59:49.063,0.00264
12:59:49.064,3.194168,12:59:49.064,44.137853,12:59:49.064,0.003297
12:59:49.065,3.346124,12:59:49.065,44.087201,12:59:49.065,0.002969
12:59:49.066,3.464312,12:59:49.066,44.070317,12:59:49.066,0.003297
12:59:49.067,3.633152,12:59:49.067,44.272925,12:59:49.067,0.002969
12:59:49.068,3.801992,12:59:49.068,44.188505,12:59:49.068,0.001325
12:59:49.069,3.970832,12:59:49.069,44.002781,12:59:49.069,0.002969
12:59:49.070,4.122788,12:59:49.070,44.053433,12:59:49.070,0.00264
12:59:49.071,4.224092,12:59:49.071,44.205389,12:59:49.071,0.002969
12:59:49.072,4.291628,12:59:49.072,44.053433,12:59:49.072,0.003626
12:59:49.073,4.34228,12:59:49.073,43.935245,12:59:49.073,0.003955
12:59:49.074,4.392932,12:59:49.074,43.800173,12:59:49.074,0.003626
12:59:49.075,4.359164,12:59:49.075,43.952129,12:59:49.075,0.003297
12:59:49.076,4.376048,12:59:49.076,43.884593,12:59:49.076,0.00264
12:59:49.077,4.291628,12:59:49.077,43.715753,12:59:49.077,0.00264
12:59:49.078,4.240976,12:59:49.078,43.681985,12:59:49.078,0.002311
12:59:49.079,4.055252,12:59:49.079,43.901477,12:59:49.079,0.002969
12:59:49.080,3.987716,12:59:49.080,43.884593,12:59:49.080,0.002969
12:59:49.081,4.0046,12:59:49.081,43.681985,12:59:49.081,0.002311
12:59:49.082,3.92018,12:59:49.082,43.833941,12:59:49.082,0.002969
12:59:49.083,3.75134,12:59:49.083,43.833941,12:59:49.083,0.003955
12:59:49.084,3.633152,12:59:49.084,43.935245,12:59:49.084,0.000996
12:59:49.085,3.5825,12:59:49.085,43.901477,12:59:49.085,0.002311
12:59:49.086,3.531848,12:59:49.086,43.833941,12:59:49.086,0.00264
12:59:49.087,3.346124,12:59:49.087,43.817057,12:59:49.087,0.00264
12:59:49.088,3.194168,12:59:49.088,43.850825,12:59:49.088,0.002969
12:59:49.089,3.1604,12:59:49.089,43.681985,12:59:49.089,0.003626
12:59:49.090,3.07598,12:59:49.090,43.715753,12:59:49.090,0.003297
12:59:49.091,2.924024,12:59:49.091,43.614449,12:59:49.091,0.003297
12:59:49.092,2.839604,12:59:49.092,43.715753,12:59:49.092,0.003626
12:59:49.093,2.704532,12:59:49.093,43.580681,12:59:49.093,0.002311
12:59:49.094,2.721416,12:59:49.094,43.513146,12:59:49.094,0.001982
12:59:49.095,2.620113,12:59:49.095,43.563797,12:59:49.095,0.002311
12:59:49.096,2.586345,12:59:49.096,43.513146,12:59:49.096,0.00264
12:59:49.097,2.704532,12:59:49.097,43.327422,12:59:49.097,0.001653
12:59:49.098,2.772068,12:59:49.098,43.27677,12:59:49.098,0.002311
12:59:49.099,2.7383,12:59:49.099,43.259886,12:59:49.099,0.004612
12:59:49.100,2.636997,12:59:49.100,43.36119,12:59:49.100,0.003626
12:59:49.101,2.670765,12:59:49.101,43.27677,12:59:49.101,0.001982
12:59:49.102,2.788952,12:59:49.102,43.226118,12:59:49.102,0.003626
12:59:49.103,2.890256,12:59:49.103,43.226118,12:59:49.103,0.003297
12:59:49.104,2.99156,12:59:49.104,43.226118,12:59:49.104,0.00264
12:59:49.105,3.042212,12:59:49.105,43.141698,12:59:49.105,0.005599
12:59:49.106,3.126632,12:59:49.106,43.091046,12:59:49.106,0.002969
12:59:49.107,3.261704,12:59:49.107,43.209234,12:59:49.107,0.00264
12:59:49.108,3.363008,12:59:49.108,43.344306,12:59:49.108,0.001653
12:59:49.109,3.447428,12:59:49.109,43.226118,12:59:49.109,0.003297
12:59:49.110,3.531848,12:59:49.110,43.259886,12:59:49.110,0.00264
12:59:49.111,3.481196,12:59:49.111,43.327422,12:59:49.111,0.002311
12:59:49.112,3.430544,12:59:49.112,43.293654,12:59:49.112,0.002969
12:59:49.113,3.49808,12:59:49.113,43.074162,12:59:49.113,0.001653
12:59:49.114,3.481196,12:59:49.114,42.871554,12:59:49.114,0.002969
12:59:49.115,3.447428,12:59:49.115,42.972858,12:59:49.115,0.002969
12:59:49.116,3.447428,12:59:49.116,42.955974,12:59:49.116,0.002311
12:59:49.117,3.379892,12:59:49.117,42.753366,12:59:49.117,0.002311
12:59:49.118,3.363008,12:59:49.118,42.787134,12:59:49.118,0.002311
12:59:49.119,3.261704,12:59:49.119,42.820902,12:59:49.119,0.002311
12:59:49.120,3.194168,12:59:49.120,42.837786,12:59:49.120,0.001653
12:59:49.121,3.126632,12:59:49.121,42.77025,12:59:49.121,0.002969
12:59:49.122,3.008444,12:59:49.122,42.719598,12:59:49.122,0.001653
12:59:49.123,2.856488,12:59:49.123,42.804018,12:59:49.123,0.003297
12:59:49.124,2.82272,12:59:49.124,42.837786,12:59:49.124,0.00264
12:59:49.125,2.839604,12:59:49.125,42.905322,12:59:49.125,0.002969
12:59:49.126,2.7383,12:59:49.126,43.040394,12:59:49.126,0.003955
12:59:49.127,2.620113,12:59:49.127,42.989742,12:59:49.127,0.003626
12:59:49.128,2.552577,12:59:49.128,43.074162,12:59:49.128,0.003626
12:59:49.129,2.518809,12:59:49.129,42.787134,12:59:49.129,0.000996
12:59:49.130,2.417505,12:59:49.130,42.804018,12:59:49.130,0.00264
12:59:49.131,2.366853,12:59:49.131,42.736482,12:59:49.131,0.001653
12:59:49.132,2.214897,12:59:49.132,42.736482,12:59:49.132,0.00264
12:59:49.133,2.181129,12:59:49.133,42.60141,12:59:49.133,0.00264
12:59:49.134,2.214897,12:59:49.134,42.483222,12:59:49.134,0.002311
12:59:49.135,2.147361,12:59:49.135,42.449454,12:59:49.135,0.002311
12:59:49.136,2.062941,12:59:49.136,42.483222,12:59:49.136,0.005928
12:59:49.137,2.079825,12:59:49.137,42.34815,12:59:49.137,0.00264
12:59:49.138,2.062941,12:59:49.138,42.297498,12:59:49.138,0.003626
12:59:49.139,2.147361,12:59:49.139,42.297498,12:59:49.139,0.002311
12:59:49.140,2.062941,12:59:49.140,42.365034,12:59:49.140,0.002969
12:59:49.141,2.181129,12:59:49.141,42.34815,12:59:49.141,0.002969
12:59:49.142,2.248665,12:59:49.142,42.331266,12:59:49.142,0.002311
12:59:49.143,2.248665,12:59:49.143,42.381918,12:59:49.143,0.001653
12:59:49.144,2.299317,12:59:49.144,42.500106,12:59:49.144,0.003955
12:59:49.145,2.383737,12:59:49.145,42.415686,12:59:49.145,0.002311
12:59:49.146,2.468157,12:59:49.146,42.398802,12:59:49.146,0.00264
12:59:49.147,2.485041,12:59:49.147,42.381918,12:59:49.147,0.00264
12:59:49.148,2.552577,12:59:49.148,42.533874,12:59:49.148,0.00264
12:59:49.149,2.636997,12:59:49.149,42.246846,12:59:49.149,0.001982
12:59:49.150,2.704532,12:59:49.150,42.331266,12:59:49.150,0.003626
12:59:49.151,2.620113,12:59:49.151,42.297498,12:59:49.151,0.00264
12:59:49.152,2.586345,12:59:49.152,42.314382,12:59:49.152,0.001653
12:59:49.153,2.670765,12:59:49.153,42.280614,12:59:49.153,0.003955
12:59:49.154,2.552577,12:59:49.154,42.145542,12:59:49.154,0.002969
12:59:49.155,2.603229,12:59:49.155,42.128658,12:59:49.155,0.002969
12:59:49.156,2.501925,12:59:49.156,42.145542,12:59:49.156,0.00264
12:59:49.157,2.417505,12:59:49.157,42.078006,12:59:49.157,0.002969
12:59:49.158,2.383737,12:59:49.158,41.959818,12:59:49.158,0.002311
12:59:49.159,2.198013,12:59:49.159,41.942934,12:59:49.159,0.001982
12:59:49.160,2.130477,12:59:49.160,42.044238,12:59:49.160,0.002311
12:59:49.161,2.029173,12:59:49.161,41.976702,12:59:49.161,0.00264
12:59:49.162,1.978521,12:59:49.162,41.976702,12:59:49.162,0.003297
12:59:49.163,1.843449,12:59:49.163,42.044238,12:59:49.163,0.001653
12:59:49.164,1.759029,12:59:49.164,42.061122,12:59:49.164,0.00264
12:59:49.165,1.708377,12:59:49.165,42.027354,12:59:49.165,0.002969
12:59:49.166,1.691493,12:59:49.166,42.044238,12:59:49.166,0.002311
12:59:49.167,1.590189,12:59:49.167,42.01047,12:59:49.167,0.002969
12:59:49.168,1.539537,12:59:49.168,42.162426,12:59:49.168,0.003297
12:59:49.169,1.472001,12:59:49.169,41.993586,12:59:49.169,0.003297
12:59:49.170,1.590189,12:59:49.170,41.909166,12:59:49.170,0.001982
12:59:49.171,1.556421,12:59:49.171,41.909166,12:59:49.171,0.003297
12:59:49.172,1.505769,12:59:49.172,42.061122,12:59:49.172,0.003297
12:59:49.173,1.590189,12:59:49.173,41.993586,12:59:49.173,0.002311
12:59:49.174,1.539537,12:59:49.174,41.92605,12:59:49.174,0.00264
12:59:49.175,1.623957,12:59:49.175,41.875398,12:59:49.175,0.001653
12:59:49.176,1.674609,12:59:49.176,41.959818,12:59:49.176,0.00264
12:59:49.177,1.691493,12:59:49.177,41.807862,12:59:49.177,0.004284
12:59:49.178,1.826565,12:59:49.178,41.858514,12:59:49.178,0.002311
12:59:49.179,1.877217,12:59:49.179,41.75721,12:59:49.179,0.00264
12:59:49.180,1.860333,12:59:49.180,41.807862,12:59:49.180,0.00264
12:59:49.181,2.012289,12:59:49.181,41.790978,12:59:49.181,0.004284
12:59:49.182,2.113593,12:59:49.182,41.740326,12:59:49.182,0.002969
12:59:49.183,2.181129,12:59:49.183,41.689674,12:59:49.183,0.001982
12:59:49.184,2.214897,12:59:49.184,41.807862,12:59:49.184,0.003297
12:59:49.185,2.366853,12:59:49.185,41.807862,12:59:49.185,0.003297
12:59:49.186,2.316201,12:59:49.186,41.774094,12:59:49.186,0.003297
12:59:49.187,2.333085,12:59:49.187,41.774094,12:59:49.187,0.003297
12:59:49.188,2.316201,12:59:49.188,41.892282,12:59:49.188,0.003297
12:59:49.189,2.248665,12:59:49.189,41.774094,12:59:49.189,0.001982
12:59:49.190,2.299317,12:59:49.190,41.807862,12:59:49.190,0.003297
12:59:49.191,2.265549,12:59:49.191,41.790978,12:59:49.191,0.00264
12:59:49.192,2.181129,12:59:49.192,41.92605,12:59:49.192,0.004612
12:59:49.193,2.147361,12:59:49.193,41.909166,12:59:49.193,0.003955
12:59:49.194,2.062941,12:59:49.194,41.807862,12:59:49.194,0.002969
12:59:49.195,1.995405,12:59:49.195,41.75721,12:59:49.195,0.002311
12:59:49.196,1.809681,12:59:49.196,41.84163,12:59:49.196,0.004284
12:59:49.197,1.792797,12:59:49.197,41.807862,12:59:49.197,0.003626
12:59:49.198,1.775913,12:59:49.198,41.706558,12:59:49.198,0.001982
12:59:49.199,1.674609,12:59:49.199,41.689674,12:59:49.199,0.002969
12:59:49.200,1.590189,12:59:49.200,41.689674,12:59:49.200,0.002311
12:59:49.201,1.539537,12:59:49.201,41.655906,12:59:49.201,0.004284
12:59:49.202,1.522653,12:59:49.202,41.605254,12:59:49.202,0.002311
12:59:49.203,1.488885,12:59:49.203,41.58837,12:59:49.203,0.002311
12:59:49.204,1.438233,12:59:49.204,41.639022,12:59:49.204,0.003626
12:59:49.205,1.539537,12:59:49.205,41.67279,12:59:49.205,0.003297
12:59:49.206,1.573305,12:59:49.206,41.571486,12:59:49.206,0.003297
12:59:49.207,1.674609,12:59:49.207,41.605254,12:59:49.207,0.00264
12:59:49.208,1.674609,12:59:49.208,41.723442,12:59:49.208,0.003297
12:59:49.209,1.742145,12:59:49.209,41.689674,12:59:49.209,0.003297
12:59:49.210,1.759029,12:59:49.210,41.655906,12:59:49.210,0.003626
12:59:49.211,1.860333,12:59:49.211,41.706558,12:59:49.211,0.002311
12:59:49.212,1.910985,12:59:49.212,41.790978,12:59:49.212,0.003955
12:59:49.213,1.978521,12:59:49.213,41.689674,12:59:49.213,0.003297
12:59:49.214,2.096709,12:59:49.214,41.639022,12:59:49.214,0.00264
12:59:49.215,2.113593,12:59:49.215,41.723442,12:59:49.215,0.001653
12:59:49.216,2.164245,12:59:49.216,41.740326,12:59:49.216,0.002969
12:59:49.217,2.248665,12:59:49.217,41.689674,12:59:49.217,0.00264
12:59:49.218,2.231781,12:59:49.218,41.622138,12:59:49.218,0.003297
12:59:49.219,2.366853,12:59:49.219,41.537719,12:59:49.219,0.001982
12:59:49.220,2.366853,12:59:49.220,41.58837,12:59:49.220,0.001982
12:59:49.221,2.383737,12:59:49.221,41.554602,12:59:49.221,0.001982
12:59:49.222,2.400621,12:59:49.222,41.419531,12:59:49.222,0.002969
12:59:49.223,2.501925,12:59:49.223,41.487067,12:59:49.223,0.00264
12:59:49.224,2.383737,12:59:49.224,41.571486,12:59:49.224,0.00264
12:59:49.225,2.383737,12:59:49.225,41.571486,12:59:49.225,0.002311
12:59:49.226,2.333085,12:59:49.226,41.487067,12:59:49.226,0.001982
12:59:49.227,2.265549,12:59:49.227,41.503951,12:59:49.227,0.001653
12:59:49.228,2.282433,12:59:49.228,41.605254,12:59:49.228,0.003297
12:59:49.229,2.198013,12:59:49.229,41.605254,12:59:49.229,0.00264
12:59:49.230,2.147361,12:59:49.230,41.571486,12:59:49.230,0.00264
12:59:49.231,2.164245,12:59:49.231,41.58837,12:59:49.231,0.001982
12:59:49.232,2.029173,12:59:49.232,41.723442,12:59:49.232,0.00264
12:59:49.233,2.012289,12:59:49.233,41.706558,12:59:49.233,0.002311
12:59:49.234,1.910985,12:59:49.234,41.655906,12:59:49.234,0.004612
12:59:49.235,1.860333,12:59:49.235,41.537719,12:59:49.235,0.001982
12:59:49.236,1.843449,12:59:49.236,41.58837,12:59:49.236,0.003955
12:59:49.237,1.860333,12:59:49.237,41.639022,12:59:49.237,0.00264
12:59:49.238,1.826565,12:59:49.238,41.503951,12:59:49.238,0.002969
12:59:49.239,1.843449,12:59:49.239,41.487067,12:59:49.239,0.00264
12:59:49.240,1.894101,12:59:49.240,41.453299,12:59:49.240,0.001982
12:59:49.241,1.910985,12:59:49.241,41.571486,12:59:49.241,0.002969
12:59:49.242,1.944753,12:59:49.242,41.453299,12:59:49.242,0.001982
12:59:49.243,2.012289,12:59:49.243,41.453299,12:59:49.243,0.002311
12:59:49.244,2.079825,12:59:49.244,41.520835,12:59:49.244,0.00527
12:59:49.245,2.113593,12:59:49.245,41.520835,12:59:49.245,0.003297
12:59:49.246,2.214897,12:59:49.246,41.385763,12:59:49.246,0.003626
12:59:49.247,2.299317,12:59:49.247,41.385763,12:59:49.247,0.001653
12:59:49.248,2.349969,12:59:49.248,41.402647,12:59:49.248,0.003297
12:59:49.249,2.451273,12:59:49.249,41.520835,12:59:49.249,0.003297
12:59:49.250,2.518809,12:59:49.250,41.402647,12:59:49.250,0.003297
12:59:49.251,2.518809,12:59:49.251,41.419531,12:59:49.251,0.002311
12:59:49.252,2.535693,12:59:49.252,41.402647,12:59:49.252,0.003626
12:59:49.253,2.603229,12:59:49.253,41.436415,12:59:49.253,0.003297
12:59:49.254,2.653881,12:59:49.254,41.419531,12:59:49.254,0.001653
12:59:49.255,2.603229,12:59:49.255,41.402647,12:59:49.255,0.00264
12:59:49.256,2.518809,12:59:49.256,41.335111,12:59:49.256,0.003626
12:59:49.257,2.535693,12:59:49.257,41.335111,12:59:49.257,0.002311
12:59:49.258,2.485041,12:59:49.258,41.301343,12:59:49.258,0.002311
12:59:49.259,2.468157,12:59:49.259,41.301343,12:59:49.259,0.00264
12:59:49.260,2.316201,12:59:49.260,41.216923,12:59:49.260,0.001325
12:59:49.261,2.265549,12:59:49.261,41.335111,12:59:49.261,0.003955
12:59:49.262,2.316201,12:59:49.262,41.267575,12:59:49.262,0.002311
12:59:49.263,2.198013,12:59:49.263,41.183155,12:59:49.263,0.003626
12:59:49.264,2.113593,12:59:49.264,41.250691,12:59:49.264,0.003626
12:59:49.265,2.113593,12:59:49.265,41.200039,12:59:49.265,0.002311
12:59:49.266,2.029173,12:59:49.266,41.216923,12:59:49.266,0.003626
12:59:49.267,2.079825,12:59:49.267,41.132503,12:59:49.267,0.001325
12:59:49.268,2.029173,12:59:49.268,41.132503,12:59:49.268,0.005599
12:59:49.269,1.910985,12:59:49.269,41.233807,12:59:49.269,0.00264
12:59:49.270,1.877217,12:59:49.270,41.048083,12:59:49.270,0.001325
12:59:49.271,1.826565,12:59:49.271,41.098735,12:59:49.271,0.002311
12:59:49.272,1.759029,12:59:49.272,41.115619,12:59:49.272,0.00264
12:59:49.273,1.792797,12:59:49.273,41.233807,12:59:49.273,0.002969
12:59:49.274,1.759029,12:59:49.274,41.081851,12:59:49.274,0.001982
12:59:49.275,1.792797,12:59:49.275,41.031199,12:59:49.275,0.00264
12:59:49.276,1.775913,12:59:49.276,41.064967,12:59:49.276,0.003297
12:59:49.277,1.792797,12:59:49.277,40.980547,12:59:49.277,0.003626
12:59:49.278,1.809681,12:59:49.278,40.913011,12:59:49.278,0.002311
12:59:49.279,1.877217,12:59:49.279,40.913011,12:59:49.279,0.00264
12:59:49.280,1.877217,12:59:49.280,40.980547,12:59:49.280,0.001982
12:59:49.281,1.910985,12:59:49.281,40.946779,12:59:49.281,0.00264
12:59:49.282,1.910985,12:59:49.282,40.929895,12:59:49.282,0.00264
12:59:49.283,1.961637,12:59:49.283,40.845475,12:59:49.283,0.001653
12:59:49.284,2.046057,12:59:49.284,40.862359,12:59:49.284,0.00264
12:59:49.285,2.062941,12:59:49.285,40.946779,12:59:49.285,0.002311
12:59:49.286,2.164245,12:59:49.286,40.811707,12:59:49.286,0.00264
12:59:49.287,2.198013,12:59:49.287,40.777939,12:59:49.287,0.00264
12:59:49.288,2.248665,12:59:49.288,40.761055,12:59:49.288,0.000996
12:59:49.289,2.181129,12:59:49.289,40.794823,12:59:49.289,0.003955
12:59:49.290,2.214897,12:59:49.290,40.777939,12:59:49.290,0.002969
12:59:49.291,2.181129,12:59:49.291,40.625983,12:59:49.291,0.004284
12:59:49.292,2.147361,12:59:49.292,40.642867,12:59:49.292,0.003297
12:59:49.293,2.164245,12:59:49.293,40.710403,12:59:49.293,0.000667
12:59:49.294,2.164245,12:59:49.294,40.642867,12:59:49.294,0.001982
12:59:49.295,2.130477,12:59:49.295,40.507795,12:59:49.295,0.003626
12:59:49.296,1.995405,12:59:49.296,40.490911,12:59:49.296,0.00264
12:59:49.297,1.927869,12:59:49.297,40.710403,12:59:49.297,0.002969
12:59:49.298,1.860333,12:59:49.298,40.507795,12:59:49.298,0.002311
12:59:49.299,1.809681,12:59:49.299,40.440259,12:59:49.299,0.003297
12:59:49.300,1.725261,12:59:49.300,40.440259,12:59:49.300,0.003955
12:59:49.301,1.674609,12:59:49.301,40.541563,12:59:49.301,0.002311
12:59:49.302,1.691493,12:59:49.302,40.423375,12:59:49.302,0.00264
12:59:49.303,1.640841,12:59:49.303,40.372723,12:59:49.303,0.001982
12:59:49.304,1.590189,12:59:49.304,40.389607,12:59:49.304,0.00264
12:59:49.305,1.556421,12:59:49.305,40.474027,12:59:49.305,0.003626
12:59:49.306,1.505769,12:59:49.306,40.322071,12:59:49.306,0.001653
12:59:49.307,1.505769,12:59:49.307,40.322071,12:59:49.307,0.003955
12:59:49.308,1.539537,12:59:49.308,40.305187,12:59:49.308,0.00264
12:59:49.309,1.522653,12:59:49.309,40.490911,12:59:49.309,0.003297
12:59:49.310,1.488885,12:59:49.310,40.288303,12:59:49.310,0.002969
12:59:49.311,1.505769,12:59:49.311,40.254535,12:59:49.311,0.002311
12:59:49.312,1.505769,12:59:49.312,40.305187,12:59:49.312,0.003297
12:59:49.313,1.505769,12:59:49.313,40.288303,12:59:49.313,0.002969
12:59:49.314,1.455117,12:59:49.314,40.305187,12:59:49.314,0.00264
12:59:49.315,1.472001,12:59:49.315,40.203883,12:59:49.315,0.002969
12:59:49.316,1.573305,12:59:49.316,40.136347,12:59:49.316,0.002311
12:59:49.317,1.438233,12:59:49.317,40.170115,12:59:49.317,0.003626
12:59:49.318,1.573305,12:59:49.318,40.119463,12:59:49.318,0.00264
12:59:49.319,1.488885,12:59:49.319,40.102579,12:59:49.319,0.003626
12:59:49.320,1.539537,12:59:49.320,40.085695,12:59:49.320,0.001325
12:59:49.321,1.488885,12:59:49.321,40.018159,12:59:49.321,0.002311
12:59:49.322,1.539537,12:59:49.322,40.085695,12:59:49.322,0.003626
12:59:49.323,1.522653,12:59:49.323,40.068811,12:59:49.323,0.004612
12:59:49.324,1.573305,12:59:49.324,39.967507,12:59:49.324,0.002969
12:59:49.325,1.573305,12:59:49.325,40.085695,12:59:49.325,0.00264
12:59:49.326,1.556421,12:59:49.326,40.035043,12:59:49.326,0.001653
12:59:49.327,1.573305,12:59:49.327,40.102579,12:59:49.327,0.001653
12:59:49.328,1.556421,12:59:49.328,40.001275,12:59:49.328,0.001653
12:59:49.329,1.522653,12:59:49.329,40.136347,12:59:49.329,0.001653
12:59:49.330,1.522653,12:59:49.330,40.102579,12:59:49.330,0.003626
12:59:49.331,1.505769,12:59:49.331,39.984391,12:59:49.331,0.001982
12:59:49.332,1.438233,12:59:49.332,40.102579,12:59:49.332,0.002969
12:59:49.333,1.438233,12:59:49.333,40.085695,12:59:49.333,0.002969
12:59:49.334,1.488885,12:59:49.334,40.102579,12:59:49.334,0.000667
12:59:49.335,1.404465,12:59:49.335,39.967507,12:59:49.335,0.003626
12:59:49.336,1.370697,12:59:49.336,40.018159,12:59:49.336,0.000996
12:59:49.337,1.336929,12:59:49.337,40.051927,12:59:49.337,0.005599
12:59:49.338,1.303161,12:59:49.338,40.102579,12:59:49.338,0.002311
12:59:49.339,1.269393,12:59:49.339,39.950623,12:59:49.339,0.001325
12:59:49.340,1.269393,12:59:49.340,39.815551,12:59:49.340,0.001982
12:59:49.341,1.269393,12:59:49.341,39.950623,12:59:49.341,0.002969
12:59:49.342,1.252509,12:59:49.342,39.950623,12:59:49.342,0.00264
12:59:49.343,1.252509,12:59:49.343,39.781783,12:59:49.343,0.00264
12:59:49.344,1.303161,12:59:49.344,39.967507,12:59:49.344,0.002311
12:59:49.345,1.286277,12:59:49.345,39.967507,12:59:49.345,0.003955
12:59:49.346,1.404465,12:59:49.346,39.984391,12:59:49.346,0.00264
12:59:49.347,1.438233,12:59:49.347,39.883087,12:59:49.347,0.00264
12:59:49.348,1.472001,12:59:49.348,39.899971,12:59:49.348,0.002969
12:59:49.349,1.505769,12:59:49.349,40.001275,12:59:49.349,0.000996
12:59:49.350,1.455117,12:59:49.350,40.051927,12:59:49.350,0.002969
12:59:49.351,1.505769,12:59:49.351,39.950623,12:59:49.351,0.002969
12:59:49.352,1.590189,12:59:49.352,39.899971,12:59:49.352,0.002311
12:59:49.353,1.505769,12:59:49.353,39.916855,12:59:49.353,0.002969
12:59:49.354,1.522653,12:59:49.354,39.899971,12:59:49.354,0.002969
12:59:49.355,1.573305,12:59:49.355,39.883087,12:59:49.355,0.003297
12:59:49.356,1.623957,12:59:49.356,39.798667,12:59:49.356,0.00264
12:59:49.357,1.556421,12:59:49.357,39.933739,12:59:49.357,0.003297
12:59:49.358,1.573305,12:59:49.358,39.798667,12:59:49.358,0.002969
12:59:49.359,1.573305,12:59:49.359,39.781783,12:59:49.359,0.001325
12:59:49.360,1.607073,12:59:49.360,39.511639,12:59:49.360,0.003297
12:59:49.361,1.505769,12:59:49.361,39.731131,12:59:49.361,0.001653
12:59:49.362,1.607073,12:59:49.362,39.663595,12:59:49.362,0.003297
12:59:49.363,1.556421,12:59:49.363,39.697363,12:59:49.363,0.00264
12:59:49.364,1.472001,12:59:49.364,39.596059,12:59:49.364,0.00264
12:59:49.365,1.438233,12:59:49.365,39.781783,12:59:49.365,0.003297
12:59:49.366,1.472001,12:59:49.366,39.781783,12:59:49.366,0.003955
12:59:49.367,1.472001,12:59:49.367,39.748015,12:59:49.367,0.002311
12:59:49.368,1.438233,12:59:49.368,39.596059,12:59:49.368,0.00264
12:59:49.369,1.404465,12:59:49.369,39.764899,12:59:49.369,0.00264
12:59:49.370,1.404465,12:59:49.370,39.781783,12:59:49.370,0.003626
12:59:49.371,1.421349,12:59:49.371,39.714247,12:59:49.371,0.00264
12:59:49.372,1.421349,12:59:49.372,39.646711,12:59:49.372,0.000667
12:59:49.373,1.353813,12:59:49.373,39.781783,12:59:49.373,0.002311
12:59:49.374,1.353813,12:59:49.374,39.697363,12:59:49.374,0.001982
12:59:49.375,1.404465,12:59:49.375,39.562291,12:59:49.375,0.003297
12:59:49.376,1.438233,12:59:49.376,39.511639,12:59:49.376,0.002969
12:59:49.377,1.421349,12:59:49.377,39.629827,12:59:49.377,0.001653
12:59:49.378,1.404465,12:59:49.378,39.646711,12:59:49.378,0.003626
12:59:49.379,1.488885,12:59:49.379,39.511639,12:59:49.379,0.002311
12:59:49.380,1.455117,12:59:49.380,39.528523,12:59:49.380,0.002969
12:59:49.381,1.488885,12:59:49.381,39.596059,12:59:49.381,0.003297
12:59:49.382,1.505769,12:59:49.382,39.697363,12:59:49.382,0.00264
12:59:49.383,1.623957,12:59:49.383,39.528523,12:59:49.383,0.002311
12:59:49.384,1.708377,12:59:49.384,39.528523,12:59:49.384,0.003297
12:59:49.385,1.640841,12:59:49.385,39.697363,12:59:49.385,0.002969
12:59:49.386,1.674609,12:59:49.386,39.731131,12:59:49.386,0.001325
12:59:49.387,1.759029,12:59:49.387,39.697363,12:59:49.387,0.003297
12:59:49.388,1.792797,12:59:49.388,39.781783,12:59:49.388,0.002969
12:59:49.389,1.843449,12:59:49.389,39.764899,12:59:49.389,0.003955
12:59:49.390,1.775913,12:59:49.390,39.781783,12:59:49.390,0.002969
12:59:49.391,1.792797,12:59:49.391,39.680479,12:59:49.391,0.002969
12:59:49.392,1.877217,12:59:49.392,39.697363,12:59:49.392,0.00264
12:59:49.393,1.826565,12:59:49.393,39.697363,12:59:49.393,0.001325
12:59:49.394,1.742145,12:59:49.394,39.680479,12:59:49.394,0.00264
12:59:49.395,1.775913,12:59:49.395,39.562291,12:59:49.395,0.000996
12:59:49.396,1.742145,12:59:49.396,39.562291,12:59:49.396,0.002311
12:59:49.397,1.640841,12:59:49.397,39.545407,12:59:49.397,0.003297
12:59:49.398,1.691493,12:59:49.398,39.545407,12:59:49.398,0.002969
12:59:49.399,1.623957,12:59:49.399,39.460988,12:59:49.399,0.003297
12:59:49.400,1.623957,12:59:49.400,39.494756,12:59:49.400,0.001653
12:59:49.401,1.607073,12:59:49.401,39.528523,12:59:49.401,0.003626
12:59:49.402,1.556421,12:59:49.402,39.612943,12:59:49.402,0.001653
12:59:49.403,1.573305,12:59:49.403,39.460988,12:59:49.403,0.003626
12:59:49.404,1.623957,12:59:49.404,39.528523,12:59:49.404,0.002311
12:59:49.405,1.505769,12:59:49.405,39.393452,12:59:49.405,0.001982
12:59:49.406,1.573305,12:59:49.406,39.511639,12:59:49.406,0.00264
12:59:49.407,1.590189,12:59:49.407,39.460988,12:59:49.407,0.001982
12:59:49.408,1.607073,12:59:49.408,39.460988,12:59:49.408,0.003626
12:59:49.409,1.590189,12:59:49.409,39.460988,12:59:49.409,0.00264
12:59:49.410,1.590189,12:59:49.410,39.562291,12:59:49.410,0.00264
12:59:49.411,1.640841,12:59:49.411,39.444104,12:59:49.411,0.004284
12:59:49.412,1.657725,12:59:49.412,39.410336,12:59:49.412,0.003955
12:59:49.413,1.657725,12:59:49.413,39.42722,12:59:49.413,0.002311
12:59:49.414,1.657725,12:59:49.414,39.562291,12:59:49.414,0.002969
12:59:49.415,1.674609,12:59:49.415,39.359684,12:59:49.415,0.000338
12:59:49.416,1.674609,12:59:49.416,39.309032,12:59:49.416,0.002969
12:59:49.417,1.691493,12:59:49.417,39.275264,12:59:49.417,0.002311
12:59:49.418,1.742145,12:59:49.418,39.325916,12:59:49.418,0.001653
12:59:49.419,1.775913,12:59:49.419,39.17396,12:59:49.419,0.003297
12:59:49.420,1.725261,12:59:49.420,39.106424,12:59:49.420,0.00264
12:59:49.421,1.725261,12:59:49.421,39.157076,12:59:49.421,0.003297
12:59:49.422,1.742145,12:59:49.422,39.224612,12:59:49.422,0.00264
12:59:49.423,1.792797,12:59:49.423,39.106424,12:59:49.423,0.000996
12:59:49.424,1.792797,12:59:49.424,39.140192,12:59:49.424,0.002969
12:59:49.425,1.792797,12:59:49.425,39.123308,12:59:49.425,0.001982
12:59:49.426,1.742145,12:59:49.426,39.224612,12:59:49.426,0.004941
12:59:49.427,1.775913,12:59:49.427,39.072656,12:59:49.427,0.002969
12:59:49.428,1.860333,12:59:49.428,39.08954,12:59:49.428,0.002311
12:59:49.429,1.843449,12:59:49.429,39.140192,12:59:49.429,0.001982
12:59:49.430,1.826565,12:59:49.430,39.140192,12:59:49.430,0.002311
12:59:49.431,1.759029,12:59:49.431,39.072656,12:59:49.431,0.003297
12:59:49.432,1.759029,12:59:49.432,39.140192,12:59:49.432,0.003297
12:59:49.433,1.742145,12:59:49.433,38.971352,12:59:49.433,0.002311
12:59:49.434,1.640841,12:59:49.434,39.072656,12:59:49.434,0.002969
12:59:49.435,1.640841,12:59:49.435,38.9207,12:59:49.435,0.002969
12:59:49.436,1.623957,12:59:49.436,38.937584,12:59:49.436,0.002969
12:59:49.437,1.573305,12:59:49.437,38.886932,12:59:49.437,0.00264
12:59:49.438,1.573305,12:59:49.438,38.937584,12:59:49.438,0.000996
12:59:49.439,1.539537,12:59:49.439,38.819396,12:59:49.439,0.002969
12:59:49.440,1.539537,12:59:49.440,38.819396,12:59:49.440,0.002969
12:59:49.441,1.539537,12:59:49.441,38.75186,12:59:49.441,0.00264
12:59:49.442,1.573305,12:59:49.442,38.870048,12:59:49.442,0.003297
12:59:49.443,1.573305,12:59:49.443,38.75186,12:59:49.443,0.00264
12:59:49.444,1.556421,12:59:49.444,38.785628,12:59:49.444,0.003626
12:59:49.445,1.488885,12:59:49.445,38.83628,12:59:49.445,0.003297
12:59:49.446,1.522653,12:59:49.446,38.9207,12:59:49.446,0.002311
12:59:49.447,1.556421,12:59:49.447,38.853164,12:59:49.447,0.003955
12:59:49.448,1.623957,12:59:49.448,38.768744,12:59:49.448,0.002969
12:59:49.449,1.657725,12:59:49.449,38.785628,12:59:49.449,0.003626
12:59:49.450,1.556421,12:59:49.450,38.853164,12:59:49.450,0.00264
12:59:49.451,1.607073,12:59:49.451,38.819396,12:59:49.451,0.002311
12:59:49.452,1.623957,12:59:49.452,38.819396,12:59:49.452,0.002311
12:59:49.453,1.590189,12:59:49.453,38.75186,12:59:49.453,0.001653
12:59:49.454,1.623957,12:59:49.454,38.819396,12:59:49.454,0.004284
12:59:49.455,1.674609,12:59:49.455,38.718092,12:59:49.455,0.004612
12:59:49.456,1.607073,12:59:49.456,38.58302,12:59:49.456,0.00264
12:59:49.457,1.623957,12:59:49.457,38.566136,12:59:49.457,0.003626
12:59:49.458,1.573305,12:59:49.458,38.684324,12:59:49.458,0.003297
12:59:49.459,1.573305,12:59:49.459,38.633672,12:59:49.459,0.003297
12:59:49.460,1.623957,12:59:49.460,38.599904,12:59:49.460,0.00264
12:59:49.461,1.505769,12:59:49.461,38.566136,12:59:49.461,0.001653
12:59:49.462,1.472001,12:59:49.462,38.633672,12:59:49.462,0.003297
12:59:49.463,1.556421,12:59:49.463,38.549252,12:59:49.463,0.003297
12:59:49.464,1.522653,12:59:49.464,38.4986,12:59:49.464,0.002311
12:59:49.465,1.505769,12:59:49.465,38.481716,12:59:49.465,0.003626
12:59:49.466,1.438233,12:59:49.466,38.66744,12:59:49.466,0.001982
12:59:49.467,1.505769,12:59:49.467,38.599904,12:59:49.467,0.003297
12:59:49.468,1.505769,12:59:49.468,38.599904,12:59:49.468,0.00264
12:59:49.469,1.505769,12:59:49.469,38.4986,12:59:49.469,0.00264
12:59:49.470,1.522653,12:59:49.470,38.464832,12:59:49.470,0.001982
12:59:49.471,1.488885,12:59:49.471,38.4986,12:59:49.471,0.002311
12:59:49.472,1.438233,12:59:49.472,38.4986,12:59:49.472,0.002311
12:59:49.473,1.421349,12:59:49.473,38.515484,12:59:49.473,0.002311
12:59:49.474,1.472001,12:59:49.474,38.4986,12:59:49.474,0.003626
12:59:49.475,1.421349,12:59:49.475,38.549252,12:59:49.475,0.001653
12:59:49.476,1.387581,12:59:49.476,38.447948,12:59:49.476,0.002969
12:59:49.477,1.404465,12:59:49.477,38.380412,12:59:49.477,0.003297
12:59:49.478,1.353813,12:59:49.478,38.481716,12:59:49.478,0.003297
12:59:49.479,1.353813,12:59:49.479,38.447948,12:59:49.479,0.002311
12:59:49.480,1.353813,12:59:49.480,38.397296,12:59:49.480,0.00264
12:59:49.481,1.353813,12:59:49.481,38.211572,12:59:49.481,0.002969
12:59:49.482,1.353813,12:59:49.482,38.397296,12:59:49.482,0.002969
12:59:49.483,1.387581,12:59:49.483,38.32976,12:59:49.483,0.000996
12:59:49.484,1.404465,12:59:49.484,38.346644,12:59:49.484,0.002311
12:59:49.485,1.370697,12:59:49.485,38.312876,12:59:49.485,0.003297
12:59:49.486,1.353813,12:59:49.486,38.363528,12:59:49.486,0.002311
12:59:49.487,1.421349,12:59:49.487,38.363528,12:59:49.487,0.002969
12:59:49.488,1.370697,12:59:49.488,38.24534,12:59:49.488,0.004284
12:59:49.489,1.370697,12:59:49.489,38.295992,12:59:49.489,0.001982
12:59:49.490,1.387581,12:59:49.490,38.279108,12:59:49.490,0.002969
12:59:49.491,1.387581,12:59:49.491,38.363528,12:59:49.491,0.001653
12:59:49.492,1.421349,12:59:49.492,38.346644,12:59:49.492,0.003297
12:59:49.493,1.370697,12:59:49.493,38.346644,12:59:49.493,0.003297
12:59:49.494,1.320045,12:59:49.494,38.363528,12:59:49.494,0.002311
12:59:49.495,1.286277,12:59:49.495,38.312876,12:59:49.495,0.003297
12:59:49.496,1.387581,12:59:49.496,38.262224,12:59:49.496,0.00264
12:59:49.497,1.336929,12:59:49.497,38.279108,12:59:49.497,0.00264
12:59:49.498,1.320045,12:59:49.498,38.262224,12:59:49.498,0.000667
12:59:49.499,1.303161,12:59:49.499,38.380412,12:59:49.499,0.002311
12:59:49.500,1.353813,12:59:49.500,38.110268,12:59:49.500,0.003297
12:59:49.501,1.320045,12:59:49.501,38.093384,12:59:49.501,0.003297
12:59:49.502,1.269393,12:59:49.502,38.211572,12:59:49.502,0.002311
12:59:49.503,1.286277,12:59:49.503,38.346644,12:59:49.503,0.00264
12:59:49.504,1.286277,12:59:49.504,38.177804,12:59:49.504,0.00264
12:59:49.505,1.336929,12:59:49.505,38.127152,12:59:49.505,0.002969
12:59:49.506,1.269393,12:59:49.506,38.24534,12:59:49.506,0.00264
12:59:49.507,1.370697,12:59:49.507,38.177804,12:59:49.507,0.001982
12:59:49.508,1.421349,12:59:49.508,38.042732,12:59:49.508,0.002969
12:59:49.509,1.353813,12:59:49.509,38.042732,12:59:49.509,0.00264
12:59:49.510,1.370697,12:59:49.510,38.194688,12:59:49.510,0.00264
12:59:49.511,1.336929,12:59:49.511,38.211572,12:59:49.511,0.003626
12:59:49.512,1.370697,12:59:49.512,37.99208,12:59:49.512,0.003955
12:59:49.513,1.370697,12:59:49.513,38.025848,12:59:49.513,0.002969
12:59:49.514,1.353813,12:59:49.514,38.093384,12:59:49.514,0.001653
12:59:49.515,1.303161,12:59:49.515,38.16092,12:59:49.515,0.00264
12:59:49.516,1.404465,12:59:49.516,37.975196,12:59:49.516,0.00264
12:59:49.517,1.488885,12:59:49.517,37.941428,12:59:49.517,0.001982
12:59:49.518,1.353813,12:59:49.518,38.059616,12:59:49.518,0.003297
12:59:49.519,1.320045,12:59:49.519,38.025848,12:59:49.519,0.00264
12:59:49.520,1.421349,12:59:49.520,37.840124,12:59:49.520,0.003955
12:59:49.521,1.421349,12:59:49.521,37.857008,12:59:49.521,0.000996
12:59:49.522,1.370697,12:59:49.522,37.99208,12:59:49.522,0.001982
12:59:49.523,1.336929,12:59:49.523,38.042732,12:59:49.523,0.002969
12:59:49.524,1.404465,12:59:49.524,37.857008,12:59:49.524,0.004612
12:59:49.525,1.522653,12:59:49.525,37.82324,12:59:49.525,0.003297
12:59:49.526,1.387581,12:59:49.526,38.025848,12:59:49.526,0.002311
12:59:49.527,1.370697,12:59:49.527,38.042732,12:59:49.527,0.00264
12:59:49.528,1.472001,12:59:49.528,37.873892,12:59:49.528,0.002311
12:59:49.529,1.472001,12:59:49.529,37.840124,12:59:49.529,0.00264
12:59:49.530,1.488885,12:59:49.530,37.975196,12:59:49.530,0.001653
12:59:49.531,1.488885,12:59:49.531,38.042732,12:59:49.531,0.002969
12:59:49.532,1.505769,12:59:49.532,37.840124,12:59:49.532,0.00264
12:59:49.533,1.488885,12:59:49.533,37.857008,12:59:49.533,0.003626
12:59:49.534,1.455117,12:59:49.534,37.941428,12:59:49.534,0.003626
12:59:49.535,1.421349,12:59:49.535,38.025848,12:59:49.535,0.000996
12:59:49.536,1.455117,12:59:49.536,37.857008,12:59:49.536,0.002969
12:59:49.537,1.455117,12:59:49.537,37.890776,12:59:49.537,0.001653
12:59:49.538,1.455117,12:59:49.538,37.941428,12:59:49.538,0.004941
12:59:49.539,1.387581,12:59:49.539,37.924544,12:59:49.539,0.00264
12:59:49.540,1.438233,12:59:49.540,37.789472,12:59:49.540,0.002311
12:59:49.541,1.472001,12:59:49.541,37.721936,12:59:49.541,0.001653
12:59:49.542,1.404465,12:59:49.542,37.890776,12:59:49.542,0.002969
12:59:49.543,1.404465,12:59:49.543,37.82324,12:59:49.543,0.002311
12:59:49.544,1.438233,12:59:49.544,37.789472,12:59:49.544,0.002969
12:59:49.545,1.488885,12:59:49.545,37.789472,12:59:49.545,0.001982
12:59:49.546,1.472001,12:59:49.546,37.755704,12:59:49.546,0.002969
12:59:49.547,1.573305,12:59:49.547,37.806356,12:59:49.547,0.00264
12:59:49.548,1.590189,12:59:49.548,37.806356,12:59:49.548,0.002969
12:59:49.549,1.590189,12:59:49.549,37.73882,12:59:49.549,0.003626
12:59:49.550,1.573305,12:59:49.550,37.772588,12:59:49.550,0.001325
12:59:49.551,1.556421,12:59:49.551,37.82324,12:59:49.551,0.001653
12:59:49.552,1.590189,12:59:49.552,37.806356,12:59:49.552,0.00264
12:59:49.553,1.607073,12:59:49.553,37.688168,12:59:49.553,0.002311
12:59:49.554,1.539537,12:59:49.554,37.73882,12:59:49.554,0.003626
12:59:49.555,1.539537,12:59:49.555,37.806356,12:59:49.555,0.003297
12:59:49.556,1.505769,12:59:49.556,37.721936,12:59:49.556,0.002969
12:59:49.557,1.539537,12:59:49.557,37.586864,12:59:49.557,0.003626
12:59:49.558,1.573305,12:59:49.558,37.671284,12:59:49.558,0.001653
12:59:49.559,1.522653,12:59:49.559,37.688168,12:59:49.559,0.003297
12:59:49.560,1.522653,12:59:49.560,37.603748,12:59:49.560,0.003297
12:59:49.561,1.488885,12:59:49.561,37.48556,12:59:49.561,0.00527
12:59:49.562,1.488885,12:59:49.562,37.502444,12:59:49.562,0.002969
12:59:49.563,1.539537,12:59:49.563,37.586864,12:59:49.563,0.001653
12:59:49.564,1.640841,12:59:49.564,37.519328,12:59:49.564,0.001653
12:59:49.565,1.607073,12:59:49.565,37.451792,12:59:49.565,0.002311
12:59:49.566,1.640841,12:59:49.566,37.502444,12:59:49.566,0.003297
12:59:49.567,1.573305,12:59:49.567,37.620632,12:59:49.567,0.003297
12:59:49.568,1.708377,12:59:49.568,37.536212,12:59:49.568,0.002311
12:59:49.569,1.691493,12:59:49.569,37.519328,12:59:49.569,0.00264
12:59:49.570,1.691493,12:59:49.570,37.536212,12:59:49.570,0.003297
12:59:49.571,1.674609,12:59:49.571,37.553096,12:59:49.571,0.003626
12:59:49.572,1.725261,12:59:49.572,37.536212,12:59:49.572,0.003955
12:59:49.573,1.674609,12:59:49.573,37.502444,12:59:49.573,0.001653
12:59:49.574,1.691493,12:59:49.574,37.519328,12:59:49.574,0.001982
12:59:49.575,1.691493,12:59:49.575,37.519328,12:59:49.575,0.002969
12:59:49.576,1.742145,12:59:49.576,37.48556,12:59:49.576,0.001982
12:59:49.577,1.725261,12:59:49.577,37.40114,12:59:49.577,0.002969
12:59:49.578,1.691493,12:59:49.578,37.333605,12:59:49.578,0.002311
12:59:49.579,1.657725,12:59:49.579,37.367373,12:59:49.579,0.001982
12:59:49.580,1.691493,12:59:49.580,37.40114,12:59:49.580,0.003626
12:59:49.581,1.657725,12:59:49.581,37.316721,12:59:49.581,0.002311
12:59:49.582,1.640841,12:59:49.582,37.282953,12:59:49.582,0.003955
12:59:49.583,1.590189,12:59:49.583,37.451792,12:59:49.583,0.001653
12:59:49.584,1.623957,12:59:49.584,37.232301,12:59:49.584,0.004284
12:59:49.585,1.590189,12:59:49.585,37.333605,12:59:49.585,0.003297
12:59:49.586,1.657725,12:59:49.586,37.249185,12:59:49.586,0.00264
12:59:49.587,1.556421,12:59:49.587,37.367373,12:59:49.587,0.002311
12:59:49.588,1.539537,12:59:49.588,37.40114,12:59:49.588,0.002311
12:59:49.589,1.556421,12:59:49.589,37.198533,12:59:49.589,0.002969
12:59:49.590,1.607073,12:59:49.590,37.282953,12:59:49.590,0.001653
12:59:49.591,1.505769,12:59:49.591,37.282953,12:59:49.591,0.001982
12:59:49.592,1.539537,12:59:49.592,37.316721,12:59:49.592,0.001982
12:59:49.593,1.607073,12:59:49.593,37.232301,12:59:49.593,0.004612
12:59:49.594,1.539537,12:59:49.594,37.266069,12:59:49.594,0.001982
12:59:49.595,1.522653,12:59:49.595,37.266069,12:59:49.595,0.003297
12:59:49.596,1.488885,12:59:49.596,37.266069,12:59:49.596,0.003297
12:59:49.597,1.539537,12:59:49.597,37.164765,12:59:49.597,0.00264
12:59:49.598,1.522653,12:59:49.598,37.063461,12:59:49.598,0.003626
12:59:49.599,1.488885,12:59:49.599,37.215417,12:59:49.599,0.001325
12:59:49.600,1.539537,12:59:49.600,37.130997,12:59:49.600,0.003626
12:59:49.601,1.556421,12:59:49.601,37.097229,12:59:49.601,0.003626
12:59:49.602,1.556421,12:59:49.602,36.995925,12:59:49.602,0.002969
12:59:49.603,1.488885,12:59:49.603,37.198533,12:59:49.603,0.003626
12:59:49.604,1.573305,12:59:49.604,37.249185,12:59:49.604,0.001982
12:59:49.605,1.556421,12:59:49.605,37.198533,12:59:49.605,0.004284
12:59:49.606,1.640841,12:59:49.606,37.097229,12:59:49.606,0.002311
12:59:49.607,1.590189,12:59:49.607,37.114113,12:59:49.607,0.002969
12:59:49.608,1.657725,12:59:49.608,37.215417,12:59:49.608,0.003297
12:59:49.609,1.708377,12:59:49.609,37.046577,12:59:49.609,0.003297
12:59:49.610,1.759029,12:59:49.610,37.046577,12:59:49.610,0.002969
12:59:49.611,1.657725,12:59:49.611,37.164765,12:59:49.611,0.001982
12:59:49.612,1.691493,12:59:49.612,37.147881,12:59:49.612,0.00264
12:59:49.613,1.691493,12:59:49.613,37.063461,12:59:49.613,0.001982
12:59:49.614,1.725261,12:59:49.614,37.046577,12:59:49.614,0.002311
12:59:49.615,1.573305,12:59:49.615,37.029693,12:59:49.615,0.002969
12:59:49.616,1.623957,12:59:49.616,37.097229,12:59:49.616,0.004612
12:59:49.617,1.623957,12:59:49.617,36.962157,12:59:49.617,0.001653
12:59:49.618,1.590189,12:59:49.618,36.911505,12:59:49.618,0.00264
12:59:49.619,1.472001,12:59:49.619,37.046577,12:59:49.619,0.002311
12:59:49.620,1.472001,12:59:49.620,36.911505,12:59:49.620,0.003297
12:59:49.621,1.522653,12:59:49.621,36.877737,12:59:49.621,0.003297
12:59:49.622,1.488885,12:59:49.622,36.945273,12:59:49.622,0.001982
12:59:49.623,1.421349,12:59:49.623,37.012809,12:59:49.623,0.004284
12:59:49.624,1.353813,12:59:49.624,37.046577,12:59:49.624,0.003297
12:59:49.625,1.421349,12:59:49.625,36.911505,12:59:49.625,0.002969
12:59:49.626,1.472001,12:59:49.626,36.894621,12:59:49.626,0.003955
12:59:49.627,1.404465,12:59:49.627,36.995925,12:59:49.627,0.001982
12:59:49.628,1.455117,12:59:49.628,36.928389,12:59:49.628,0.003955
12:59:49.629,1.438233,12:59:49.629,36.911505,12:59:49.629,0.002969
12:59:49.630,1.438233,12:59:49.630,36.945273,12:59:49.630,0.004284
12:59:49.631,1.370697,12:59:49.631,36.911505,12:59:49.631,0.003297
12:59:49.632,1.404465,12:59:49.632,36.843969,12:59:49.632,0.002311
12:59:49.633,1.438233,12:59:49.633,36.793317,12:59:49.633,0.00264
12:59:49.634,1.404465,12:59:49.634,36.843969,12:59:49.634,0.001982
12:59:49.635,1.438233,12:59:49.635,36.911505,12:59:49.635,0.003626
12:59:49.636,1.455117,12:59:49.636,36.827085,12:59:49.636,0.001982
12:59:49.637,1.505769,12:59:49.637,36.759549,12:59:49.637,0.002969
12:59:49.638,1.455117,12:59:49.638,36.692013,12:59:49.638,0.003626
12:59:49.639,1.421349,12:59:49.639,36.725781,12:59:49.639,0.004612
12:59:49.640,1.438233,12:59:49.640,36.624477,12:59:49.640,0.003297
12:59:49.641,1.472001,12:59:49.641,36.759549,12:59:49.641,0.002969
12:59:49.642,1.455117,12:59:49.642,36.675129,12:59:49.642,0.002311
12:59:49.643,1.455117,12:59:49.643,36.793317,12:59:49.643,0.002311
12:59:49.644,1.488885,12:59:49.644,36.827085,12:59:49.644,0.003297
12:59:49.645,1.488885,12:59:49.645,36.793317,12:59:49.645,0.001653
12:59:49.646,1.539537,12:59:49.646,36.708897,12:59:49.646,0.002969
12:59:49.647,1.455117,12:59:49.647,36.810201,12:59:49.647,0.002311
12:59:49.648,1.488885,12:59:49.648,36.810201,12:59:49.648,0.00264
12:59:49.649,1.505769,12:59:49.649,36.692013,12:59:49.649,0.003297
12:59:49.650,1.472001,12:59:49.650,36.641361,12:59:49.650,0.00264
12:59:49.651,1.455117,12:59:49.651,36.675129,12:59:49.651,0.004284
12:59:49.652,1.455117,12:59:49.652,36.793317,12:59:49.652,0.002311
12:59:49.653,1.438233,12:59:49.653,36.624477,12:59:49.653,0.00264
12:59:49.654,1.505769,12:59:49.654,36.641361,12:59:49.654,0.003297
12:59:49.655,1.455117,12:59:49.655,36.742665,12:59:49.655,0.002311
12:59:49.656,1.404465,12:59:49.656,36.590709,12:59:49.656,0.00264
12:59:49.657,1.404465,12:59:49.657,36.556941,12:59:49.657,0.002969
12:59:49.658,1.320045,12:59:49.658,36.573825,12:59:49.658,0.001982
12:59:49.659,1.353813,12:59:49.659,36.573825,12:59:49.659,0.001325
12:59:49.660,1.353813,12:59:49.660,36.607593,12:59:49.660,0.00264
12:59:49.661,1.370697,12:59:49.661,36.506289,12:59:49.661,0.00264
12:59:49.662,1.336929,12:59:49.662,36.438753,12:59:49.662,0.003297
12:59:49.663,1.370697,12:59:49.663,36.540057,12:59:49.663,0.001982
12:59:49.664,1.336929,12:59:49.664,36.540057,12:59:49.664,0.003297
12:59:49.665,1.438233,12:59:49.665,36.388101,12:59:49.665,0.002311
12:59:49.666,1.421349,12:59:49.666,36.438753,12:59:49.666,0.00264
12:59:49.667,1.421349,12:59:49.667,36.472521,12:59:49.667,0.00264
12:59:49.668,1.387581,12:59:49.668,36.523173,12:59:49.668,0.001325
12:59:49.669,1.488885,12:59:49.669,36.404985,12:59:49.669,0.003297
12:59:49.670,1.522653,12:59:49.670,36.489405,12:59:49.670,0.001982
12:59:49.671,1.488885,12:59:49.671,36.523173,12:59:49.671,0.002969
12:59:49.672,1.488885,12:59:49.672,36.624477,12:59:49.672,0.003626
12:59:49.673,1.539537,12:59:49.673,36.269913,12:59:49.673,0.001982
12:59:49.674,1.556421,12:59:49.674,36.354333,12:59:49.674,0.003626
12:59:49.675,1.522653,12:59:49.675,36.404985,12:59:49.675,0.000667
12:59:49.676,1.472001,12:59:49.676,36.404985,12:59:49.676,0.005599
12:59:49.677,1.522653,12:59:49.677,36.202377,12:59:49.677,0.002969
12:59:49.678,1.522653,12:59:49.678,36.151725,12:59:49.678,0.003297
12:59:49.679,1.488885,12:59:49.679,36.303681,12:59:49.679,0.001653
12:59:49.680,1.505769,12:59:49.680,36.388101,12:59:49.680,0.00264
12:59:49.681,1.488885,12:59:49.681,36.219261,12:59:49.681,0.003955
12:59:49.682,1.556421,12:59:49.682,36.117957,12:59:49.682,0.00264
12:59:49.683,1.505769,12:59:49.683,36.269913,12:59:49.683,0.002969
12:59:49.684,1.472001,12:59:49.684,36.371217,12:59:49.684,0.003297
12:59:49.685,1.556421,12:59:49.685,36.168609,12:59:49.685,0.002969
12:59:49.686,1.573305,12:59:49.686,36.185493,12:59:49.686,0.002969
12:59:49.687,1.488885,12:59:49.687,36.286797,12:59:49.687,0.00264
12:59:49.688,1.539537,12:59:49.688,36.371217,12:59:49.688,0.000996
12:59:49.689,1.623957,12:59:49.689,36.101073,12:59:49.689,0.002311
12:59:49.690,1.623957,12:59:49.690,36.033537,12:59:49.690,0.002311
12:59:49.691,1.539537,12:59:49.691,36.253029,12:59:49.691,0.00264
12:59:49.692,1.488885,12:59:49.692,36.269913,12:59:49.692,0.003955
12:59:49.693,1.556421,12:59:49.693,36.084189,12:59:49.693,0.00264
12:59:49.694,1.640841,12:59:49.694,36.134841,12:59:49.694,0.002969
12:59:49.695,1.573305,12:59:49.695,36.168609,12:59:49.695,0.002311
12:59:49.696,1.522653,12:59:49.696,36.286797,12:59:49.696,0.002311
12:59:49.697,1.488885,12:59:49.697,36.084189,12:59:49.697,0.003955
12:59:49.698,1.539537,12:59:49.698,36.117957,12:59:49.698,0.001653
12:59:49.699,1.556421,12:59:49.699,36.185493,12:59:49.699,0.004612
12:59:49.700,1.522653,12:59:49.700,36.151725,12:59:49.700,0.00264
12:59:49.701,1.522653,12:59:49.701,36.050421,12:59:49.701,0.003626
12:59:49.702,1.505769,12:59:49.702,36.067305,12:59:49.702,0.001982
12:59:49.703,1.539537,12:59:49.703,36.084189,12:59:49.703,0.002311
12:59:49.704,1.539537,12:59:49.704,36.151725,12:59:49.704,0.003297
12:59:49.705,1.607073,12:59:49.705,36.101073,12:59:49.705,0.003297
12:59:49.706,1.607073,12:59:49.706,36.067305,12:59:49.706,0.003297
12:59:49.707,1.590189,12:59:49.707,36.067305,12:59:49.707,0.00264
12:59:49.708,1.539537,12:59:49.708,36.101073,12:59:49.708,0.003955
12:59:49.709,1.657725,12:59:49.709,36.084189,12:59:49.709,0.003297
12:59:49.710,1.657725,12:59:49.710,35.982885,12:59:49.710,0.002311
12:59:49.711,1.657725,12:59:49.711,36.016653,12:59:49.711,0.001325
12:59:49.712,1.590189,12:59:49.712,36.067305,12:59:49.712,0.002969
12:59:49.713,1.623957,12:59:49.713,36.016653,12:59:49.713,0.002311
12:59:49.714,1.573305,12:59:49.714,35.982885,12:59:49.714,0.002311
12:59:49.715,1.556421,12:59:49.715,36.084189,12:59:49.715,0.003297
12:59:49.716,1.590189,12:59:49.716,36.067305,12:59:49.716,0.003626
12:59:49.717,1.623957,12:59:49.717,35.966001,12:59:49.717,0.00264
12:59:49.718,1.623957,12:59:49.718,35.915349,12:59:49.718,0.002969
12:59:49.719,1.623957,12:59:49.719,35.932233,12:59:49.719,0.001982
12:59:49.720,1.623957,12:59:49.720,35.982885,12:59:49.720,0.003297
12:59:49.721,1.539537,12:59:49.721,35.949117,12:59:49.721,0.000996
12:59:49.722,1.590189,12:59:49.722,35.932233,12:59:49.722,0.004941
12:59:49.723,1.556421,12:59:49.723,35.847813,12:59:49.723,0.001325
12:59:49.724,1.539537,12:59:49.724,35.966001,12:59:49.724,0.002311
12:59:49.725,1.640841,12:59:49.725,35.932233,12:59:49.725,0.001653
12:59:49.726,1.623957,12:59:49.726,35.932233,12:59:49.726,0.002311
12:59:49.727,1.590189,12:59:49.727,35.864697,12:59:49.727,0.002969
12:59:49.728,1.674609,12:59:49.728,35.915349,12:59:49.728,0.003626
12:59:49.729,1.657725,12:59:49.729,35.898465,12:59:49.729,0.002969
12:59:49.730,1.775913,12:59:49.730,36.016653,12:59:49.730,0.001653
12:59:49.731,1.725261,12:59:49.731,35.881581,12:59:49.731,0.003297
12:59:49.732,1.657725,12:59:49.732,35.949117,12:59:49.732,0.00264
12:59:49.733,1.674609,12:59:49.733,35.847813,12:59:49.733,0.002311
12:59:49.734,1.657725,12:59:49.734,35.898465,12:59:49.734,0.003626
12:59:49.735,1.674609,12:59:49.735,35.864697,12:59:49.735,0.002969
12:59:49.736,1.674609,12:59:49.736,35.915349,12:59:49.736,0.002969
12:59:49.737,1.691493,12:59:49.737,35.847813,12:59:49.737,0.00264
12:59:49.738,1.674609,12:59:49.738,35.662089,12:59:49.738,0.003955
12:59:49.739,1.674609,12:59:49.739,35.763393,12:59:49.739,0.002969
12:59:49.740,1.640841,12:59:49.740,35.847813,12:59:49.740,0.003955
12:59:49.741,1.640841,12:59:49.741,35.780277,12:59:49.741,0.00264
12:59:49.742,1.691493,12:59:49.742,35.729625,12:59:49.742,0.003955
12:59:49.743,1.640841,12:59:49.743,35.729625,12:59:49.743,0.001982
12:59:49.744,1.640841,12:59:49.744,35.797161,12:59:49.744,0.003297
12:59:49.745,1.657725,12:59:49.745,35.695857,12:59:49.745,0.003955
12:59:49.746,1.657725,12:59:49.746,35.695857,12:59:49.746,0.003297
12:59:49.747,1.640841,12:59:49.747,35.763393,12:59:49.747,0.004612
12:59:49.748,1.691493,12:59:49.748,35.814045,12:59:49.748,0.003297
12:59:49.749,1.742145,12:59:49.749,35.746509,12:59:49.749,0.016449
12:59:49.750,1.708377,12:59:49.750,35.746509,12:59:49.750,2.690897
12:59:49.751,1.725261,12:59:49.751,35.763393,12:59:49.751,5.61621
12:59:49.752,1.657725,12:59:49.752,35.712741,12:59:49.752,5.795405
12:59:49.753,1.657725,12:59:49.753,35.763393,12:59:49.753,5.787185
12:59:49.754,1.623957,12:59:49.754,35.645205,12:59:49.754,5.796391
12:59:49.755,1.691493,12:59:49.755,35.662089,12:59:49.755,5.808885
12:59:49.756,1.640841,12:59:49.756,35.645205,12:59:49.756,5.823352
12:59:49.757,1.708377,12:59:49.757,35.678973,12:59:49.757,5.838806
12:59:49.758,1.573305,12:59:49.758,35.628321,12:59:49.758,5.854917
12:59:49.759,1.556421,12:59:49.759,35.594553,12:59:49.759,5.876618
12:59:49.760,1.522653,12:59:49.760,35.662089,12:59:49.760,5.882865
12:59:49.761,1.623957,12:59:49.761,35.543901,12:59:49.761,5.885166
12:59:49.762,1.708377,12:59:49.762,35.510133,12:59:49.762,5.841107
12:59:49.763,1.860333,12:59:49.763,35.527017,12:59:49.763,5.82664
12:59:49.764,2.147361,12:59:49.764,35.594553,12:59:49.764,5.83223
12:59:49.765,2.569461,12:59:49.765,35.543901,12:59:49.765,5.833874
12:59:49.766,3.481196,12:59:49.766,35.577669,12:59:49.766,5.889769
12:59:49.767,5.389088,12:59:49.767,35.527017,12:59:49.767,5.915416
12:59:49.768,8.022991,12:59:49.768,35.577669,12:59:49.768,5.906538
12:59:49.769,10.47117,12:59:49.769,35.695857,12:59:49.769,5.911141
12:59:49.770,12.953118,12:59:49.770,35.560785,12:59:49.770,5.910484
12:59:49.771,16.161077,12:59:49.771,35.493249,12:59:49.771,5.902921
12:59:49.772,19.943091,12:59:49.772,35.594553,12:59:49.772,5.890098
12:59:49.773,23.57315,12:59:49.773,35.527017,12:59:49.773,5.855903
12:59:49.774,27.861685,12:59:49.774,35.408829,12:59:49.774,5.812173
12:59:49.775,33.247678,12:59:49.775,35.307525,12:59:49.775,5.800337
12:59:49.776,39.376568,12:59:49.776,35.543901,12:59:49.776,5.809872
12:59:49.777,45.978208,12:59:49.777,35.425713,12:59:49.777,5.81579
12:59:49.778,52.731804,12:59:49.778,35.341293,12:59:49.778,5.851629
12:59:49.779,59.384096,12:59:49.779,35.358177,12:59:49.779,5.89503
12:59:49.780,65.800012,12:59:49.780,35.307525,12:59:49.780,5.886153
12:59:49.781,71.405496,12:59:49.781,35.256873,12:59:49.781,5.881549
12:59:49.782,76.16678,12:59:49.782,35.206221,12:59:49.782,5.872672
12:59:49.783,80.286472,12:59:49.783,35.273757,12:59:49.783,5.872672
12:59:49.784,82.90349,12:59:49.784,35.290641,12:59:49.784,5.875631
12:59:49.785,81.721611,12:59:49.785,35.442597,12:59:49.785,5.873658
12:59:49.786,76.386272,12:59:49.786,35.560785,12:59:49.786,5.845382
12:59:49.787,69.784633,12:59:49.787,35.560785,12:59:49.787,5.81316
12:59:49.788,62.592054,12:59:49.788,35.712741,12:59:49.788,5.821051
12:59:49.789,57.037222,12:59:49.789,35.780277,12:59:49.789,5.839135
12:59:49.790,53.55912,12:59:49.790,35.527017,12:59:49.790,5.916073
12:59:49.791,48.021171,12:59:49.791,35.611437,12:59:49.791,5.918375
12:59:49.792,41.875398,12:59:49.792,35.662089,12:59:49.792,5.911799
12:59:49.793,37.772588,12:59:49.793,35.577669,12:59:49.793,5.895359
12:59:49.794,35.273757,12:59:49.794,35.425713,12:59:49.794,5.886481
12:59:49.795,34.378906,12:59:49.795,35.527017,12:59:49.795,5.885824
12:59:49.796,33.821734,12:59:49.796,35.695857,12:59:49.796,5.879248
12:59:49.797,33.906154,12:59:49.797,35.797161,12:59:49.797,5.873001
12:59:49.798,34.919194,12:59:49.798,35.695857,12:59:49.798,5.864123
12:59:49.799,37.40114,12:59:49.799,35.746509,12:59:49.799,5.818749
12:59:49.800,41.385763,12:59:49.800,35.999769,12:59:49.800,5.828613
12:59:49.801,46.079512,12:59:49.801,35.999769,12:59:49.801,5.841765
12:59:49.802,50.587538,12:59:49.802,36.101073,12:59:49.802,5.853602
12:59:49.803,54.470855,12:59:49.803,36.168609,12:59:49.803,5.844395
12:59:49.804,57.763233,12:59:49.804,36.286797,12:59:49.804,5.901606
12:59:49.805,59.688008,12:59:49.805,36.202377,12:59:49.805,5.908511
12:59:49.806,59.839964,12:59:49.806,36.050421,12:59:49.806,5.91147
12:59:49.807,59.4854,12:59:49.807,35.898465,12:59:49.807,5.906867
12:59:49.808,59.4854,12:59:49.808,36.050421,12:59:49.808,5.913443
12:59:49.809,59.82308,12:59:49.809,36.084189,12:59:49.809,5.905552
12:59:49.810,59.417864,12:59:49.810,36.151725,12:59:49.810,5.891413
12:59:49.811,58.810041,12:59:49.811,36.286797,12:59:49.811,5.883851
12:59:49.812,58.539897,12:59:49.812,36.388101,12:59:49.812,5.883193
12:59:49.813,58.151565,12:59:49.813,36.506289,12:59:49.813,5.825983
12:59:49.814,57.256714,12:59:49.814,36.607593,12:59:49.814,5.800008
12:59:49.815,56.344978,12:59:49.815,36.860853,12:59:49.815,5.805597
12:59:49.816,56.05795,12:59:49.816,37.164765,12:59:49.816,5.823681
12:59:49.817,56.125486,12:59:49.817,37.468676,12:59:49.817,5.90062
12:59:49.818,56.530702,12:59:49.818,37.671284,12:59:49.818,5.919361
12:59:49.819,57.121642,12:59:49.819,37.90766,12:59:49.819,5.9141
12:59:49.820,57.628161,12:59:49.820,38.025848,12:59:49.820,5.906209
12:59:49.821,57.780117,12:59:49.821,38.0765,12:59:49.821,5.892071
12:59:49.822,57.256714,12:59:49.822,37.975196,12:59:49.822,5.889441
12:59:49.823,56.429398,12:59:49.823,37.924544,12:59:49.823,5.887797
12:59:49.824,56.091718,12:59:49.824,37.873892,12:59:49.824,5.879248
12:59:49.825,56.22679,12:59:49.825,37.890776,12:59:49.825,5.857547
12:59:49.826,56.361862,12:59:49.826,37.873892,12:59:49.826,5.806255
12:59:49.827,57.138526,12:59:49.827,37.82324,12:59:49.827,5.800337
12:59:49.828,58.826925,12:59:49.828,38.042732,12:59:49.828,5.810529
12:59:49.829,60.41402,12:59:49.829,38.295992,12:59:49.829,5.81842
12:59:49.830,61.443943,12:59:49.830,38.346644,12:59:49.830,5.828942
12:59:49.831,61.984231,12:59:49.831,38.83628,12:59:49.831,5.827956
12:59:49.832,61.595899,12:59:49.832,39.460988,12:59:49.832,5.849656
12:59:49.833,60.853003,12:59:49.833,39.950623,12:59:49.833,5.891742
12:59:49.834,59.806196,12:59:49.834,40.322071,12:59:49.834,5.889112
12:59:49.835,59.688008,12:59:49.835,40.896127,12:59:49.835,5.886481
12:59:49.836,59.333444,12:59:49.836,41.84163,12:59:49.836,5.880892
12:59:49.837,58.539897,12:59:49.837,42.93909,12:59:49.837,5.883851
12:59:49.838,58.168449,12:59:49.838,43.969013,12:59:49.838,5.872014
12:59:49.839,57.797001,12:59:49.839,45.100241,12:59:49.839,5.882207
12:59:49.840,57.49309,12:59:49.840,45.69118,12:59:49.840,5.880892
12:59:49.841,57.526857,12:59:49.841,45.505456,12:59:49.841,5.868398
12:59:49.842,57.290482,12:59:49.842,45.150893,12:59:49.842,5.795405
12:59:49.843,57.830769,12:59:49.843,45.049589,12:59:49.843,5.810529
12:59:49.844,59.14772,12:59:49.844,45.285965,12:59:49.844,5.820722
12:59:49.845,60.346484,12:59:49.845,45.184661,12:59:49.845,5.847355
12:59:49.846,61.275103,12:59:49.846,44.526185,12:59:49.846,1.339206
12:59:49.847,61.747855,12:59:49.847,43.783289,12:59:49.847,1.084387
12:59:49.848,61.291987,12:59:49.848,43.074162,12:59:49.848,0.803922
12:59:49.849,60.143876,12:59:49.849,42.567642,12:59:49.849,0.511949
12:59:49.850,57.915189,12:59:49.850,42.381918,12:59:49.850,0.234114
12:59:49.851,55.872227,12:59:49.851,42.871554,12:59:49.851,-0.008211
12:59:49.852,53.998104,12:59:49.852,44.171621,12:59:49.852,-0.092383
12:59:49.853,53.0526,12:59:49.853,45.995092,12:59:49.853,-0.120989
12:59:49.854,51.904489,12:59:49.854,47.12632,12:59:49.854,-0.130853
12:59:49.855,51.549925,12:59:49.855,47.767911,12:59:49.855,-0.133483
12:59:49.856,51.617461,12:59:49.856,47.987403,12:59:49.856,-0.126907
12:59:49.857,52.140865,12:59:49.857,48.426387,12:59:49.857,-0.116057
12:59:49.858,52.495429,12:59:49.858,48.662763,12:59:49.858,-0.10422
12:59:49.859,51.887605,12:59:49.859,48.493923,12:59:49.859,-0.093041
12:59:49.860,50.520002,12:59:49.860,48.392619,12:59:49.860,-0.080218
12:59:49.861,48.612111,12:59:49.861,48.223779,12:59:49.861,-0.07134
12:59:49.862,45.117125,12:59:49.862,47.987403,12:59:49.862,-0.050954
12:59:49.863,41.250691,12:59:49.863,47.767911,12:59:49.863,-0.033199
12:59:49.864,38.566136,12:59:49.864,47.835447,12:59:49.864,-0.016759
12:59:49.865,35.375061,12:59:49.865,47.936751,12:59:49.865,-0.003936
12:59:49.866,32.893114,12:59:49.866,47.987403,12:59:49.866,0.00264
12:59:49.867,31.559279,12:59:49.867,48.021171,12:59:49.867,0.000338
12:59:49.868,30.107256,12:59:49.868,48.358851,12:59:49.868,0.000338
12:59:49.869,29.094216,12:59:49.869,48.831603,12:59:49.869,-0.000648
12:59:49.870,28.790304,12:59:49.870,49.338122,12:59:49.870,-0.000977
12:59:49.871,28.503276,12:59:49.871,49.79399,12:59:49.871,-0.001635
12:59:49.872,28.824072,12:59:49.872,49.996598,12:59:49.872,-0.002292
12:59:49.873,29.347476,12:59:49.873,50.04725,12:59:49.873,-0.001635
12:59:49.874,29.651388,12:59:49.874,49.658918,12:59:49.874,-0.003607
12:59:49.875,30.326748,12:59:49.875,49.118631,12:59:49.875,-0.002292
12:59:49.876,30.546239,12:59:49.876,48.730299,12:59:49.876,-0.00295
12:59:49.877,30.681311,12:59:49.877,48.527691,12:59:49.877,-0.001635
12:59:49.878,30.478703,12:59:49.878,48.460155,12:59:49.878,-0.000648
12:59:49.879,29.837112,12:59:49.879,48.628995,12:59:49.879,-0.002621
12:59:49.880,28.570812,12:59:49.880,48.713415,12:59:49.880,0.000667
12:59:49.881,26.797993,12:59:49.881,49.084863,12:59:49.881,-0.001963
12:59:49.882,24.704378,12:59:49.882,49.20305,12:59:49.882,-0.000977
12:59:49.883,21.918519,12:59:49.883,49.675802,12:59:49.883,-0.001963
12:59:49.884,19.453456,12:59:49.884,49.979714,12:59:49.884,-0.002621
12:59:49.885,17.44426,12:59:49.885,50.55377,12:59:49.885,-0.002621
12:59:49.886,15.688325,12:59:49.886,50.942101,12:59:49.886,-0.001635
12:59:49.887,14.422025,12:59:49.887,50.992753,12:59:49.887,-0.002292
12:59:49.888,13.814201,12:59:49.888,51.009637,12:59:49.888,-0.003936
12:59:49.889,13.780433,12:59:49.889,50.992753,12:59:49.889,-0.004265
12:59:49.890,14.320721,12:59:49.890,50.503118,12:59:49.890,-0.004265
12:59:49.891,15.114269,12:59:49.891,49.844642,12:59:49.891,-0.005909
12:59:49.892,15.587021,12:59:49.892,49.186166,12:59:49.892,-0.004265
12:59:49.893,15.975353,12:59:49.893,48.831603,12:59:49.893,-0.002292
12:59:49.894,16.532525,12:59:49.894,48.561459,12:59:49.894,-0.00295
12:59:49.895,17.039044,12:59:49.895,48.375735,12:59:49.895,-0.001963
12:59:49.896,17.27542,12:59:49.896,48.527691,12:59:49.896,-0.001306
12:59:49.897,17.478028,12:59:49.897,49.051095,12:59:49.897,0.000996
12:59:49.898,17.461144,12:59:49.898,49.490078,12:59:49.898,0.001325
12:59:49.899,17.258536,12:59:49.899,49.945946,12:59:49.899,0.001653
12:59:49.900,17.072812,12:59:49.900,50.283626,12:59:49.900,0.001982
12:59:49.901,16.735133,12:59:49.901,50.688842,12:59:49.901,0.001653
12:59:49.902,16.414337,12:59:49.902,50.790146,12:59:49.902,0.001982
12:59:49.903,16.127309,12:59:49.903,50.688842,12:59:49.903,0.001325
12:59:49.904,16.042889,12:59:49.904,50.232974,12:59:49.904,0.002311
12:59:49.905,16.211729,12:59:49.905,49.827758,12:59:49.905,0.000996
12:59:49.906,16.329917,12:59:49.906,49.169282,12:59:49.906,0.001325
12:59:49.907,16.042889,12:59:49.907,48.527691,12:59:49.907,0.000996
12:59:49.908,14.675285,12:59:49.908,47.902983,12:59:49.908,0.002311
12:59:49.909,10.572474,12:59:49.909,47.666607,12:59:49.909,0.002311
12:59:49.910,5.18648,12:59:49.910,47.514651,12:59:49.910,0.001325
12:59:49.911,0.661569,12:59:49.911,47.632839,12:59:49.911,0.001982
12:59:49.912,-2.512622,12:59:49.912,48.021171,12:59:49.912,0.001653
12:59:49.913,-3.323054,12:59:49.913,48.696531,12:59:49.913,0.000996
12:59:49.914,-3.39059,12:59:49.914,49.37189,12:59:49.914,0.001325
12:59:49.915,-3.424358,12:59:49.915,49.79399,12:59:49.915,0.001653
12:59:49.916,-3.407474,12:59:49.916,50.334278,12:59:49.916,0.00264
12:59:49.917,-3.424358,12:59:49.917,50.925217,12:59:49.917,0.001653
12:59:49.918,-3.407474,12:59:49.918,51.144709,12:59:49.918,0.001982
12:59:49.919,-3.424358,12:59:49.919,50.908333,12:59:49.919,0.002311
12:59:49.920,-3.424358,12:59:49.920,50.72261,12:59:49.920,0.001653
12:59:49.921,-3.407474,12:59:49.921,50.232974,12:59:49.921,0.00264
12:59:49.922,-3.39059,12:59:49.922,49.490078,12:59:49.922,0.00264
12:59:49.923,-3.373706,12:59:49.923,48.527691,12:59:49.923,0.00264
12:59:49.924,-3.339938,12:59:49.924,47.599071,12:59:49.924,0.00264
12:59:49.925,-2.96849,12:59:49.925,47.075668,12:59:49.925,0.002311
12:59:49.926,-1.111251,12:59:49.926,46.586032,12:59:49.926,0.003297
12:59:49.927,2.231781,12:59:49.927,46.231468,12:59:49.927,0.002969
12:59:49.928,5.878724,12:59:49.928,46.180816,12:59:49.928,0.002311
12:59:49.929,9.475015,12:59:49.929,46.53538,12:59:49.929,0.002311
12:59:49.930,12.767394,12:59:49.930,46.95748,12:59:49.930,0.002311
12:59:49.931,15.857165,12:59:49.931,47.396463,12:59:49.931,0.001653
12:59:49.932,18.423532,12:59:49.932,47.869215,12:59:49.932,0.002311
12:59:49.933,20.601567,12:59:49.933,48.460155,12:59:49.933,0.002311
12:59:49.934,22.070475,12:59:49.934,48.916023,12:59:49.934,0.002969
12:59:49.935,22.931558,12:59:49.935,48.780951,12:59:49.935,0.001325
12:59:49.936,23.286122,12:59:49.936,48.865371,12:59:49.936,0.001982
12:59:49.937,23.218586,12:59:49.937,48.696531,12:59:49.937,0.002969
12:59:49.938,22.475691,12:59:49.938,48.358851,12:59:49.938,0.002311
12:59:49.939,21.260043,12:59:49.939,47.751027,12:59:49.939,0.00264
12:59:49.940,19.520992,12:59:49.940,47.278276,12:59:49.940,0.002969
12:59:49.941,17.494912,12:59:49.941,46.805524,12:59:49.941,0.002969
12:59:49.942,15.148037,12:59:49.942,46.417192,12:59:49.942,0.002969
12:59:49.943,12.463482,12:59:49.943,45.876904,12:59:49.943,0.002311
12:59:49.944,9.660739,12:59:49.944,45.52234,12:59:49.944,0.002311
12:59:49.945,6.722923,12:59:49.945,45.674296,12:59:49.945,0.002311
12:59:49.946,3.869528,12:59:49.946,45.741832,12:59:49.946,0.003626
12:59:49.947,1.286277,12:59:49.947,45.961324,12:59:49.947,0.002969
12:59:49.948,-0.773571,12:59:49.948,46.163932,12:59:49.948,0.002969
12:59:49.949,-2.29313,12:59:49.949,46.518496,12:59:49.949,0.002969
12:59:49.950,-2.96849,12:59:49.950,46.737988,12:59:49.950,0.00264
12:59:49.951,-3.22175,12:59:49.951,46.839292,12:59:49.951,0.003626
12:59:49.952,-3.272402,12:59:49.952,46.856176,12:59:49.952,0.003297
12:59:49.953,-3.339938,12:59:49.953,46.822408,12:59:49.953,-0.000319
12:59:49.954,-3.356822,12:59:49.954,46.687336,12:59:49.954,0.002311
12:59:49.955,-3.339938,12:59:49.955,46.349656,12:59:49.955,0.002969
12:59:49.956,-3.30617,12:59:49.956,46.079512,12:59:49.956,0.004612
12:59:49.957,-3.22175,12:59:49.957,45.657412,12:59:49.957,0.002969
12:59:49.958,-3.002258,12:59:49.958,45.235313,12:59:49.958,0.002969
12:59:49.959,-2.411318,12:59:49.959,44.796329,12:59:49.959,0.003626
12:59:49.960,-1.229439,12:59:49.960,44.559953,12:59:49.960,0.003297
12:59:49.961,0.323889,12:59:49.961,44.357345,12:59:49.961,0.002969
12:59:49.962,2.096709,12:59:49.962,44.492417,12:59:49.962,0.001653
12:59:49.963,3.970832,12:59:49.963,44.475533,12:59:49.963,0.004612
12:59:49.964,5.743652,12:59:49.964,44.627489,12:59:49.964,0.001653
12:59:49.965,7.567123,12:59:49.965,44.830097,12:59:49.965,0.003955
12:59:49.966,8.765887,12:59:49.966,44.982053,12:59:49.966,0.003626
12:59:49.967,9.795811,12:59:49.967,45.032705,12:59:49.967,0.00264
12:59:49.968,11.619282,12:59:49.968,45.066473,12:59:49.968,0.002311
12:59:49.969,12.058266,12:59:49.969,44.998937,12:59:49.969,0.001982
12:59:49.970,12.362178,12:59:49.970,45.100241,12:59:49.970,0.002311
12:59:49.971,12.818046,12:59:49.971,44.796329,12:59:49.971,0.003297
12:59:49.972,12.699858,12:59:49.972,44.695025,12:59:49.972,0.002311
12:59:49.973,12.362178,12:59:49.973,44.492417,12:59:49.973,0.003626
12:59:49.974,11.788122,12:59:49.974,44.340461,12:59:49.974,0.004284
12:59:49.975,10.589358,12:59:49.975,44.019665,12:59:49.975,0.002969
12:59:49.976,9.204871,12:59:49.976,43.783289,12:59:49.976,0.002969
12:59:49.977,8.006107,12:59:49.977,43.648217,12:59:49.977,0.00264
12:59:49.978,6.554084,12:59:49.978,43.614449,12:59:49.978,0.002311
12:59:49.979,5.473508,12:59:49.979,43.597565,12:59:49.979,0.002969
12:59:49.980,4.224092,12:59:49.980,43.580681,12:59:49.980,0.003626
12:59:49.981,2.890256,12:59:49.981,43.732637,12:59:49.981,0.002311
12:59:49.982,1.910985,12:59:49.982,43.884593,12:59:49.982,0.002311
12:59:49.983,0.965481,12:59:49.983,43.698869,12:59:49.983,0.003626
12:59:49.984,-0.047559,12:59:49.984,43.749521,12:59:49.984,0.002969
12:59:49.985,-0.587847,12:59:49.985,43.969013,12:59:49.985,0.002311
12:59:49.986,-0.891759,12:59:49.986,44.171621,12:59:49.986,0.003297
12:59:49.987,-0.925527,12:59:49.987,43.918361,12:59:49.987,0.002969
12:59:49.988,-0.891759,12:59:49.988,43.867709,12:59:49.988,0.00264
12:59:49.989,-0.908643,12:59:49.989,43.850825,12:59:49.989,0.003955
12:59:49.990,-1.026831,12:59:49.990,43.817057,12:59:49.990,0.004284
12:59:49.991,-0.722919,12:59:49.991,43.563797,12:59:49.991,0.003955
12:59:49.992,-0.351471,12:59:49.992,43.53003,12:59:49.992,0.00264
12:59:49.993,0.104397,12:59:49.993,43.631333,12:59:49.993,0.002311
12:59:49.994,0.712221,12:59:49.994,43.698869,12:59:49.994,0.00264
12:59:49.995,1.522653,12:59:49.995,43.563797,12:59:49.995,0.00264
12:59:49.996,2.383737,12:59:49.996,43.479378,12:59:49.996,0.003297
12:59:49.997,3.194168,12:59:49.997,43.681985,12:59:49.997,0.003626
12:59:49.998,3.83576,12:59:49.998,43.901477,12:59:49.998,0.003297
12:59:49.999,4.359164,12:59:49.999,43.766405,12:59:49.999,0.001325
12:59:50.000,4.747496,12:59:50.000,43.698869,12:59:50.000,0.002311
12:59:50.001,5.118944,12:59:50.001,43.766405,12:59:50.001,0.00264
12:59:50.002,5.389088,12:59:50.002,43.935245,12:59:50.002,0.002311
12:59:50.003,5.642348,12:59:50.003,43.800173,12:59:50.003,0.00264
12:59:50.004,5.844956,12:59:50.004,43.631333,12:59:50.004,0.002311
12:59:50.005,5.86184,12:59:50.005,43.546913,12:59:50.005,0.003626
12:59:50.006,5.760536,12:59:50.006,43.614449,12:59:50.006,0.002969
12:59:50.007,5.541044,12:59:50.007,43.462494,12:59:50.007,0.001982
12:59:50.008,5.152712,12:59:50.008,43.344306,12:59:50.008,0.002311
12:59:50.009,4.882568,12:59:50.009,43.394958,12:59:50.009,0.000996
12:59:50.010,4.460468,12:59:50.010,43.698869,12:59:50.010,0.002311
12:59:50.011,4.224092,12:59:50.011,43.462494,12:59:50.011,0.001982
12:59:50.012,3.818876,12:59:50.012,43.563797,12:59:50.012,0.002311
12:59:50.013,3.430544,12:59:50.013,43.749521,12:59:50.013,0.002969
12:59:50.014,3.059096,12:59:50.014,44.019665,12:59:50.014,0.00264
12:59:50.015,2.7383,12:59:50.015,44.120969,12:59:50.015,0.00264
12:59:50.016,2.316201,12:59:50.016,44.120969,12:59:50.016,0.002969
12:59:50.017,1.894101,12:59:50.017,44.188505,12:59:50.017,0.00264
12:59:50.018,1.590189,12:59:50.018,44.289809,12:59:50.018,0.002311
12:59:50.019,1.286277,12:59:50.019,44.154737,12:59:50.019,0.002311
12:59:50.020,1.151205,12:59:50.020,44.036549,12:59:50.020,0.002311
12:59:50.021,1.033017,12:59:50.021,43.918361,12:59:50.021,0.00264
12:59:50.022,0.948597,12:59:50.022,44.036549,12:59:50.022,0.003626
12:59:50.023,1.100553,12:59:50.023,43.918361,12:59:50.023,0.002311
12:59:50.024,1.252509,12:59:50.024,43.800173,12:59:50.024,0.003297
12:59:50.025,1.455117,12:59:50.025,43.817057,12:59:50.025,0.002311
12:59:50.026,1.623957,12:59:50.026,43.901477,12:59:50.026,0.002969
12:59:50.027,1.860333,12:59:50.027,43.969013,12:59:50.027,0.002969
12:59:50.028,2.164245,12:59:50.028,44.070317,12:59:50.028,0.002969
12:59:50.029,2.518809,12:59:50.029,44.205389,12:59:50.029,0.00264
12:59:50.030,2.82272,12:59:50.030,44.441765,12:59:50.030,0.001653
12:59:50.031,3.1604,12:59:50.031,44.391113,12:59:50.031,0.002969
12:59:50.032,3.5825,12:59:50.032,44.458649,12:59:50.032,0.004941
12:59:50.033,3.886412,12:59:50.033,44.576837,12:59:50.033,0.003626
12:59:50.034,4.156556,12:59:50.034,44.762561,12:59:50.034,0.004941
12:59:50.035,4.443584,12:59:50.035,44.745677,12:59:50.035,0.002311
12:59:50.036,4.544888,12:59:50.036,44.559953,12:59:50.036,0.003955
12:59:50.037,4.696844,12:59:50.037,44.644373,12:59:50.037,0.001982
12:59:50.038,4.815032,12:59:50.038,44.576837,12:59:50.038,0.003297
12:59:50.039,4.8488,12:59:50.039,44.441765,12:59:50.039,0.00264
12:59:50.040,4.831916,12:59:50.040,44.357345,12:59:50.040,0.002311
12:59:50.041,4.781264,12:59:50.041,44.171621,12:59:50.041,0.001982
12:59:50.042,4.76438,12:59:50.042,44.239157,12:59:50.042,0.003297
12:59:50.043,4.578656,12:59:50.043,44.120969,12:59:50.043,0.003297
12:59:50.044,4.477352,12:59:50.044,44.137853,12:59:50.044,0.003626
12:59:50.045,4.25786,12:59:50.045,44.070317,12:59:50.045,0.001982
12:59:50.046,4.021484,12:59:50.046,44.205389,12:59:50.046,0.00264
12:59:50.047,3.734456,12:59:50.047,44.272925,12:59:50.047,0.001325
12:59:50.048,3.599384,12:59:50.048,44.306693,12:59:50.048,0.00264
12:59:50.049,3.447428,12:59:50.049,44.357345,12:59:50.049,0.004612
12:59:50.050,3.261704,12:59:50.050,44.610605,12:59:50.050,0.003626
12:59:50.051,3.008444,12:59:50.051,44.695025,12:59:50.051,0.001653
12:59:50.052,2.873372,12:59:50.052,44.610605,12:59:50.052,0.004941
12:59:50.053,2.653881,12:59:50.053,44.610605,12:59:50.053,0.002969
12:59:50.054,2.417505,12:59:50.054,44.695025,12:59:50.054,0.002311
12:59:50.055,2.282433,12:59:50.055,44.661257,12:59:50.055,0.001653
12:59:50.056,2.265549,12:59:50.056,44.559953,12:59:50.056,0.001982
12:59:50.057,2.214897,12:59:50.057,44.543069,12:59:50.057,0.00264
12:59:50.058,2.214897,12:59:50.058,44.559953,12:59:50.058,0.00264
12:59:50.059,2.198013,12:59:50.059,44.559953,12:59:50.059,0.001982
12:59:50.060,2.333085,12:59:50.060,44.424881,12:59:50.060,0.001982
12:59:50.061,2.417505,12:59:50.061,44.424881,12:59:50.061,0.001982
12:59:50.062,2.417505,12:59:50.062,44.475533,12:59:50.062,0.002969
12:59:50.063,2.535693,12:59:50.063,44.492417,12:59:50.063,0.003297
12:59:50.064,2.805836,12:59:50.064,44.424881,12:59:50.064,0.003297
12:59:50.065,2.940908,12:59:50.065,44.374229,12:59:50.065,0.002311
12:59:50.066,3.143516,12:59:50.066,44.374229,12:59:50.066,0.003626
12:59:50.067,3.278588,12:59:50.067,44.407997,12:59:50.067,0.002311
12:59:50.068,3.633152,12:59:50.068,44.391113,12:59:50.068,0.002969
12:59:50.069,3.768224,12:59:50.069,44.357345,12:59:50.069,0.001982
12:59:50.070,4.0046,12:59:50.070,44.340461,12:59:50.070,0.00264
12:59:50.071,4.156556,12:59:50.071,44.407997,12:59:50.071,0.002969
12:59:50.072,4.308512,12:59:50.072,44.272925,12:59:50.072,0.00264
12:59:50.073,4.494236,12:59:50.073,44.272925,12:59:50.073,0.002969
12:59:50.074,4.578656,12:59:50.074,44.323577,12:59:50.074,0.003297
12:59:50.075,4.67996,12:59:50.075,44.340461,12:59:50.075,0.004941
12:59:50.076,4.730612,12:59:50.076,44.120969,12:59:50.076,0.00264
12:59:50.077,4.67996,12:59:50.077,44.171621,12:59:50.077,0.001653
12:59:50.078,4.59554,12:59:50.078,44.205389,12:59:50.078,0.00264
12:59:50.079,4.561772,12:59:50.079,44.171621,12:59:50.079,0.00264
12:59:50.080,4.494236,12:59:50.080,44.120969,12:59:50.080,0.001653
12:59:50.081,4.359164,12:59:50.081,44.087201,12:59:50.081,0.002969
12:59:50.082,4.274744,12:59:50.082,44.120969,12:59:50.082,0.003297
12:59:50.083,4.122788,12:59:50.083,44.222273,12:59:50.083,0.002969
12:59:50.084,4.105904,12:59:50.084,44.087201,12:59:50.084,0.00264
12:59:50.085,3.903296,12:59:50.085,43.985897,12:59:50.085,0.00264
12:59:50.086,3.801992,12:59:50.086,44.002781,12:59:50.086,0.004284
12:59:50.087,3.66692,12:59:50.087,44.019665,12:59:50.087,0.003626
12:59:50.088,3.548732,12:59:50.088,43.867709,12:59:50.088,0.002969
12:59:50.089,3.548732,12:59:50.089,43.817057,12:59:50.089,0.00264
12:59:50.090,3.295472,12:59:50.090,43.800173,12:59:50.090,0.002969
12:59:50.091,3.177284,12:59:50.091,43.867709,12:59:50.091,0.002969
12:59:50.092,3.109748,12:59:50.092,43.732637,12:59:50.092,0.002969
12:59:50.093,3.025328,12:59:50.093,43.631333,12:59:50.093,0.002311
12:59:50.094,3.008444,12:59:50.094,43.783289,12:59:50.094,0.003955
12:59:50.095,2.940908,12:59:50.095,43.817057,12:59:50.095,0.00264
12:59:50.096,2.873372,12:59:50.096,43.698869,12:59:50.096,0.003297
12:59:50.097,2.940908,12:59:50.097,43.648217,12:59:50.097,0.002311
12:59:50.098,2.772068,12:59:50.098,43.631333,12:59:50.098,0.002969
12:59:50.099,2.755184,12:59:50.099,43.732637,12:59:50.099,0.003297
12:59:50.100,2.704532,12:59:50.100,43.648217,12:59:50.100,0.002969
12:59:50.101,2.721416,12:59:50.101,43.580681,12:59:50.101,0.002311
12:59:50.102,2.90714,12:59:50.102,43.631333,12:59:50.102,0.002311
12:59:50.103,3.042212,12:59:50.103,43.580681,12:59:50.103,0.002311
12:59:50.104,3.109748,12:59:50.104,43.479378,12:59:50.104,0.004941
12:59:50.105,3.109748,12:59:50.105,43.428726,12:59:50.105,0.003626
12:59:50.106,3.177284,12:59:50.106,43.36119,12:59:50.106,0.002311
12:59:50.107,3.278588,12:59:50.107,43.428726,12:59:50.107,0.00264
12:59:50.108,3.548732,12:59:50.108,43.344306,12:59:50.108,0.003297
12:59:50.109,3.599384,12:59:50.109,43.27677,12:59:50.109,0.001982
12:59:50.110,3.565616,12:59:50.110,43.293654,12:59:50.110,0.002311
12:59:50.111,3.616268,12:59:50.111,43.310538,12:59:50.111,0.002311
12:59:50.112,3.734456,12:59:50.112,43.394958,12:59:50.112,0.00264
12:59:50.113,3.717572,12:59:50.113,43.327422,12:59:50.113,0.001982
12:59:50.114,3.700688,12:59:50.114,43.344306,12:59:50.114,0.001982
12:59:50.115,3.633152,12:59:50.115,43.327422,12:59:50.115,0.000667
12:59:50.116,3.633152,12:59:50.116,43.158582,12:59:50.116,0.002311
12:59:50.117,3.616268,12:59:50.117,43.006626,12:59:50.117,0.002311
12:59:50.118,3.633152,12:59:50.118,43.040394,12:59:50.118,0.003297
12:59:50.119,3.531848,12:59:50.119,43.124814,12:59:50.119,0.001653
12:59:50.120,3.548732,12:59:50.120,43.006626,12:59:50.120,0.002969
12:59:50.121,3.49808,12:59:50.121,43.02351,12:59:50.121,0.002969
12:59:50.122,3.379892,12:59:50.122,43.040394,12:59:50.122,0.00264
12:59:50.123,3.312356,12:59:50.123,43.141698,12:59:50.123,0.00264
12:59:50.124,3.24482,12:59:50.124,43.057278,12:59:50.124,0.002969
12:59:50.125,3.126632,12:59:50.125,42.972858,12:59:50.125,0.002969
12:59:50.126,3.109748,12:59:50.126,43.006626,12:59:50.126,0.002969
12:59:50.127,2.940908,12:59:50.127,43.040394,12:59:50.127,0.003626
12:59:50.128,2.99156,12:59:50.128,42.93909,12:59:50.128,0.003626
12:59:50.129,2.839604,12:59:50.129,43.02351,12:59:50.129,0.00264
12:59:50.130,2.805836,12:59:50.130,43.141698,12:59:50.130,0.002969
12:59:50.131,2.653881,12:59:50.131,43.158582,12:59:50.131,0.00264
12:59:50.132,2.552577,12:59:50.132,43.057278,12:59:50.132,0.004284
12:59:50.133,2.400621,12:59:50.133,42.905322,12:59:50.133,0.001653
12:59:50.134,2.383737,12:59:50.134,42.888438,12:59:50.134,0.002311
12:59:50.135,2.316201,12:59:50.135,42.85467,12:59:50.135,0.00264
12:59:50.136,2.282433,12:59:50.136,42.736482,12:59:50.136,0.00264
12:59:50.137,2.198013,12:59:50.137,42.618294,12:59:50.137,0.002969
12:59:50.138,2.265549,12:59:50.138,42.652062,12:59:50.138,0.002311
12:59:50.139,2.248665,12:59:50.139,42.635178,12:59:50.139,0.002969
12:59:50.140,2.198013,12:59:50.140,42.43257,12:59:50.140,0.00264
12:59:50.141,2.248665,12:59:50.141,42.466338,12:59:50.141,0.002311
12:59:50.142,2.181129,12:59:50.142,42.43257,12:59:50.142,0.003626
12:59:50.143,2.333085,12:59:50.143,42.449454,12:59:50.143,0.001982
12:59:50.144,2.333085,12:59:50.144,42.43257,12:59:50.144,0.003297
12:59:50.145,2.417505,12:59:50.145,42.483222,12:59:50.145,0.002311
12:59:50.146,2.501925,12:59:50.146,42.567642,12:59:50.146,0.002969
12:59:50.147,2.636997,12:59:50.147,42.635178,12:59:50.147,0.001982
12:59:50.148,2.788952,12:59:50.148,42.415686,12:59:50.148,0.003297
12:59:50.149,2.788952,12:59:50.149,42.398802,12:59:50.149,0.000667
12:59:50.150,2.839604,12:59:50.150,42.415686,12:59:50.150,0.00264
12:59:50.151,2.873372,12:59:50.151,42.550758,12:59:50.151,0.002311
12:59:50.152,2.924024,12:59:50.152,42.297498,12:59:50.152,0.001325
12:59:50.153,2.957792,12:59:50.153,42.331266,12:59:50.153,0.002311
12:59:50.154,2.957792,12:59:50.154,42.229962,12:59:50.154,0.001653
12:59:50.155,2.890256,12:59:50.155,42.365034,12:59:50.155,0.002311
12:59:50.156,2.90714,12:59:50.156,42.145542,12:59:50.156,0.00264
12:59:50.157,2.90714,12:59:50.157,42.027354,12:59:50.157,0.002969
12:59:50.158,2.772068,12:59:50.158,42.01047,12:59:50.158,0.002311
12:59:50.159,2.653881,12:59:50.159,42.196194,12:59:50.159,0.000996
12:59:50.160,2.485041,12:59:50.160,42.027354,12:59:50.160,0.00264
12:59:50.161,2.434389,12:59:50.161,41.959818,12:59:50.161,0.00264
12:59:50.162,2.400621,12:59:50.162,41.909166,12:59:50.162,0.00264
12:59:50.163,2.214897,12:59:50.163,42.09489,12:59:50.163,0.00264
12:59:50.164,2.147361,12:59:50.164,42.078006,12:59:50.164,0.001982
12:59:50.165,2.096709,12:59:50.165,42.01047,12:59:50.165,0.002311
12:59:50.166,1.995405,12:59:50.166,42.044238,12:59:50.166,0.003297
12:59:50.167,1.826565,12:59:50.167,42.213078,12:59:50.167,0.002969
12:59:50.168,1.809681,12:59:50.168,42.027354,12:59:50.168,0.002969
12:59:50.169,1.759029,12:59:50.169,42.061122,12:59:50.169,0.003955
12:59:50.170,1.742145,12:59:50.170,41.976702,12:59:50.170,0.003626
12:59:50.171,1.573305,12:59:50.171,42.145542,12:59:50.171,0.00264
12:59:50.172,1.623957,12:59:50.172,41.959818,12:59:50.172,0.003626
12:59:50.173,1.640841,12:59:50.173,41.959818,12:59:50.173,0.00264
12:59:50.174,1.607073,12:59:50.174,41.942934,12:59:50.174,0.002311
12:59:50.175,1.590189,12:59:50.175,42.078006,12:59:50.175,0.003297
12:59:50.176,1.640841,12:59:50.176,41.959818,12:59:50.176,0.001982
12:59:50.177,1.775913,12:59:50.177,41.824746,12:59:50.177,0.001325
12:59:50.178,1.792797,12:59:50.178,41.774094,12:59:50.178,0.003626
12:59:50.179,1.826565,12:59:50.179,41.942934,12:59:50.179,0.001982
12:59:50.180,1.944753,12:59:50.180,41.858514,12:59:50.180,0.00264
12:59:50.181,2.012289,12:59:50.181,41.689674,12:59:50.181,0.001982
12:59:50.182,2.046057,12:59:50.182,41.858514,12:59:50.182,0.001982
12:59:50.183,2.079825,12:59:50.183,41.976702,12:59:50.183,0.00264
12:59:50.184,2.265549,12:59:50.184,41.858514,12:59:50.184,0.00264
12:59:50.185,2.349969,12:59:50.185,41.892282,12:59:50.185,0.002311
12:59:50.186,2.434389,12:59:50.186,41.84163,12:59:50.186,0.003626
12:59:50.187,2.417505,12:59:50.187,41.959818,12:59:50.187,0.004284
12:59:50.188,2.468157,12:59:50.188,41.858514,12:59:50.188,0.002311
12:59:50.189,2.535693,12:59:50.189,41.892282,12:59:50.189,0.002311
12:59:50.190,2.468157,12:59:50.190,41.909166,12:59:50.190,0.00527
12:59:50.191,2.518809,12:59:50.191,41.993586,12:59:50.191,0.003297
12:59:50.192,2.417505,12:59:50.192,41.892282,12:59:50.192,0.001653
12:59:50.193,2.383737,12:59:50.193,41.909166,12:59:50.193,0.00264
12:59:50.194,2.333085,12:59:50.194,41.858514,12:59:50.194,0.00527
12:59:50.195,2.265549,12:59:50.195,41.92605,12:59:50.195,0.002311
12:59:50.196,2.164245,12:59:50.196,41.909166,12:59:50.196,0.002311
12:59:50.197,2.046057,12:59:50.197,41.790978,12:59:50.197,0.00264
12:59:50.198,1.995405,12:59:50.198,41.740326,12:59:50.198,0.003626
12:59:50.199,1.860333,12:59:50.199,41.740326,12:59:50.199,0.001982
12:59:50.200,1.877217,12:59:50.200,41.774094,12:59:50.200,0.00264
12:59:50.201,1.691493,12:59:50.201,41.723442,12:59:50.201,0.000338
12:59:50.202,1.657725,12:59:50.202,41.689674,12:59:50.202,0.001982
12:59:50.203,1.590189,12:59:50.203,41.723442,12:59:50.203,0.00264
12:59:50.204,1.607073,12:59:50.204,41.706558,12:59:50.204,0.003626
12:59:50.205,1.607073,12:59:50.205,41.706558,12:59:50.205,0.001982
12:59:50.206,1.640841,12:59:50.206,41.75721,12:59:50.206,0.002969
12:59:50.207,1.590189,12:59:50.207,41.858514,12:59:50.207,0.003955
12:59:50.208,1.657725,12:59:50.208,41.790978,12:59:50.208,0.001653
12:59:50.209,1.708377,12:59:50.209,41.75721,12:59:50.209,0.003955
12:59:50.210,1.742145,12:59:50.210,41.723442,12:59:50.210,0.00264
12:59:50.211,1.792797,12:59:50.211,41.84163,12:59:50.211,0.002969
12:59:50.212,1.843449,12:59:50.212,41.84163,12:59:50.212,0.001653
12:59:50.213,1.894101,12:59:50.213,41.790978,12:59:50.213,0.001325
12:59:50.214,2.012289,12:59:50.214,41.75721,12:59:50.214,0.002969
12:59:50.215,2.029173,12:59:50.215,41.824746,12:59:50.215,0.00264
12:59:50.216,2.046057,12:59:50.216,41.84163,12:59:50.216,0.002311
12:59:50.217,2.282433,12:59:50.217,41.723442,12:59:50.217,0.002311
12:59:50.218,2.299317,12:59:50.218,41.605254,12:59:50.218,0.002969
12:59:50.219,2.333085,12:59:50.219,41.622138,12:59:50.219,0.001325
12:59:50.220,2.434389,12:59:50.220,41.689674,12:59:50.220,0.00264
12:59:50.221,2.417505,12:59:50.221,41.605254,12:59:50.221,0.002311
12:59:50.222,2.552577,12:59:50.222,41.605254,12:59:50.222,0.003626
12:59:50.223,2.501925,12:59:50.223,41.740326,12:59:50.223,0.003297
12:59:50.224,2.518809,12:59:50.224,41.689674,12:59:50.224,0.003297
12:59:50.225,2.552577,12:59:50.225,41.622138,12:59:50.225,0.002969
12:59:50.226,2.620113,12:59:50.226,41.622138,12:59:50.226,0.00264
12:59:50.227,2.518809,12:59:50.227,41.689674,12:59:50.227,0.001982
12:59:50.228,2.569461,12:59:50.228,41.740326,12:59:50.228,0.00264
12:59:50.229,2.518809,12:59:50.229,41.706558,12:59:50.229,0.00264
12:59:50.230,2.400621,12:59:50.230,41.605254,12:59:50.230,0.003297
12:59:50.231,2.333085,12:59:50.231,41.689674,12:59:50.231,0.002311
12:59:50.232,2.265549,12:59:50.232,41.75721,12:59:50.232,0.001653
12:59:50.233,2.265549,12:59:50.233,41.740326,12:59:50.233,0.002969
12:59:50.234,2.181129,12:59:50.234,41.706558,12:59:50.234,0.00264
12:59:50.235,2.046057,12:59:50.235,41.689674,12:59:50.235,0.001653
12:59:50.236,1.978521,12:59:50.236,41.807862,12:59:50.236,0.001325
12:59:50.237,1.944753,12:59:50.237,41.689674,12:59:50.237,0.002311
12:59:50.238,1.927869,12:59:50.238,41.605254,12:59:50.238,0.001325
12:59:50.239,1.910985,12:59:50.239,41.689674,12:59:50.239,0.002969
12:59:50.240,1.910985,12:59:50.240,41.689674,12:59:50.240,0.002311
12:59:50.241,1.860333,12:59:50.241,41.58837,12:59:50.241,0.002311
12:59:50.242,1.944753,12:59:50.242,41.537719,12:59:50.242,0.001325
12:59:50.243,1.961637,12:59:50.243,41.58837,12:59:50.243,0.00264
12:59:50.244,1.944753,12:59:50.244,41.740326,12:59:50.244,0.002969
12:59:50.245,2.062941,12:59:50.245,41.554602,12:59:50.245,0.003297
12:59:50.246,2.181129,12:59:50.246,41.58837,12:59:50.246,0.002311
12:59:50.247,2.198013,12:59:50.247,41.58837,12:59:50.247,0.003297
12:59:50.248,2.299317,12:59:50.248,41.706558,12:59:50.248,0.001653
12:59:50.249,2.400621,12:59:50.249,41.537719,12:59:50.249,0.001653
12:59:50.250,2.468157,12:59:50.250,41.622138,12:59:50.250,0.001653
12:59:50.251,2.552577,12:59:50.251,41.655906,12:59:50.251,0.002969
12:59:50.252,2.552577,12:59:50.252,41.571486,12:59:50.252,0.002311
12:59:50.253,2.687649,12:59:50.253,41.503951,12:59:50.253,0.002969
12:59:50.254,2.687649,12:59:50.254,41.605254,12:59:50.254,0.00264
12:59:50.255,2.721416,12:59:50.255,41.554602,12:59:50.255,0.002969
12:59:50.256,2.7383,12:59:50.256,41.571486,12:59:50.256,0.001982
12:59:50.257,2.687649,12:59:50.257,41.470183,12:59:50.257,0.003297
12:59:50.258,2.687649,12:59:50.258,41.368879,12:59:50.258,0.00264
12:59:50.259,2.704532,12:59:50.259,41.385763,12:59:50.259,0.001982
12:59:50.260,2.603229,12:59:50.260,41.470183,12:59:50.260,0.003297
12:59:50.261,2.569461,12:59:50.261,41.335111,12:59:50.261,0.001982
12:59:50.262,2.518809,12:59:50.262,41.385763,12:59:50.262,0.003297
12:59:50.263,2.485041,12:59:50.263,41.419531,12:59:50.263,0.000009
12:59:50.264,2.383737,12:59:50.264,41.487067,12:59:50.264,0.003297
12:59:50.265,2.333085,12:59:50.265,41.351995,12:59:50.265,0.003626
12:59:50.266,2.282433,12:59:50.266,41.436415,12:59:50.266,0.003626
12:59:50.267,2.316201,12:59:50.267,41.301343,12:59:50.267,0.00264
12:59:50.268,2.164245,12:59:50.268,41.402647,12:59:50.268,0.003297
12:59:50.269,2.096709,12:59:50.269,41.284459,12:59:50.269,0.002969
12:59:50.270,2.096709,12:59:50.270,41.284459,12:59:50.270,0.002969
12:59:50.271,1.995405,12:59:50.271,41.318227,12:59:50.271,0.002969
12:59:50.272,1.944753,12:59:50.272,41.318227,12:59:50.272,0.001653
12:59:50.273,1.927869,12:59:50.273,41.267575,12:59:50.273,0.001653
12:59:50.274,1.910985,12:59:50.274,41.301343,12:59:50.274,0.002969
12:59:50.275,1.826565,12:59:50.275,41.267575,12:59:50.275,0.002311
12:59:50.276,1.775913,12:59:50.276,41.250691,12:59:50.276,0.003297
12:59:50.277,1.860333,12:59:50.277,41.166271,12:59:50.277,0.00264
12:59:50.278,1.826565,12:59:50.278,41.132503,12:59:50.278,0.003955
12:59:50.279,1.826565,12:59:50.279,41.132503,12:59:50.279,0.003297
12:59:50.280,1.877217,12:59:50.280,41.166271,12:59:50.280,0.001653
12:59:50.281,1.860333,12:59:50.281,40.980547,12:59:50.281,0.003626
12:59:50.282,1.927869,12:59:50.282,41.014315,12:59:50.282,0.00264
12:59:50.283,1.978521,12:59:50.283,41.014315,12:59:50.283,0.005599
12:59:50.284,2.012289,12:59:50.284,41.081851,12:59:50.284,0.003297
12:59:50.285,2.147361,12:59:50.285,41.031199,12:59:50.285,0.001982
12:59:50.286,2.181129,12:59:50.286,40.913011,12:59:50.286,0.003297
12:59:50.287,2.198013,12:59:50.287,40.913011,12:59:50.287,0.002311
12:59:50.288,2.147361,12:59:50.288,40.997431,12:59:50.288,0.00264
12:59:50.289,2.214897,12:59:50.289,40.946779,12:59:50.289,0.003626
12:59:50.290,2.282433,12:59:50.290,40.828591,12:59:50.290,0.002311
12:59:50.291,2.349969,12:59:50.291,40.828591,12:59:50.291,0.00264
12:59:50.292,2.282433,12:59:50.292,40.896127,12:59:50.292,0.004284
12:59:50.293,2.282433,12:59:50.293,40.879243,12:59:50.293,0.00264
12:59:50.294,2.214897,12:59:50.294,40.811707,12:59:50.294,0.002311
12:59:50.295,2.181129,12:59:50.295,40.761055,12:59:50.295,0.002311
12:59:50.296,2.130477,12:59:50.296,40.828591,12:59:50.296,0.002969
12:59:50.297,2.147361,12:59:50.297,40.676635,12:59:50.297,0.00264
12:59:50.298,2.147361,12:59:50.298,40.710403,12:59:50.298,0.00264
12:59:50.299,2.062941,12:59:50.299,40.676635,12:59:50.299,0.003626
12:59:50.300,2.012289,12:59:50.300,40.676635,12:59:50.300,0.003297
12:59:50.301,1.927869,12:59:50.301,40.609099,12:59:50.301,0.003626
12:59:50.302,1.826565,12:59:50.302,40.659751,12:59:50.302,0.003297
12:59:50.303,1.843449,12:59:50.303,40.558447,12:59:50.303,0.001982
12:59:50.304,1.708377,12:59:50.304,40.575331,12:59:50.304,0.003626
12:59:50.305,1.674609,12:59:50.305,40.575331,12:59:50.305,0.001982
12:59:50.306,1.640841,12:59:50.306,40.474027,12:59:50.306,0.003626
12:59:50.307,1.640841,12:59:50.307,40.406491,12:59:50.307,0.003626
12:59:50.308,1.623957,12:59:50.308,40.558447,12:59:50.308,0.001653
12:59:50.309,1.674609,12:59:50.309,40.372723,12:59:50.309,0.00264
12:59:50.310,1.623957,12:59:50.310,40.237651,12:59:50.310,0.003297
12:59:50.311,1.623957,12:59:50.311,40.423375,12:59:50.311,0.002311
12:59:50.312,1.505769,12:59:50.312,40.423375,12:59:50.312,0.003626
12:59:50.313,1.573305,12:59:50.313,40.288303,12:59:50.313,0.00264
12:59:50.314,1.556421,12:59:50.314,40.220767,12:59:50.314,0.002969
12:59:50.315,1.556421,12:59:50.315,40.220767,12:59:50.315,0.003297
12:59:50.316,1.472001,12:59:50.316,40.338955,12:59:50.316,0.002969
12:59:50.317,1.623957,12:59:50.317,40.288303,12:59:50.317,0.002311
12:59:50.318,1.590189,12:59:50.318,40.102579,12:59:50.318,0.000996
12:59:50.319,1.590189,12:59:50.319,40.068811,12:59:50.319,0.001982
12:59:50.320,1.522653,12:59:50.320,40.288303,12:59:50.320,0.001982
12:59:50.321,1.590189,12:59:50.321,40.170115,12:59:50.321,0.001982
12:59:50.322,1.640841,12:59:50.322,40.068811,12:59:50.322,0.003297
12:59:50.323,1.640841,12:59:50.323,39.984391,12:59:50.323,0.001653
12:59:50.324,1.607073,12:59:50.324,40.186999,12:59:50.324,0.002969
12:59:50.325,1.640841,12:59:50.325,40.085695,12:59:50.325,0.003297
12:59:50.326,1.708377,12:59:50.326,40.018159,12:59:50.326,0.001653
12:59:50.327,1.674609,12:59:50.327,39.933739,12:59:50.327,0.00264
12:59:50.328,1.623957,12:59:50.328,40.085695,12:59:50.328,0.002311
12:59:50.329,1.623957,12:59:50.329,40.102579,12:59:50.329,0.002969
12:59:50.330,1.725261,12:59:50.330,39.967507,12:59:50.330,0.002969
12:59:50.331,1.640841,12:59:50.331,40.051927,12:59:50.331,0.001982
12:59:50.332,1.573305,12:59:50.332,40.119463,12:59:50.332,0.003955
12:59:50.333,1.607073,12:59:50.333,40.170115,12:59:50.333,0.00264
12:59:50.334,1.573305,12:59:50.334,39.916855,12:59:50.334,0.002311
12:59:50.335,1.590189,12:59:50.335,39.933739,12:59:50.335,0.001325
12:59:50.336,1.488885,12:59:50.336,40.136347,12:59:50.336,0.002969
12:59:50.337,1.455117,12:59:50.337,40.051927,12:59:50.337,0.002969
12:59:50.338,1.472001,12:59:50.338,39.883087,12:59:50.338,0.003297
12:59:50.339,1.438233,12:59:50.339,39.883087,12:59:50.339,0.002311
12:59:50.340,1.269393,12:59:50.340,40.119463,12:59:50.340,0.002969
12:59:50.341,1.353813,12:59:50.341,40.035043,12:59:50.341,0.002969
12:59:50.342,1.235625,12:59:50.342,40.051927,12:59:50.342,0.002969
12:59:50.343,1.303161,12:59:50.343,40.018159,12:59:50.343,0.002969
12:59:50.344,1.269393,12:59:50.344,40.085695,12:59:50.344,0.001982
12:59:50.345,1.320045,12:59:50.345,40.001275,12:59:50.345,0.002311
12:59:50.346,1.353813,12:59:50.346,40.102579,12:59:50.346,0.001982
12:59:50.347,1.370697,12:59:50.347,40.018159,12:59:50.347,0.001982
12:59:50.348,1.387581,12:59:50.348,40.102579,12:59:50.348,0.003955
12:59:50.349,1.404465,12:59:50.349,40.035043,12:59:50.349,0.003626
12:59:50.350,1.404465,12:59:50.350,39.967507,12:59:50.350,0.004284
12:59:50.351,1.505769,12:59:50.351,40.001275,12:59:50.351,0.003626
12:59:50.352,1.539537,12:59:50.352,40.035043,12:59:50.352,0.001982
12:59:50.353,1.488885,12:59:50.353,40.035043,12:59:50.353,0.003297
12:59:50.354,1.607073,12:59:50.354,40.051927,12:59:50.354,0.00264
12:59:50.355,1.590189,12:59:50.355,39.899971,12:59:50.355,0.005599
12:59:50.356,1.505769,12:59:50.356,40.035043,12:59:50.356,0.002969
12:59:50.357,1.556421,12:59:50.357,39.984391,12:59:50.357,0.001325
12:59:50.358,1.590189,12:59:50.358,39.916855,12:59:50.358,0.001653
12:59:50.359,1.607073,12:59:50.359,39.899971,12:59:50.359,0.002311
12:59:50.360,1.556421,12:59:50.360,39.950623,12:59:50.360,0.00264
12:59:50.361,1.573305,12:59:50.361,39.984391,12:59:50.361,0.002311
12:59:50.362,1.590189,12:59:50.362,39.832435,12:59:50.362,0.00264
12:59:50.363,1.623957,12:59:50.363,39.899971,12:59:50.363,0.004284
12:59:50.364,1.539537,12:59:50.364,39.916855,12:59:50.364,0.004284
12:59:50.365,1.505769,12:59:50.365,40.001275,12:59:50.365,0.002969
12:59:50.366,1.539537,12:59:50.366,39.899971,12:59:50.366,0.004284
12:59:50.367,1.522653,12:59:50.367,39.950623,12:59:50.367,0.001982
12:59:50.368,1.488885,12:59:50.368,39.916855,12:59:50.368,0.001325
12:59:50.369,1.438233,12:59:50.369,39.967507,12:59:50.369,0.002311
12:59:50.370,1.472001,12:59:50.370,39.950623,12:59:50.370,0.001653
12:59:50.371,1.387581,12:59:50.371,39.967507,12:59:50.371,0.002969
12:59:50.372,1.370697,12:59:50.372,40.001275,12:59:50.372,0.00264
12:59:50.373,1.370697,12:59:50.373,39.883087,12:59:50.373,0.00264
12:59:50.374,1.336929,12:59:50.374,39.832435,12:59:50.374,0.004612
12:59:50.375,1.370697,12:59:50.375,39.849319,12:59:50.375,0.002969
12:59:50.376,1.387581,12:59:50.376,39.815551,12:59:50.376,0.003297
12:59:50.377,1.336929,12:59:50.377,39.933739,12:59:50.377,0.002311
12:59:50.378,1.320045,12:59:50.378,39.764899,12:59:50.378,0.003297
12:59:50.379,1.336929,12:59:50.379,39.764899,12:59:50.379,0.00264
12:59:50.380,1.387581,12:59:50.380,39.866203,12:59:50.380,0.001653
12:59:50.381,1.387581,12:59:50.381,39.832435,12:59:50.381,0.004284
12:59:50.382,1.438233,12:59:50.382,39.731131,12:59:50.382,0.00264
12:59:50.383,1.421349,12:59:50.383,39.748015,12:59:50.383,0.001982
12:59:50.384,1.438233,12:59:50.384,39.849319,12:59:50.384,0.002969
12:59:50.385,1.556421,12:59:50.385,39.832435,12:59:50.385,0.002311
12:59:50.386,1.640841,12:59:50.386,39.731131,12:59:50.386,0.002969
12:59:50.387,1.623957,12:59:50.387,39.731131,12:59:50.387,0.000667
12:59:50.388,1.725261,12:59:50.388,39.764899,12:59:50.388,0.001982
12:59:50.389,1.657725,12:59:50.389,39.832435,12:59:50.389,0.002969
12:59:50.390,1.725261,12:59:50.390,39.714247,12:59:50.390,0.004284
12:59:50.391,1.809681,12:59:50.391,39.748015,12:59:50.391,0.001982
12:59:50.392,1.792797,12:59:50.392,39.815551,12:59:50.392,0.00264
12:59:50.393,1.792797,12:59:50.393,39.899971,12:59:50.393,0.002969
12:59:50.394,1.792797,12:59:50.394,39.731131,12:59:50.394,0.002311
12:59:50.395,1.792797,12:59:50.395,39.680479,12:59:50.395,0.003626
12:59:50.396,1.775913,12:59:50.396,39.731131,12:59:50.396,0.00264
12:59:50.397,1.742145,12:59:50.397,39.764899,12:59:50.397,0.003955
12:59:50.398,1.792797,12:59:50.398,39.646711,12:59:50.398,0.002969
12:59:50.399,1.759029,12:59:50.399,39.562291,12:59:50.399,0.003626
12:59:50.400,1.674609,12:59:50.400,39.612943,12:59:50.400,0.003955
12:59:50.401,1.674609,12:59:50.401,39.646711,12:59:50.401,0.00264
12:59:50.402,1.623957,12:59:50.402,39.629827,12:59:50.402,0.002969
12:59:50.403,1.573305,12:59:50.403,39.714247,12:59:50.403,0.003626
12:59:50.404,1.573305,12:59:50.404,39.663595,12:59:50.404,0.003626
12:59:50.405,1.556421,12:59:50.405,39.764899,12:59:50.405,0.002311
12:59:50.406,1.590189,12:59:50.406,39.629827,12:59:50.406,0.002311
12:59:50.407,1.590189,12:59:50.407,39.596059,12:59:50.407,0.00527
12:59:50.408,1.607073,12:59:50.408,39.612943,12:59:50.408,0.003626
12:59:50.409,1.539537,12:59:50.409,39.663595,12:59:50.409,0.00264
12:59:50.410,1.623957,12:59:50.410,39.562291,12:59:50.410,0.001325
12:59:50.411,1.623957,12:59:50.411,39.477872,12:59:50.411,0.002969
12:59:50.412,1.607073,12:59:50.412,39.477872,12:59:50.412,0.00264
12:59:50.413,1.623957,12:59:50.413,39.646711,12:59:50.413,0.001982
12:59:50.414,1.623957,12:59:50.414,39.444104,12:59:50.414,0.001653
12:59:50.415,1.623957,12:59:50.415,39.528523,12:59:50.415,0.002969
12:59:50.416,1.691493,12:59:50.416,39.477872,12:59:50.416,0.004284
12:59:50.417,1.674609,12:59:50.417,39.528523,12:59:50.417,0.002969
12:59:50.418,1.708377,12:59:50.418,39.376568,12:59:50.418,0.003626
12:59:50.419,1.708377,12:59:50.419,39.292148,12:59:50.419,0.001653
12:59:50.420,1.725261,12:59:50.420,39.309032,12:59:50.420,0.001982
12:59:50.421,1.725261,12:59:50.421,39.393452,12:59:50.421,0.002311
12:59:50.422,1.708377,12:59:50.422,39.241496,12:59:50.422,0.001653
12:59:50.423,1.708377,12:59:50.423,39.25838,12:59:50.423,0.003297
12:59:50.424,1.742145,12:59:50.424,39.309032,12:59:50.424,0.003297
12:59:50.425,1.775913,12:59:50.425,39.292148,12:59:50.425,0.00264
12:59:50.426,1.843449,12:59:50.426,39.275264,12:59:50.426,0.003955
12:59:50.427,1.843449,12:59:50.427,39.190844,12:59:50.427,0.00264
12:59:50.428,1.843449,12:59:50.428,39.190844,12:59:50.428,0.003955
12:59:50.429,1.809681,12:59:50.429,39.292148,12:59:50.429,0.002311
12:59:50.430,1.759029,12:59:50.430,39.224612,12:59:50.430,0.003626
12:59:50.431,1.843449,12:59:50.431,39.157076,12:59:50.431,0.003626
12:59:50.432,1.759029,12:59:50.432,39.207728,12:59:50.432,0.00264
12:59:50.433,1.742145,12:59:50.433,39.241496,12:59:50.433,0.003297
12:59:50.434,1.792797,12:59:50.434,39.207728,12:59:50.434,0.003626
12:59:50.435,1.742145,12:59:50.435,39.190844,12:59:50.435,0.00264
12:59:50.436,1.742145,12:59:50.436,39.055772,12:59:50.436,0.001982
12:59:50.437,1.640841,12:59:50.437,39.072656,12:59:50.437,0.002311
12:59:50.438,1.674609,12:59:50.438,39.038888,12:59:50.438,0.003955
12:59:50.439,1.623957,12:59:50.439,38.937584,12:59:50.439,0.004284
12:59:50.440,1.623957,12:59:50.440,38.903816,12:59:50.440,0.003297
12:59:50.441,1.539537,12:59:50.441,39.022004,12:59:50.441,0.003297
12:59:50.442,1.556421,12:59:50.442,38.870048,12:59:50.442,0.003297
12:59:50.443,1.522653,12:59:50.443,38.9207,12:59:50.443,0.001982
12:59:50.444,1.539537,12:59:50.444,38.886932,12:59:50.444,0.002969
12:59:50.445,1.556421,12:59:50.445,38.988236,12:59:50.445,0.000996
12:59:50.446,1.573305,12:59:50.446,39.00512,12:59:50.446,0.003626
12:59:50.447,1.556421,12:59:50.447,38.903816,12:59:50.447,0.00264
12:59:50.448,1.573305,12:59:50.448,38.870048,12:59:50.448,0.00264
12:59:50.449,1.573305,12:59:50.449,39.038888,12:59:50.449,0.003626
12:59:50.450,1.607073,12:59:50.450,38.903816,12:59:50.450,0.002969
12:59:50.451,1.623957,12:59:50.451,38.870048,12:59:50.451,0.004284
12:59:50.452,1.623957,12:59:50.452,38.819396,12:59:50.452,0.003297
12:59:50.453,1.590189,12:59:50.453,38.954468,12:59:50.453,0.003626
12:59:50.454,1.623957,12:59:50.454,38.903816,12:59:50.454,0.003955
12:59:50.455,1.607073,12:59:50.455,38.802512,12:59:50.455,0.00264
12:59:50.456,1.573305,12:59:50.456,38.819396,12:59:50.456,0.005599
12:59:50.457,1.573305,12:59:50.457,38.870048,12:59:50.457,0.00264
12:59:50.458,1.590189,12:59:50.458,38.734976,12:59:50.458,0.00264
12:59:50.459,1.556421,12:59:50.459,38.701208,12:59:50.459,0.00264
12:59:50.460,1.607073,12:59:50.460,38.684324,12:59:50.460,0.001982
12:59:50.461,1.573305,12:59:50.461,38.734976,12:59:50.461,0.001325
12:59:50.462,1.539537,12:59:50.462,38.701208,12:59:50.462,0.001982
12:59:50.463,1.522653,12:59:50.463,38.684324,12:59:50.463,0.001653
12:59:50.464,1.556421,12:59:50.464,38.66744,12:59:50.464,0.002969
12:59:50.465,1.505769,12:59:50.465,38.701208,12:59:50.465,0.003297
12:59:50.466,1.556421,12:59:50.466,38.75186,12:59:50.466,0.001982
12:59:50.467,1.539537,12:59:50.467,38.599904,12:59:50.467,0.003626
12:59:50.468,1.556421,12:59:50.468,38.650556,12:59:50.468,0.003297
12:59:50.469,1.438233,12:59:50.469,38.701208,12:59:50.469,0.003626
12:59:50.470,1.505769,12:59:50.470,38.718092,12:59:50.470,0.002969
12:59:50.471,1.539537,12:59:50.471,38.616788,12:59:50.471,0.001653
12:59:50.472,1.556421,12:59:50.472,38.532368,12:59:50.472,0.00264
12:59:50.473,1.455117,12:59:50.473,38.58302,12:59:50.473,0.001982
12:59:50.474,1.522653,12:59:50.474,38.549252,12:59:50.474,0.001653
12:59:50.475,1.488885,12:59:50.475,38.397296,12:59:50.475,0.003626
12:59:50.476,1.505769,12:59:50.476,38.363528,12:59:50.476,0.003955
12:59:50.477,1.353813,12:59:50.477,38.515484,12:59:50.477,0.002969
12:59:50.478,1.404465,12:59:50.478,38.4986,12:59:50.478,0.003626
12:59:50.479,1.438233,12:59:50.479,38.41418,12:59:50.479,0.001653
12:59:50.480,1.353813,12:59:50.480,38.32976,12:59:50.480,0.004284
12:59:50.481,1.303161,12:59:50.481,38.599904,12:59:50.481,0.001982
12:59:50.482,1.353813,12:59:50.482,38.397296,12:59:50.482,0.006256
12:59:50.483,1.438233,12:59:50.483,38.279108,12:59:50.483,0.00264
12:59:50.484,1.421349,12:59:50.484,38.346644,12:59:50.484,0.002311
12:59:50.485,1.320045,12:59:50.485,38.41418,12:59:50.485,0.001982
12:59:50.486,1.353813,12:59:50.486,38.380412,12:59:50.486,0.002969
12:59:50.487,1.370697,12:59:50.487,38.312876,12:59:50.487,0.003297
12:59:50.488,1.472001,12:59:50.488,38.346644,12:59:50.488,0.003297
12:59:50.489,1.336929,12:59:50.489,38.464832,12:59:50.489,0.002311
12:59:50.490,1.421349,12:59:50.490,38.397296,12:59:50.490,0.003626
12:59:50.491,1.421349,12:59:50.491,38.312876,12:59:50.491,0.003626
12:59:50.492,1.472001,12:59:50.492,38.397296,12:59:50.492,0.003626
12:59:50.493,1.421349,12:59:50.493,38.481716,12:59:50.493,0.00264
12:59:50.494,1.370697,12:59:50.494,38.397296,12:59:50.494,0.002311
12:59:50.495,1.404465,12:59:50.495,38.279108,12:59:50.495,0.001982
12:59:50.496,1.353813,12:59:50.496,38.262224,12:59:50.496,0.002969
12:59:50.497,1.336929,12:59:50.497,38.41418,12:59:50.497,0.000667
12:59:50.498,1.336929,12:59:50.498,38.380412,12:59:50.498,0.002969
12:59:50.499,1.370697,12:59:50.499,38.262224,12:59:50.499,0.00264
12:59:50.500,1.370697,12:59:50.500,38.24534,12:59:50.500,0.002311
12:59:50.501,1.320045,12:59:50.501,38.312876,12:59:50.501,0.003297
12:59:50.502,1.320045,12:59:50.502,38.262224,12:59:50.502,0.002969
12:59:50.503,1.370697,12:59:50.503,38.177804,12:59:50.503,0.003297
12:59:50.504,1.303161,12:59:50.504,38.177804,12:59:50.504,0.00264
12:59:50.505,1.252509,12:59:50.505,38.363528,12:59:50.505,0.001325
12:59:50.506,1.269393,12:59:50.506,38.295992,12:59:50.506,0.003626
12:59:50.507,1.269393,12:59:50.507,38.279108,12:59:50.507,0.002969
12:59:50.508,1.303161,12:59:50.508,38.312876,12:59:50.508,0.004612
12:59:50.509,1.269393,12:59:50.509,38.211572,12:59:50.509,0.002311
12:59:50.510,1.336929,12:59:50.510,38.295992,12:59:50.510,0.00264
12:59:50.511,1.353813,12:59:50.511,38.194688,12:59:50.511,0.001982
12:59:50.512,1.286277,12:59:50.512,38.346644,12:59:50.512,0.00264
12:59:50.513,1.336929,12:59:50.513,38.32976,12:59:50.513,0.00264
12:59:50.514,1.336929,12:59:50.514,38.363528,12:59:50.514,0.003955
12:59:50.515,1.320045,12:59:50.515,38.262224,12:59:50.515,0.002311
12:59:50.516,1.252509,12:59:50.516,38.194688,12:59:50.516,0.00264
12:59:50.517,1.303161,12:59:50.517,38.295992,12:59:50.517,0.003955
12:59:50.518,1.269393,12:59:50.518,38.363528,12:59:50.518,0.003297
12:59:50.519,1.336929,12:59:50.519,38.16092,12:59:50.519,0.002969
12:59:50.520,1.336929,12:59:50.520,38.24534,12:59:50.520,0.001982
12:59:50.521,1.370697,12:59:50.521,38.177804,12:59:50.521,0.00264
12:59:50.522,1.286277,12:59:50.522,38.177804,12:59:50.522,0.002311
12:59:50.523,1.303161,12:59:50.523,38.110268,12:59:50.523,0.001325
12:59:50.524,1.269393,12:59:50.524,38.059616,12:59:50.524,0.003955
12:59:50.525,1.370697,12:59:50.525,38.177804,12:59:50.525,0.002969
12:59:50.526,1.370697,12:59:50.526,38.211572,12:59:50.526,0.00264
12:59:50.527,1.421349,12:59:50.527,38.093384,12:59:50.527,0.003297
12:59:50.528,1.370697,12:59:50.528,38.042732,12:59:50.528,0.000996
12:59:50.529,1.404465,12:59:50.529,38.16092,12:59:50.529,0.003297
12:59:50.530,1.421349,12:59:50.530,38.194688,12:59:50.530,0.002311
12:59:50.531,1.404465,12:59:50.531,38.16092,12:59:50.531,0.004284
12:59:50.532,1.370697,12:59:50.532,38.127152,12:59:50.532,0.002969
12:59:50.533,1.421349,12:59:50.533,38.127152,12:59:50.533,0.002969
12:59:50.534,1.353813,12:59:50.534,38.194688,12:59:50.534,0.003626
12:59:50.535,1.438233,12:59:50.535,38.059616,12:59:50.535,0.002969
12:59:50.536,1.387581,12:59:50.536,38.059616,12:59:50.536,0.002311
12:59:50.537,1.370697,12:59:50.537,38.059616,12:59:50.537,0.00264
12:59:50.538,1.370697,12:59:50.538,38.110268,12:59:50.538,0.002311
12:59:50.539,1.438233,12:59:50.539,37.958312,12:59:50.539,0.00264
12:59:50.540,1.387581,12:59:50.540,38.008964,12:59:50.540,0.002969
12:59:50.541,1.472001,12:59:50.541,38.008964,12:59:50.541,0.00264
12:59:50.542,1.353813,12:59:50.542,38.059616,12:59:50.542,0.003297
12:59:50.543,1.421349,12:59:50.543,37.975196,12:59:50.543,0.003297
12:59:50.544,1.472001,12:59:50.544,37.924544,12:59:50.544,0.003297
12:59:50.545,1.404465,12:59:50.545,37.941428,12:59:50.545,0.003297
12:59:50.546,1.438233,12:59:50.546,37.924544,12:59:50.546,0.001982
12:59:50.547,1.488885,12:59:50.547,37.958312,12:59:50.547,0.001982
12:59:50.548,1.522653,12:59:50.548,37.975196,12:59:50.548,0.003297
12:59:50.549,1.505769,12:59:50.549,37.873892,12:59:50.549,0.001653
12:59:50.550,1.488885,12:59:50.550,37.941428,12:59:50.550,0.003297
12:59:50.551,1.556421,12:59:50.551,37.857008,12:59:50.551,0.001982
12:59:50.552,1.590189,12:59:50.552,37.840124,12:59:50.552,0.003297
12:59:50.553,1.488885,12:59:50.553,37.941428,12:59:50.553,0.00264
12:59:50.554,1.488885,12:59:50.554,37.890776,12:59:50.554,0.001653
12:59:50.555,1.522653,12:59:50.555,37.857008,12:59:50.555,0.003955
12:59:50.556,1.488885,12:59:50.556,37.806356,12:59:50.556,0.002311
12:59:50.557,1.522653,12:59:50.557,37.772588,12:59:50.557,0.003297
12:59:50.558,1.488885,12:59:50.558,37.90766,12:59:50.558,0.003955
12:59:50.559,1.522653,12:59:50.559,37.688168,12:59:50.559,0.001325
12:59:50.560,1.556421,12:59:50.560,37.671284,12:59:50.560,0.00264
12:59:50.561,1.522653,12:59:50.561,37.688168,12:59:50.561,0.001653
12:59:50.562,1.472001,12:59:50.562,37.73882,12:59:50.562,0.002311
12:59:50.563,1.488885,12:59:50.563,37.6544,12:59:50.563,0.000338
12:59:50.564,1.488885,12:59:50.564,37.620632,12:59:50.564,0.002311
12:59:50.565,1.522653,12:59:50.565,37.705052,12:59:50.565,0.00264
12:59:50.566,1.539537,12:59:50.566,37.73882,12:59:50.566,0.003626
12:59:50.567,1.522653,12:59:50.567,37.688168,12:59:50.567,0.001653
12:59:50.568,1.590189,12:59:50.568,37.620632,12:59:50.568,0.002969
12:59:50.569,1.607073,12:59:50.569,37.688168,12:59:50.569,0.00264
12:59:50.570,1.607073,12:59:50.570,37.688168,12:59:50.570,0.00264
12:59:50.571,1.607073,12:59:50.571,37.688168,12:59:50.571,0.002311
12:59:50.572,1.674609,12:59:50.572,37.637516,12:59:50.572,0.001653
12:59:50.573,1.623957,12:59:50.573,37.586864,12:59:50.573,0.001982
12:59:50.574,1.657725,12:59:50.574,37.671284,12:59:50.574,0.002969
12:59:50.575,1.691493,12:59:50.575,37.603748,12:59:50.575,0.002969
12:59:50.576,1.725261,12:59:50.576,37.536212,12:59:50.576,0.003297
12:59:50.577,1.657725,12:59:50.577,37.519328,12:59:50.577,0.002969
12:59:50.578,1.708377,12:59:50.578,37.536212,12:59:50.578,0.003297
12:59:50.579,1.691493,12:59:50.579,37.434908,12:59:50.579,0.003297
12:59:50.580,1.708377,12:59:50.580,37.418024,12:59:50.580,0.00264
12:59:50.581,1.674609,12:59:50.581,37.384256,12:59:50.581,0.003626
12:59:50.582,1.623957,12:59:50.582,37.468676,12:59:50.582,0.002311
12:59:50.583,1.640841,12:59:50.583,37.418024,12:59:50.583,0.004612
12:59:50.584,1.640841,12:59:50.584,37.384256,12:59:50.584,0.00264
12:59:50.585,1.657725,12:59:50.585,37.333605,12:59:50.585,0.001982
12:59:50.586,1.607073,12:59:50.586,37.48556,12:59:50.586,0.001653
12:59:50.587,1.539537,12:59:50.587,37.384256,12:59:50.587,0.002969
12:59:50.588,1.623957,12:59:50.588,37.384256,12:59:50.588,0.00264
12:59:50.589,1.539537,12:59:50.589,37.48556,12:59:50.589,0.002969
12:59:50.590,1.556421,12:59:50.590,37.451792,12:59:50.590,0.002311
12:59:50.591,1.522653,12:59:50.591,37.350489,12:59:50.591,0.002311
12:59:50.592,1.539537,12:59:50.592,37.367373,12:59:50.592,0.003955
12:59:50.593,1.556421,12:59:50.593,37.40114,12:59:50.593,0.001653
12:59:50.594,1.505769,12:59:50.594,37.418024,12:59:50.594,0.002311
12:59:50.595,1.539537,12:59:50.595,37.384256,12:59:50.595,0.001982
12:59:50.596,1.522653,12:59:50.596,37.333605,12:59:50.596,0.00264
12:59:50.597,1.505769,12:59:50.597,37.40114,12:59:50.597,0.00264
12:59:50.598,1.488885,12:59:50.598,37.384256,12:59:50.598,0.001325
12:59:50.599,1.438233,12:59:50.599,37.282953,12:59:50.599,0.003626
12:59:50.600,1.539537,12:59:50.600,37.147881,12:59:50.600,0.002311
12:59:50.601,1.505769,12:59:50.601,37.198533,12:59:50.601,0.003297
12:59:50.602,1.472001,12:59:50.602,37.333605,12:59:50.602,0.003297
12:59:50.603,1.505769,12:59:50.603,37.249185,12:59:50.603,0.002311
12:59:50.604,1.556421,12:59:50.604,37.114113,12:59:50.604,0.003626
12:59:50.605,1.539537,12:59:50.605,37.198533,12:59:50.605,0.00264
12:59:50.606,1.556421,12:59:50.606,37.333605,12:59:50.606,0.004284
12:59:50.607,1.623957,12:59:50.607,37.282953,12:59:50.607,0.00264
12:59:50.608,1.674609,12:59:50.608,37.249185,12:59:50.608,0.001653
12:59:50.609,1.742145,12:59:50.609,37.215417,12:59:50.609,0.003626
12:59:50.610,1.691493,12:59:50.610,37.215417,12:59:50.610,0.003297
12:59:50.611,1.674609,12:59:50.611,37.215417,12:59:50.611,0.003297
12:59:50.612,1.708377,12:59:50.612,37.249185,12:59:50.612,0.001653
12:59:50.613,1.657725,12:59:50.613,37.249185,12:59:50.613,0.001982
12:59:50.614,1.640841,12:59:50.614,37.266069,12:59:50.614,0.003955
12:59:50.615,1.657725,12:59:50.615,37.147881,12:59:50.615,0.004612
12:59:50.616,1.607073,12:59:50.616,37.164765,12:59:50.616,0.001982
12:59:50.617,1.607073,12:59:50.617,37.147881,12:59:50.617,0.002969
12:59:50.618,1.573305,12:59:50.618,37.097229,12:59:50.618,0.00264
12:59:50.619,1.590189,12:59:50.619,37.097229,12:59:50.619,0.002969
12:59:50.620,1.573305,12:59:50.620,37.063461,12:59:50.620,0.002969
12:59:50.621,1.488885,12:59:50.621,37.130997,12:59:50.621,0.000667
12:59:50.622,1.472001,12:59:50.622,37.012809,12:59:50.622,0.001982
12:59:50.623,1.404465,12:59:50.623,37.063461,12:59:50.623,0.001982
12:59:50.624,1.421349,12:59:50.624,37.063461,12:59:50.624,0.002311
12:59:50.625,1.404465,12:59:50.625,37.029693,12:59:50.625,0.003626
12:59:50.626,1.404465,12:59:50.626,37.063461,12:59:50.626,0.002311
12:59:50.627,1.353813,12:59:50.627,37.097229,12:59:50.627,0.003297
12:59:50.628,1.404465,12:59:50.628,36.995925,12:59:50.628,0.003626
12:59:50.629,1.370697,12:59:50.629,37.029693,12:59:50.629,0.000667
12:59:50.630,1.336929,12:59:50.630,37.046577,12:59:50.630,0.003297
12:59:50.631,1.353813,12:59:50.631,37.046577,12:59:50.631,0.00264
12:59:50.632,1.455117,12:59:50.632,36.860853,12:59:50.632,0.001982
12:59:50.633,1.421349,12:59:50.633,36.979041,12:59:50.633,0.003626
12:59:50.634,1.370697,12:59:50.634,36.995925,12:59:50.634,0.002311
12:59:50.635,1.421349,12:59:50.635,36.995925,12:59:50.635,0.00264
12:59:50.636,1.472001,12:59:50.636,36.911505,12:59:50.636,0.002311
12:59:50.637,1.488885,12:59:50.637,36.860853,12:59:50.637,0.003297
12:59:50.638,1.404465,12:59:50.638,36.894621,12:59:50.638,0.001325
12:59:50.639,1.421349,12:59:50.639,36.843969,12:59:50.639,0.002969
12:59:50.640,1.438233,12:59:50.640,36.692013,12:59:50.640,0.00264
12:59:50.641,1.488885,12:59:50.641,36.641361,12:59:50.641,0.003297
12:59:50.642,1.421349,12:59:50.642,36.742665,12:59:50.642,0.001982
12:59:50.643,1.404465,12:59:50.643,36.742665,12:59:50.643,0.003297
12:59:50.644,1.488885,12:59:50.644,36.641361,12:59:50.644,0.002311
12:59:50.645,1.505769,12:59:50.645,36.675129,12:59:50.645,0.001325
12:59:50.646,1.539537,12:59:50.646,36.827085,12:59:50.646,0.002311
12:59:50.647,1.539537,12:59:50.647,36.843969,12:59:50.647,0.001982
12:59:50.648,1.488885,12:59:50.648,36.641361,12:59:50.648,0.001653
12:59:50.649,1.539537,12:59:50.649,36.641361,12:59:50.649,0.002311
12:59:50.650,1.505769,12:59:50.650,36.708897,12:59:50.650,0.001653
12:59:50.651,1.455117,12:59:50.651,36.793317,12:59:50.651,0.003626
12:59:50.652,1.539537,12:59:50.652,36.675129,12:59:50.652,0.002311
12:59:50.653,1.472001,12:59:50.653,36.658245,12:59:50.653,0.003626
12:59:50.654,1.472001,12:59:50.654,36.725781,12:59:50.654,0.001982
12:59:50.655,1.438233,12:59:50.655,36.793317,12:59:50.655,0.00264
12:59:50.656,1.438233,12:59:50.656,36.607593,12:59:50.656,0.002969
12:59:50.657,1.522653,12:59:50.657,36.556941,12:59:50.657,0.001982
12:59:50.658,1.404465,12:59:50.658,36.641361,12:59:50.658,0.004612
12:59:50.659,1.353813,12:59:50.659,36.742665,12:59:50.659,0.00264
12:59:50.660,1.404465,12:59:50.660,36.489405,12:59:50.660,0.001982
12:59:50.661,1.387581,12:59:50.661,36.438753,12:59:50.661,0.001653
12:59:50.662,1.336929,12:59:50.662,36.523173,12:59:50.662,0.002969
12:59:50.663,1.286277,12:59:50.663,36.624477,12:59:50.663,0.002969
12:59:50.664,1.370697,12:59:50.664,36.421869,12:59:50.664,0.001982
12:59:50.665,1.438233,12:59:50.665,36.455637,12:59:50.665,0.002969
12:59:50.666,1.421349,12:59:50.666,36.590709,12:59:50.666,0.003297
12:59:50.667,1.387581,12:59:50.667,36.624477,12:59:50.667,0.003955
12:59:50.668,1.472001,12:59:50.668,36.421869,12:59:50.668,0.002969
12:59:50.669,1.472001,12:59:50.669,36.506289,12:59:50.669,0.001982
12:59:50.670,1.472001,12:59:50.670,36.523173,12:59:50.670,0.002311
12:59:50.671,1.472001,12:59:50.671,36.742665,12:59:50.671,0.001653
12:59:50.672,1.488885,12:59:50.672,36.506289,12:59:50.672,0.00264
12:59:50.673,1.505769,12:59:50.673,36.540057,12:59:50.673,0.001982
12:59:50.674,1.438233,12:59:50.674,36.590709,12:59:50.674,0.003297
12:59:50.675,1.505769,12:59:50.675,36.675129,12:59:50.675,0.00264
12:59:50.676,1.488885,12:59:50.676,36.506289,12:59:50.676,0.00264
12:59:50.677,1.404465,12:59:50.677,36.455637,12:59:50.677,0.002969
12:59:50.678,1.488885,12:59:50.678,36.540057,12:59:50.678,0.002311
12:59:50.679,1.387581,12:59:50.679,36.489405,12:59:50.679,0.003955
12:59:50.680,1.472001,12:59:50.680,36.472521,12:59:50.680,0.002311
12:59:50.681,1.472001,12:59:50.681,36.371217,12:59:50.681,0.003626
12:59:50.682,1.353813,12:59:50.682,36.455637,12:59:50.682,0.002969
12:59:50.683,1.421349,12:59:50.683,36.438753,12:59:50.683,0.000996
12:59:50.684,1.404465,12:59:50.684,36.354333,12:59:50.684,0.003297
12:59:50.685,1.488885,12:59:50.685,36.388101,12:59:50.685,0.002969
12:59:50.686,1.438233,12:59:50.686,36.404985,12:59:50.686,0.003626
12:59:50.687,1.421349,12:59:50.687,36.438753,12:59:50.687,0.002311
12:59:50.688,1.488885,12:59:50.688,36.388101,12:59:50.688,0.00264
12:59:50.689,1.472001,12:59:50.689,36.421869,12:59:50.689,0.002969
12:59:50.690,1.472001,12:59:50.690,36.421869,12:59:50.690,0.004284
12:59:50.691,1.455117,12:59:50.691,36.489405,12:59:50.691,0.002969
12:59:50.692,1.421349,12:59:50.692,36.371217,12:59:50.692,0.003297
12:59:50.693,1.472001,12:59:50.693,36.354333,12:59:50.693,0.00264
12:59:50.694,1.472001,12:59:50.694,36.286797,12:59:50.694,0.002311
12:59:50.695,1.488885,12:59:50.695,36.421869,12:59:50.695,0.003297
12:59:50.696,1.522653,12:59:50.696,36.337449,12:59:50.696,0.001325
12:59:50.697,1.505769,12:59:50.697,36.303681,12:59:50.697,0.002311
12:59:50.698,1.505769,12:59:50.698,36.303681,12:59:50.698,0.00264
12:59:50.699,1.472001,12:59:50.699,36.303681,12:59:50.699,0.002311
12:59:50.700,1.438233,12:59:50.700,36.219261,12:59:50.700,0.003626
12:59:50.701,1.488885,12:59:50.701,36.219261,12:59:50.701,0.002969
12:59:50.702,1.488885,12:59:50.702,36.185493,12:59:50.702,0.003297
12:59:50.703,1.488885,12:59:50.703,36.236145,12:59:50.703,0.001982
12:59:50.704,1.556421,12:59:50.704,36.117957,12:59:50.704,0.001982
12:59:50.705,1.556421,12:59:50.705,36.067305,12:59:50.705,0.003626
12:59:50.706,1.539537,12:59:50.706,36.117957,12:59:50.706,0.001982
12:59:50.707,1.556421,12:59:50.707,36.219261,12:59:50.707,0.004612
12:59:50.708,1.590189,12:59:50.708,36.117957,12:59:50.708,0.00264
12:59:50.709,1.590189,12:59:50.709,36.185493,12:59:50.709,0.00264
12:59:50.710,1.607073,12:59:50.710,36.134841,12:59:50.710,0.001982
12:59:50.711,1.607073,12:59:50.711,36.253029,12:59:50.711,0.002311
12:59:50.712,1.623957,12:59:50.712,36.185493,12:59:50.712,0.003626
12:59:50.713,1.657725,12:59:50.713,36.117957,12:59:50.713,0.002969
12:59:50.714,1.640841,12:59:50.714,36.151725,12:59:50.714,0.00264
12:59:50.715,1.623957,12:59:50.715,36.236145,12:59:50.715,0.002311
12:59:50.716,1.623957,12:59:50.716,36.084189,12:59:50.716,0.003955
12:59:50.717,1.590189,12:59:50.717,36.084189,12:59:50.717,0.003626
12:59:50.718,1.556421,12:59:50.718,36.084189,12:59:50.718,0.003297
12:59:50.719,1.556421,12:59:50.719,36.117957,12:59:50.719,0.001325
12:59:50.720,1.522653,12:59:50.720,36.101073,12:59:50.720,0.002311
12:59:50.721,1.539537,12:59:50.721,35.999769,12:59:50.721,0.003297
12:59:50.722,1.539537,12:59:50.722,35.966001,12:59:50.722,0.001325
12:59:50.723,1.522653,12:59:50.723,36.101073,12:59:50.723,0.003297
12:59:50.724,1.590189,12:59:50.724,36.151725,12:59:50.724,0.001982
12:59:50.725,1.607073,12:59:50.725,35.999769,12:59:50.725,0.002311
12:59:50.726,1.539537,12:59:50.726,36.067305,12:59:50.726,0.002311
12:59:50.727,1.522653,12:59:50.727,36.067305,12:59:50.727,0.002311
12:59:50.728,1.657725,12:59:50.728,36.067305,12:59:50.728,0.000667
12:59:50.729,1.691493,12:59:50.729,36.033537,12:59:50.729,0.003626
12:59:50.730,1.640841,12:59:50.730,36.016653,12:59:50.730,0.002311
12:59:50.731,1.691493,12:59:50.731,36.050421,12:59:50.731,0.001653
12:59:50.732,1.640841,12:59:50.732,36.050421,12:59:50.732,0.003955
12:59:50.733,1.691493,12:59:50.733,35.982885,12:59:50.733,0.001653
12:59:50.734,1.674609,12:59:50.734,35.915349,12:59:50.734,0.00264
12:59:50.735,1.657725,12:59:50.735,36.050421,12:59:50.735,0.002969
12:59:50.736,1.674609,12:59:50.736,36.016653,12:59:50.736,0.002311
12:59:50.737,1.657725,12:59:50.737,35.966001,12:59:50.737,0.002311
12:59:50.738,1.691493,12:59:50.738,35.797161,12:59:50.738,0.003955
12:59:50.739,1.691493,12:59:50.739,35.881581,12:59:50.739,0.00264
12:59:50.740,1.640841,12:59:50.740,35.847813,12:59:50.740,0.003297
12:59:50.741,1.657725,12:59:50.741,35.763393,12:59:50.741,0.002969
12:59:50.742,1.590189,12:59:50.742,35.729625,12:59:50.742,0.001653
12:59:50.743,1.640841,12:59:50.743,35.881581,12:59:50.743,0.004284
12:59:50.744,1.623957,12:59:50.744,35.881581,12:59:50.744,0.00264
12:59:50.745,1.674609,12:59:50.745,35.746509,12:59:50.745,0.002969
12:59:50.746,1.691493,12:59:50.746,35.830929,12:59:50.746,0.00264
12:59:50.747,1.657725,12:59:50.747,35.864697,12:59:50.747,0.00264
12:59:50.748,1.623957,12:59:50.748,35.847813,12:59:50.748,0.006256
12:59:50.749,1.708377,12:59:50.749,35.763393,12:59:50.749,1.70779
12:59:50.750,1.725261,12:59:50.750,35.797161,12:59:50.750,5.262753
12:59:50.751,1.640841,12:59:50.751,35.898465,12:59:50.751,5.760552
12:59:50.752,1.691493,12:59:50.752,35.814045,12:59:50.752,5.775019
12:59:50.753,1.623957,12:59:50.753,35.830929,12:59:50.753,5.790473
12:59:50.754,1.674609,12:59:50.754,35.797161,12:59:50.754,5.804282
12:59:50.755,1.657725,12:59:50.755,35.898465,12:59:50.755,5.82138
12:59:50.756,1.556421,12:59:50.756,35.814045,12:59:50.756,5.83223
12:59:50.757,1.623957,12:59:50.757,35.662089,12:59:50.757,5.846039
12:59:50.758,1.623957,12:59:50.758,35.712741,12:59:50.758,5.844395
12:59:50.759,1.556421,12:59:50.759,35.678973,12:59:50.759,5.819736
12:59:50.760,1.590189,12:59:50.760,35.712741,12:59:50.760,5.824668
12:59:50.761,1.674609,12:59:50.761,35.577669,12:59:50.761,5.833545
12:59:50.762,1.792797,12:59:50.762,35.594553,12:59:50.762,5.847683
12:59:50.763,2.012289,12:59:50.763,35.645205,12:59:50.763,5.922649
12:59:50.764,2.299317,12:59:50.764,35.695857,12:59:50.764,5.931198
12:59:50.765,3.363008,12:59:50.765,35.628321,12:59:50.765,5.930211
12:59:50.766,5.828072,12:59:50.766,35.611437,12:59:50.766,5.923964
12:59:50.767,9.103567,12:59:50.767,35.746509,12:59:50.767,5.925608
12:59:50.768,12.682974,12:59:50.768,35.729625,12:59:50.768,5.923964
12:59:50.769,16.988392,12:59:50.769,35.662089,12:59:50.769,5.891085
12:59:50.770,22.357503,12:59:50.770,35.645205,12:59:50.770,5.857547
12:59:50.771,28.35132,12:59:50.771,35.662089,12:59:50.771,5.864123
12:59:50.772,34.767238,12:59:50.772,35.628321,12:59:50.772,5.868726
12:59:50.773,41.909166,12:59:50.773,35.594553,12:59:50.773,5.924622
12:59:50.774,49.96283,12:59:50.774,35.662089,12:59:50.774,5.943034
12:59:50.775,58.421709,12:59:50.775,35.577669,12:59:50.775,5.928239
12:59:50.776,66.677979,12:59:50.776,35.594553,12:59:50.776,5.920019
12:59:50.777,74.039398,12:59:50.777,35.408829,12:59:50.777,5.903908
12:59:50.778,80.455312,12:59:50.778,35.442597,12:59:50.778,5.90588
12:59:50.779,85.554275,12:59:50.779,35.442597,12:59:50.779,5.857547
12:59:50.780,87.918033,12:59:50.780,35.442597,12:59:50.780,5.822037
12:59:50.781,84.676308,12:59:50.781,35.425713,12:59:50.781,5.815461
12:59:50.782,76.436924,12:59:50.782,35.510133,12:59:50.782,5.810201
12:59:50.783,66.694863,12:59:50.783,35.746509,12:59:50.783,5.817763
12:59:50.784,57.678813,12:59:50.784,35.864697,12:59:50.784,5.852944
12:59:50.785,52.005793,12:59:50.785,35.898465,12:59:50.785,5.900291
12:59:50.786,48.240663,12:59:50.786,35.847813,12:59:50.786,5.901935
12:59:50.787,42.449454,12:59:50.787,35.881581,12:59:50.787,5.893386
12:59:50.788,37.299837,12:59:50.788,35.797161,12:59:50.788,5.894373
12:59:50.789,34.31137,12:59:50.789,35.712741,12:59:50.789,5.900948
12:59:50.790,33.146374,12:59:50.790,35.662089,12:59:50.790,5.899633
12:59:50.791,34.159414,12:59:50.791,35.763393,12:59:50.791,5.888454
12:59:50.792,35.915349,12:59:50.792,35.881581,12:59:50.792,5.872672
12:59:50.793,38.0765,12:59:50.793,35.847813,12:59:50.793,5.803953
12:59:50.794,41.081851,12:59:50.794,35.830929,12:59:50.794,5.805269
12:59:50.795,45.404153,12:59:50.795,35.847813,12:59:50.795,5.81579
12:59:50.796,50.486234,12:59:50.796,35.898465,12:59:50.796,5.822366
12:59:50.797,55.196867,12:59:50.797,35.847813,12:59:50.797,5.877933
12:59:50.798,58.590549,12:59:50.798,35.982885,12:59:50.798,5.900948
12:59:50.799,60.701047,12:59:50.799,36.202377,12:59:50.799,5.890098
12:59:50.800,61.072495,12:59:50.800,36.253029,12:59:50.800,5.879248
12:59:50.801,59.434748,12:59:50.801,36.168609,12:59:50.801,5.882865
12:59:50.802,56.682658,12:59:50.802,36.050421,12:59:50.802,5.883193
12:59:50.803,53.609772,12:59:50.803,36.151725,12:59:50.803,5.87333
12:59:50.804,50.925217,12:59:50.804,36.388101,12:59:50.804,5.863794
12:59:50.805,48.916023,12:59:50.805,36.303681,12:59:50.805,5.853273
12:59:50.806,48.139359,12:59:50.806,36.489405,12:59:50.806,5.864781
12:59:50.807,48.510807,12:59:50.807,36.658245,12:59:50.807,5.790144
12:59:50.808,49.506962,12:59:50.808,36.692013,12:59:50.808,5.776663
12:59:50.809,50.38493,12:59:50.809,36.675129,12:59:50.809,5.776006
12:59:50.810,51.229129,12:59:50.810,36.708897,12:59:50.810,5.773046
12:59:50.811,52.005793,12:59:50.811,36.945273,12:59:50.811,5.78291
12:59:50.812,52.529197,12:59:50.812,37.147881,12:59:50.812,5.782582
12:59:50.813,53.204556,12:59:50.813,37.282953,12:59:50.813,5.839792
12:59:50.814,55.078679,12:59:50.814,37.48556,12:59:50.814,5.870042
12:59:50.815,57.543741,12:59:50.815,37.705052,12:59:50.815,5.854588
12:59:50.816,59.215256,12:59:50.816,37.941428,12:59:50.816,5.848341
12:59:50.817,59.367212,12:59:50.817,37.890776,12:59:50.817,5.842423
12:59:50.818,59.552936,12:59:50.818,37.90766,12:59:50.818,5.829928
12:59:50.819,59.755544,12:59:50.819,37.99208,12:59:50.819,5.822037
12:59:50.820,59.282792,12:59:50.820,38.042732,12:59:50.820,5.824339
12:59:50.821,58.269753,12:59:50.821,37.82324,12:59:50.821,5.826969
12:59:50.822,58.117797,12:59:50.822,37.721936,12:59:50.822,5.830915
12:59:50.823,59.012649,12:59:50.823,37.941428,12:59:50.823,5.830915
12:59:50.824,60.24518,12:59:50.824,38.127152,12:59:50.824,5.833874
12:59:50.825,61.173799,12:59:50.825,38.16092,12:59:50.825,5.800008
12:59:50.826,61.697203,12:59:50.826,38.397296,12:59:50.826,5.778636
12:59:50.827,61.460827,12:59:50.827,38.819396,12:59:50.827,5.794418
12:59:50.828,60.3296,12:59:50.828,39.190844,12:59:50.828,5.803953
12:59:50.829,57.898305,12:59:50.829,39.562291,12:59:50.829,5.821708
12:59:50.830,55.163099,12:59:50.830,39.933739,12:59:50.830,5.900948
12:59:50.831,52.343473,12:59:50.831,40.406491,12:59:50.831,5.893057
12:59:50.832,50.097902,12:59:50.832,40.862359,12:59:50.832,5.884509
12:59:50.833,48.308199,12:59:50.833,41.301343,12:59:50.833,5.871357
12:59:50.834,47.362695,12:59:50.834,41.740326,12:59:50.834,5.861822
12:59:50.835,47.109436,12:59:50.835,42.213078,12:59:50.835,5.855246
12:59:50.836,47.649723,12:59:50.836,43.158582,12:59:50.836,5.855246
12:59:50.837,48.223779,12:59:50.837,44.526185,12:59:50.837,5.853931
12:59:50.838,49.270586,12:59:50.838,46.147048,12:59:50.838,5.852287
12:59:50.839,50.55377,12:59:50.839,46.889944,12:59:50.839,5.865767
12:59:50.840,52.512313,12:59:50.840,47.160088,12:59:50.840,5.813817
12:59:50.841,54.352667,12:59:50.841,47.008132,12:59:50.841,5.81842
12:59:50.842,56.091718,12:59:50.842,46.569148,12:59:50.842,5.828284
12:59:50.843,57.476206,12:59:50.843,46.180816,12:59:50.843,5.844395
12:59:50.844,58.556781,12:59:50.844,45.876904,12:59:50.844,5.84867
12:59:50.845,58.573665,12:59:50.845,45.640528,12:59:50.845,1.209002
12:59:50.846,58.860693,12:59:50.846,45.167777,12:59:50.846,1.032108
12:59:50.847,58.219101,12:59:50.847,44.661257,12:59:50.847,0.832528
12:59:50.848,56.73331,12:59:50.848,44.272925,12:59:50.848,0.605985
12:59:50.849,54.437087,12:59:50.849,44.188505,12:59:50.849,0.37747
12:59:50.850,52.123981,12:59:50.850,44.087201,12:59:50.850,0.158162
12:59:50.851,49.96283,12:59:50.851,43.985897,12:59:50.851,-0.031227
12:59:50.852,47.936751,12:59:50.852,44.323577,12:59:50.852,-0.092383
12:59:50.853,46.501612,12:59:50.853,44.948285,12:59:50.853,-0.109152
12:59:50.854,46.096396,12:59:50.854,46.28212,12:59:50.854,-0.102576
12:59:50.855,46.636684,12:59:50.855,47.531535,12:59:50.855,-0.090082
12:59:50.856,48.190011,12:59:50.856,48.071823,12:59:50.856,-0.069367
12:59:50.857,50.21609,12:59:50.857,48.071823,12:59:50.857,-0.052927
12:59:50.858,51.347317,12:59:50.858,47.801679,12:59:50.858,-0.031227
12:59:50.859,51.465505,12:59:50.859,47.666607,12:59:50.859,-0.017746
12:59:50.860,50.418698,12:59:50.860,47.497767,12:59:50.860,-0.003607
12:59:50.861,47.058784,12:59:50.861,47.227624,12:59:50.861,0.001325
12:59:50.862,42.972858,12:59:50.862,47.514651,12:59:50.862,0.00264
12:59:50.863,38.4986,12:59:50.863,48.375735,12:59:50.863,0.001653
12:59:50.864,33.686662,12:59:50.864,49.439426,12:59:50.864,0.003297
12:59:50.865,30.073488,12:59:50.865,49.658918,12:59:50.865,0.002969
12:59:50.866,27.372049,12:59:50.866,49.422542,12:59:50.866,0.00264
12:59:50.867,25.565461,12:59:50.867,49.135515,12:59:50.867,0.003297
12:59:50.868,24.856334,12:59:50.868,49.186166,12:59:50.868,0.001653
12:59:50.869,24.58619,12:59:50.869,49.28747,12:59:50.869,0.002969
12:59:50.870,24.704378,12:59:50.870,49.388774,12:59:50.870,0.000996
12:59:50.871,25.616113,12:59:50.871,49.506962,12:59:50.871,0.000667
12:59:50.872,26.578501,12:59:50.872,49.675802,12:59:50.872,0.001653
12:59:50.873,27.692845,12:59:50.873,48.966675,12:59:50.873,0.001653
12:59:50.874,29.296824,12:59:50.874,48.021171,12:59:50.874,0.002311
12:59:50.875,30.563123,12:59:50.875,47.21074,12:59:50.875,0.000996
12:59:50.876,31.170947,12:59:50.876,46.940596,12:59:50.876,0.001982
12:59:50.877,31.356671,12:59:50.877,47.008132,12:59:50.877,0.002311
12:59:50.878,31.035875,12:59:50.878,47.058784,12:59:50.878,0.001653
12:59:50.879,29.78646,12:59:50.879,47.514651,12:59:50.879,0.001325
12:59:50.880,28.216248,12:59:50.880,48.257547,12:59:50.880,0.000996
12:59:50.881,26.139517,12:59:50.881,49.135515,12:59:50.881,0.000338
12:59:50.882,23.961482,12:59:50.882,49.861526,12:59:50.882,0.000667
12:59:50.883,21.699027,12:59:50.883,50.55377,12:59:50.883,0.002311
12:59:50.884,19.504108,12:59:50.884,51.060289,12:59:50.884,0.001982
12:59:50.885,17.461144,12:59:50.885,51.212245,12:59:50.885,0.000996
12:59:50.886,15.840281,12:59:50.886,51.296665,12:59:50.886,0.00264
12:59:50.887,14.506445,12:59:50.887,51.364201,12:59:50.887,0.000667
12:59:50.888,13.645361,12:59:50.888,51.246013,12:59:50.888,0.00264
12:59:50.889,13.763549,12:59:50.889,50.874566,12:59:50.889,0.002311
12:59:50.890,14.118113,12:59:50.890,50.030366,12:59:50.890,0.00264
12:59:50.891,14.793473,12:59:50.891,49.236818,12:59:50.891,0.003626
12:59:50.892,15.620789,12:59:50.892,48.460155,12:59:50.892,0.002311
12:59:50.893,16.329917,12:59:50.893,47.801679,12:59:50.893,0.00264
12:59:50.894,17.02216,12:59:50.894,47.261392,12:59:50.894,0.004612
12:59:50.895,17.579332,12:59:50.895,47.160088,12:59:50.895,0.003626
12:59:50.896,17.95078,12:59:50.896,47.447115,12:59:50.896,0.002311
12:59:50.897,18.102736,12:59:50.897,47.902983,12:59:50.897,0.004941
12:59:50.898,18.187156,12:59:50.898,48.341967,12:59:50.898,0.001982
12:59:50.899,18.220924,12:59:50.899,48.814719,12:59:50.899,0.002969
12:59:50.900,18.11962,12:59:50.900,49.473194,12:59:50.900,0.002969
12:59:50.901,17.849476,12:59:50.901,49.895294,12:59:50.901,0.00264
12:59:50.902,17.376724,12:59:50.902,49.929062,12:59:50.902,0.003297
12:59:50.903,16.920856,12:59:50.903,50.114786,12:59:50.903,0.000996
12:59:50.904,16.346801,12:59:50.904,50.21609,12:59:50.904,0.002311
12:59:50.905,15.857165,12:59:50.905,50.182322,12:59:50.905,0.001325
12:59:50.906,14.793473,12:59:50.906,49.726454,12:59:50.906,0.001982
12:59:50.907,11.011458,12:59:50.907,49.45631,12:59:50.907,0.003297
12:59:50.908,5.304668,12:59:50.908,49.20305,12:59:50.908,0.004612
12:59:50.909,0.610917,12:59:50.909,48.679647,12:59:50.909,0.00264
12:59:50.910,-2.259362,12:59:50.910,48.409503,12:59:50.910,0.003297
12:59:50.911,-3.30617,12:59:50.911,48.088707,12:59:50.911,0.00264
12:59:50.912,-3.39059,12:59:50.912,48.139359,12:59:50.912,0.004284
12:59:50.913,-3.407474,12:59:50.913,48.139359,12:59:50.913,0.002311
12:59:50.914,-3.407474,12:59:50.914,48.240663,12:59:50.914,0.00264
12:59:50.915,-3.424358,12:59:50.915,48.325083,12:59:50.915,0.002969
12:59:50.916,-3.424358,12:59:50.916,48.645879,12:59:50.916,0.003626
12:59:50.917,-3.407474,12:59:50.917,48.612111,12:59:50.917,0.001325
12:59:50.918,-3.407474,12:59:50.918,48.747183,12:59:50.918,0.00264
12:59:50.919,-3.407474,12:59:50.919,48.645879,12:59:50.919,0.00264
12:59:50.920,-3.39059,12:59:50.920,48.612111,12:59:50.920,0.002969
12:59:50.921,-3.39059,12:59:50.921,48.477039,12:59:50.921,0.004284
12:59:50.922,-3.39059,12:59:50.922,48.206895,12:59:50.922,0.002969
12:59:50.923,-3.30617,12:59:50.923,47.970519,12:59:50.923,0.004612
12:59:50.924,-2.681462,12:59:50.924,47.852331,12:59:50.924,0.00264
12:59:50.925,-0.351471,12:59:50.925,47.784795,12:59:50.925,0.002311
12:59:50.926,3.025328,12:59:50.926,47.379579,12:59:50.926,0.00264
12:59:50.927,6.621619,12:59:50.927,47.345811,12:59:50.927,0.002969
12:59:50.928,10.251678,12:59:50.928,47.278276,12:59:50.928,0.00264
12:59:50.929,13.527174,12:59:50.929,47.312044,12:59:50.929,0.000667
12:59:50.930,16.127309,12:59:50.930,47.261392,12:59:50.930,0.00264
12:59:50.931,18.11962,12:59:50.931,47.143204,12:59:50.931,0.002311
12:59:50.932,19.841787,12:59:50.932,47.21074,12:59:50.932,0.002311
12:59:50.933,21.074319,12:59:50.933,47.21074,12:59:50.933,0.002311
12:59:50.934,22.036707,12:59:50.934,47.075668,12:59:50.934,0.00264
12:59:50.935,22.256199,12:59:50.935,46.87306,12:59:50.935,0.002311
12:59:50.936,21.715911,12:59:50.936,46.923712,12:59:50.936,0.002969
12:59:50.937,20.584683,12:59:50.937,46.737988,12:59:50.937,0.001325
12:59:50.938,19.166428,12:59:50.938,46.53538,12:59:50.938,0.001653
12:59:50.939,17.157232,12:59:50.939,46.434076,12:59:50.939,0.003626
12:59:50.940,14.793473,12:59:50.940,46.349656,12:59:50.940,0.00264
12:59:50.941,12.260874,12:59:50.941,46.315888,12:59:50.941,0.001982
12:59:50.942,9.660739,12:59:50.942,46.180816,12:59:50.942,0.002969
12:59:50.943,6.993067,12:59:50.943,46.147048,12:59:50.943,0.00264
12:59:50.944,4.072136,12:59:50.944,46.299004,12:59:50.944,0.003626
12:59:50.945,1.336929,12:59:50.945,46.36654,12:59:50.945,0.002311
12:59:50.946,-0.807339,12:59:50.946,46.248352,12:59:50.946,0.003297
12:59:50.947,-2.29313,12:59:50.947,46.248352,12:59:50.947,0.001982
12:59:50.948,-3.05291,12:59:50.948,46.265236,12:59:50.948,0.00264
12:59:50.949,-3.238634,12:59:50.949,46.214584,12:59:50.949,0.00264
12:59:50.950,-3.30617,12:59:50.950,45.995092,12:59:50.950,0.003955
12:59:50.951,-3.339938,12:59:50.951,45.843136,12:59:50.951,0.002311
12:59:50.952,-3.373706,12:59:50.952,45.724948,12:59:50.952,0.001982
12:59:50.953,-3.39059,12:59:50.953,45.454805,12:59:50.953,0.001325
12:59:50.954,-3.339938,12:59:50.954,45.201545,12:59:50.954,0.002311
12:59:50.955,-3.323054,12:59:50.955,44.948285,12:59:50.955,0.002969
12:59:50.956,-3.238634,12:59:50.956,44.796329,12:59:50.956,0.002311
12:59:50.957,-3.036026,12:59:50.957,44.610605,12:59:50.957,0.003626
12:59:50.958,-2.326898,12:59:50.958,44.391113,12:59:50.958,0.003297
12:59:50.959,-1.009947,12:59:50.959,44.154737,12:59:50.959,0.003297
12:59:50.960,0.661569,12:59:50.960,44.272925,12:59:50.960,0.002311
12:59:50.961,2.451273,12:59:50.961,44.391113,12:59:50.961,0.002969
12:59:50.962,4.190324,12:59:50.962,44.475533,12:59:50.962,0.001982
12:59:50.963,5.895608,12:59:50.963,44.576837,12:59:50.963,0.00264
12:59:50.964,7.499587,12:59:50.964,44.627489,12:59:50.964,0.003626
12:59:50.965,9.069799,12:59:50.965,44.796329,12:59:50.965,0.00264
12:59:50.966,10.285446,12:59:50.966,44.846981,12:59:50.966,0.002969
12:59:50.967,11.281602,12:59:50.967,44.695025,12:59:50.967,0.002311
12:59:50.968,11.754354,12:59:50.968,44.728793,12:59:50.968,0.002969
12:59:50.969,12.041382,12:59:50.969,44.745677,12:59:50.969,0.001653
12:59:50.970,11.889426,12:59:50.970,44.323577,12:59:50.970,0.001982
12:59:50.971,11.48421,12:59:50.971,44.002781,12:59:50.971,0.001982
12:59:50.972,10.791966,12:59:50.972,43.969013,12:59:50.972,0.00264
12:59:50.973,9.863347,12:59:50.973,43.884593,12:59:50.973,0.00264
12:59:50.974,8.867191,12:59:50.974,43.563797,12:59:50.974,0.002311
12:59:50.975,7.668427,12:59:50.975,43.209234,12:59:50.975,0.002311
12:59:50.976,6.419012,12:59:50.976,43.243002,12:59:50.976,0.002311
12:59:50.977,4.983872,12:59:50.977,43.327422,12:59:50.977,0.001982
12:59:50.978,3.633152,12:59:50.978,43.243002,12:59:50.978,0.004612
12:59:50.979,2.299317,12:59:50.979,43.259886,12:59:50.979,0.001982
12:59:50.980,1.100553,12:59:50.980,43.411842,12:59:50.980,0.00264
12:59:50.981,0.138165,12:59:50.981,43.732637,12:59:50.981,0.002311
12:59:50.982,-0.537195,12:59:50.982,43.817057,12:59:50.982,0.002311
12:59:50.983,-1.094367,12:59:50.983,43.884593,12:59:50.983,0.003626
12:59:50.984,-1.516466,12:59:50.984,43.952129,12:59:50.984,0.002311
12:59:50.985,-1.820378,12:59:50.985,44.188505,12:59:50.985,0.002969
12:59:50.986,-1.887914,12:59:50.986,43.935245,12:59:50.986,0.001982
12:59:50.987,-1.837262,12:59:50.987,43.952129,12:59:50.987,0.00264
12:59:50.988,-1.820378,12:59:50.988,43.817057,12:59:50.988,0.002969
12:59:50.989,-1.719074,12:59:50.989,43.817057,12:59:50.989,0.003955
12:59:50.990,-1.415163,12:59:50.990,43.53003,12:59:50.990,0.002969
12:59:50.991,-0.993063,12:59:50.991,43.226118,12:59:50.991,0.002311
12:59:50.992,-0.402123,12:59:50.992,43.124814,12:59:50.992,0.001325
12:59:50.993,0.323889,12:59:50.993,43.19235,12:59:50.993,0.002311
12:59:50.994,1.151205,12:59:50.994,43.040394,12:59:50.994,0.001653
12:59:50.995,2.046057,12:59:50.995,43.057278,12:59:50.995,0.001982
12:59:50.996,2.7383,12:59:50.996,43.091046,12:59:50.996,0.002969
12:59:50.997,3.363008,12:59:50.997,43.479378,12:59:50.997,0.001982
12:59:50.998,3.987716,12:59:50.998,43.496262,12:59:50.998,0.001982
12:59:50.999,4.477352,12:59:50.999,43.681985,12:59:50.999,0.00264
12:59:51.000,4.8488,12:59:51.000,43.715753,12:59:51.000,0.00264
12:59:51.001,5.085176,12:59:51.001,43.850825,12:59:51.001,0.002969
12:59:51.002,5.237132,12:59:51.002,43.850825,12:59:51.002,0.003297
12:59:51.003,5.304668,12:59:51.003,43.749521,12:59:51.003,0.003297
12:59:51.004,5.372204,12:59:51.004,43.783289,12:59:51.004,0.003297
12:59:51.005,5.118944,12:59:51.005,43.715753,12:59:51.005,0.002969
12:59:51.006,4.815032,12:59:51.006,43.614449,12:59:51.006,0.002311
12:59:51.007,4.494236,12:59:51.007,43.44561,12:59:51.007,0.003955
12:59:51.008,4.055252,12:59:51.008,43.411842,12:59:51.008,0.002311
12:59:51.009,3.633152,12:59:51.009,43.394958,12:59:51.009,0.002969
12:59:51.010,3.24482,12:59:51.010,43.327422,12:59:51.010,0.002311
12:59:51.011,2.839604,12:59:51.011,43.310538,12:59:51.011,0.003297
12:59:51.012,2.333085,12:59:51.012,43.36119,12:59:51.012,0.00264
12:59:51.013,1.944753,12:59:51.013,43.479378,12:59:51.013,0.001982
12:59:51.014,1.472001,12:59:51.014,43.546913,12:59:51.014,0.001982
12:59:51.015,1.117437,12:59:51.015,43.631333,12:59:51.015,0.002311
12:59:51.016,0.779757,12:59:51.016,43.867709,12:59:51.016,0.00264
12:59:51.017,0.458961,12:59:51.017,44.053433,12:59:51.017,0.00264
12:59:51.018,0.239469,12:59:51.018,43.952129,12:59:51.018,0.002311
12:59:51.019,0.121281,12:59:51.019,43.985897,12:59:51.019,0.002311
12:59:51.020,0.121281,12:59:51.020,44.019665,12:59:51.020,0.002969
12:59:51.021,0.104397,12:59:51.021,44.087201,12:59:51.021,0.002311
12:59:51.022,0.205701,12:59:51.022,44.019665,12:59:51.022,0.003297
12:59:51.023,0.340773,12:59:51.023,43.952129,12:59:51.023,0.00264
12:59:51.024,0.526497,12:59:51.024,43.884593,12:59:51.024,0.001653
12:59:51.025,0.796641,12:59:51.025,43.952129,12:59:51.025,0.003297
12:59:51.026,1.100553,12:59:51.026,43.833941,12:59:51.026,0.002969
12:59:51.027,1.455117,12:59:51.027,43.698869,12:59:51.027,0.002969
12:59:51.028,1.809681,12:59:51.028,43.749521,12:59:51.028,0.003297
12:59:51.029,2.231781,12:59:51.029,43.901477,12:59:51.029,0.00264
12:59:51.030,2.552577,12:59:51.030,44.019665,12:59:51.030,0.004612
12:59:51.031,2.924024,12:59:51.031,44.002781,12:59:51.031,0.003955
12:59:51.032,3.227936,12:59:51.032,44.171621,12:59:51.032,0.001982
12:59:51.033,3.565616,12:59:51.033,44.154737,12:59:51.033,0.003626
12:59:51.034,3.869528,12:59:51.034,44.323577,12:59:51.034,0.003297
12:59:51.035,4.105904,12:59:51.035,44.222273,12:59:51.035,0.004612
12:59:51.036,4.072136,12:59:51.036,44.323577,12:59:51.036,0.002311
12:59:51.037,4.055252,12:59:51.037,44.374229,12:59:51.037,0.001982
12:59:51.038,4.038368,12:59:51.038,44.289809,12:59:51.038,0.003297
12:59:51.039,4.021484,12:59:51.039,44.239157,12:59:51.039,0.002311
12:59:51.040,4.021484,12:59:51.040,44.070317,12:59:51.040,0.003626
12:59:51.041,3.801992,12:59:51.041,44.137853,12:59:51.041,0.002969
12:59:51.042,3.717572,12:59:51.042,44.087201,12:59:51.042,0.003297
12:59:51.043,3.514964,12:59:51.043,43.918361,12:59:51.043,0.002311
12:59:51.044,3.227936,12:59:51.044,44.036549,12:59:51.044,0.002311
12:59:51.045,3.092864,12:59:51.045,44.053433,12:59:51.045,0.002969
12:59:51.046,2.772068,12:59:51.046,44.053433,12:59:51.046,0.00264
12:59:51.047,2.653881,12:59:51.047,44.053433,12:59:51.047,0.002969
12:59:51.048,2.316201,12:59:51.048,44.104085,12:59:51.048,0.003297
12:59:51.049,2.299317,12:59:51.049,44.306693,12:59:51.049,0.003955
12:59:51.050,2.029173,12:59:51.050,44.323577,12:59:51.050,0.002969
12:59:51.051,1.775913,12:59:51.051,44.323577,12:59:51.051,0.00264
12:59:51.052,1.725261,12:59:51.052,44.289809,12:59:51.052,0.00264
12:59:51.053,1.556421,12:59:51.053,44.391113,12:59:51.053,0.00264
12:59:51.054,1.472001,12:59:51.054,44.492417,12:59:51.054,0.00264
12:59:51.055,1.438233,12:59:51.055,44.391113,12:59:51.055,0.00264
12:59:51.056,1.488885,12:59:51.056,44.374229,12:59:51.056,0.00264
12:59:51.057,1.556421,12:59:51.057,44.407997,12:59:51.057,0.00264
12:59:51.058,1.539537,12:59:51.058,44.458649,12:59:51.058,0.001325
12:59:51.059,1.590189,12:59:51.059,44.306693,12:59:51.059,0.003297
12:59:51.060,1.759029,12:59:51.060,44.205389,12:59:51.060,0.001982
12:59:51.061,1.894101,12:59:51.061,44.289809,12:59:51.061,0.001982
12:59:51.062,2.046057,12:59:51.062,44.306693,12:59:51.062,0.002311
12:59:51.063,2.231781,12:59:51.063,44.104085,12:59:51.063,0.001325
12:59:51.064,2.400621,12:59:51.064,44.087201,12:59:51.064,0.004284
12:59:51.065,2.636997,12:59:51.065,44.104085,12:59:51.065,0.001653
12:59:51.066,2.721416,12:59:51.066,44.104085,12:59:51.066,0.001325
12:59:51.067,2.974676,12:59:51.067,44.104085,12:59:51.067,0.002969
12:59:51.068,3.194168,12:59:51.068,44.053433,12:59:51.068,0.002969
12:59:51.069,3.379892,12:59:51.069,44.053433,12:59:51.069,0.002969
12:59:51.070,3.514964,12:59:51.070,44.188505,12:59:51.070,0.001982
12:59:51.071,3.683804,12:59:51.071,43.985897,12:59:51.071,0.003955
12:59:51.072,3.801992,12:59:51.072,44.019665,12:59:51.072,0.002311
12:59:51.073,3.869528,12:59:51.073,44.036549,12:59:51.073,0.004284
12:59:51.074,3.818876,12:59:51.074,43.952129,12:59:51.074,0.002311
12:59:51.075,3.818876,12:59:51.075,43.985897,12:59:51.075,0.002969
12:59:51.076,3.869528,12:59:51.076,43.833941,12:59:51.076,0.00264
12:59:51.077,3.700688,12:59:51.077,43.901477,12:59:51.077,0.002311
12:59:51.078,3.599384,12:59:51.078,44.036549,12:59:51.078,0.00264
12:59:51.079,3.481196,12:59:51.079,43.850825,12:59:51.079,0.002969
12:59:51.080,3.430544,12:59:51.080,43.817057,12:59:51.080,0.004284
12:59:51.081,3.261704,12:59:51.081,43.867709,12:59:51.081,0.001325
12:59:51.082,3.109748,12:59:51.082,43.850825,12:59:51.082,0.003297
12:59:51.083,2.99156,12:59:51.083,43.715753,12:59:51.083,0.003626
12:59:51.084,2.90714,12:59:51.084,43.631333,12:59:51.084,0.001982
12:59:51.085,2.788952,12:59:51.085,43.749521,12:59:51.085,0.001653
12:59:51.086,2.603229,12:59:51.086,43.732637,12:59:51.086,0.003626
12:59:51.087,2.518809,12:59:51.087,43.614449,12:59:51.087,0.00264
12:59:51.088,2.518809,12:59:51.088,43.597565,12:59:51.088,0.002311
12:59:51.089,2.383737,12:59:51.089,43.631333,12:59:51.089,0.004284
12:59:51.090,2.214897,12:59:51.090,43.597565,12:59:51.090,0.002311
12:59:51.091,2.231781,12:59:51.091,43.411842,12:59:51.091,0.003955
12:59:51.092,2.147361,12:59:51.092,43.378074,12:59:51.092,0.002311
12:59:51.093,2.113593,12:59:51.093,43.293654,12:59:51.093,0.003626
12:59:51.094,2.164245,12:59:51.094,43.428726,12:59:51.094,0.00264
12:59:51.095,2.147361,12:59:51.095,43.310538,12:59:51.095,0.002311
12:59:51.096,2.181129,12:59:51.096,43.310538,12:59:51.096,0.003955
12:59:51.097,2.181129,12:59:51.097,43.36119,12:59:51.097,0.002969
12:59:51.098,2.214897,12:59:51.098,43.462494,12:59:51.098,0.002311
12:59:51.099,2.366853,12:59:51.099,43.226118,12:59:51.099,0.00264
12:59:51.100,2.366853,12:59:51.100,43.243002,12:59:51.100,0.002311
12:59:51.101,2.400621,12:59:51.101,43.243002,12:59:51.101,0.002311
12:59:51.102,2.434389,12:59:51.102,43.310538,12:59:51.102,0.00264
12:59:51.103,2.603229,12:59:51.103,43.124814,12:59:51.103,0.003297
12:59:51.104,2.670765,12:59:51.104,43.209234,12:59:51.104,0.003297
12:59:51.105,2.687649,12:59:51.105,43.243002,12:59:51.105,0.001982
12:59:51.106,2.687649,12:59:51.106,43.293654,12:59:51.106,0.002311
12:59:51.107,2.788952,12:59:51.107,43.141698,12:59:51.107,0.003297
12:59:51.108,2.890256,12:59:51.108,43.158582,12:59:51.108,0.00264
12:59:51.109,2.924024,12:59:51.109,43.158582,12:59:51.109,0.003626
12:59:51.110,2.924024,12:59:51.110,43.124814,12:59:51.110,0.002969
12:59:51.111,3.059096,12:59:51.111,43.040394,12:59:51.111,0.00264
12:59:51.112,3.025328,12:59:51.112,42.972858,12:59:51.112,0.001653
12:59:51.113,2.924024,12:59:51.113,42.972858,12:59:51.113,0.001653
12:59:51.114,2.90714,12:59:51.114,42.972858,12:59:51.114,0.003297
12:59:51.115,2.788952,12:59:51.115,42.85467,12:59:51.115,0.003626
12:59:51.116,2.805836,12:59:51.116,42.837786,12:59:51.116,0.003626
12:59:51.117,2.670765,12:59:51.117,42.820902,12:59:51.117,0.001653
12:59:51.118,2.620113,12:59:51.118,42.871554,12:59:51.118,0.002969
12:59:51.119,2.552577,12:59:51.119,42.753366,12:59:51.119,0.000996
12:59:51.120,2.468157,12:59:51.120,42.787134,12:59:51.120,0.001982
12:59:51.121,2.451273,12:59:51.121,42.719598,12:59:51.121,0.003626
12:59:51.122,2.265549,12:59:51.122,42.77025,12:59:51.122,0.004284
12:59:51.123,2.214897,12:59:51.123,42.787134,12:59:51.123,0.002969
12:59:51.124,2.147361,12:59:51.124,42.736482,12:59:51.124,0.003955
12:59:51.125,2.046057,12:59:51.125,42.702714,12:59:51.125,0.002969
12:59:51.126,1.978521,12:59:51.126,42.905322,12:59:51.126,0.001982
12:59:51.127,1.995405,12:59:51.127,42.635178,12:59:51.127,0.001653
12:59:51.128,1.961637,12:59:51.128,42.567642,12:59:51.128,0.002311
12:59:51.129,1.995405,12:59:51.129,42.567642,12:59:51.129,0.002311
12:59:51.130,1.961637,12:59:51.130,42.618294,12:59:51.130,0.00264
12:59:51.131,1.995405,12:59:51.131,42.365034,12:59:51.131,0.002969
12:59:51.132,1.843449,12:59:51.132,42.331266,12:59:51.132,0.002969
12:59:51.133,1.860333,12:59:51.133,42.331266,12:59:51.133,0.002311
12:59:51.134,1.809681,12:59:51.134,42.381918,12:59:51.134,0.001982
12:59:51.135,1.775913,12:59:51.135,42.17931,12:59:51.135,0.003297
12:59:51.136,1.775913,12:59:51.136,42.09489,12:59:51.136,0.003297
12:59:51.137,1.809681,12:59:51.137,42.229962,12:59:51.137,0.001982
12:59:51.138,1.826565,12:59:51.138,42.43257,12:59:51.138,0.003626
12:59:51.139,1.775913,12:59:51.139,42.213078,12:59:51.139,0.003626
12:59:51.140,1.927869,12:59:51.140,42.196194,12:59:51.140,0.001982
12:59:51.141,1.877217,12:59:51.141,42.246846,12:59:51.141,0.004284
12:59:51.142,1.860333,12:59:51.142,42.500106,12:59:51.142,0.003297
12:59:51.143,1.944753,12:59:51.143,42.229962,12:59:51.143,0.00264
12:59:51.144,2.012289,12:59:51.144,42.229962,12:59:51.144,0.004284
12:59:51.145,2.096709,12:59:51.145,42.196194,12:59:51.145,0.004941
12:59:51.146,2.046057,12:59:51.146,42.331266,12:59:51.146,0.00264
12:59:51.147,2.062941,12:59:51.147,42.17931,12:59:51.147,0.003626
12:59:51.148,2.130477,12:59:51.148,42.061122,12:59:51.148,0.002969
12:59:51.149,2.164245,12:59:51.149,42.044238,12:59:51.149,0.003626
12:59:51.150,2.079825,12:59:51.150,42.213078,12:59:51.150,0.003626
12:59:51.151,2.164245,12:59:51.151,42.027354,12:59:51.151,0.002969
12:59:51.152,2.130477,12:59:51.152,41.84163,12:59:51.152,0.00264
12:59:51.153,2.079825,12:59:51.153,41.993586,12:59:51.153,0.00264
12:59:51.154,2.046057,12:59:51.154,42.044238,12:59:51.154,0.001982
12:59:51.155,1.978521,12:59:51.155,41.942934,12:59:51.155,0.002969
12:59:51.156,1.927869,12:59:51.156,41.892282,12:59:51.156,0.001653
12:59:51.157,1.894101,12:59:51.157,41.858514,12:59:51.157,0.002311
12:59:51.158,1.742145,12:59:51.158,42.01047,12:59:51.158,0.002311
12:59:51.159,1.657725,12:59:51.159,42.078006,12:59:51.159,0.003297
12:59:51.160,1.539537,12:59:51.160,41.976702,12:59:51.160,0.001325
12:59:51.161,1.472001,12:59:51.161,41.892282,12:59:51.161,0.001653
12:59:51.162,1.438233,12:59:51.162,42.061122,12:59:51.162,0.003626
12:59:51.163,1.303161,12:59:51.163,42.027354,12:59:51.163,0.003297
12:59:51.164,1.252509,12:59:51.164,42.027354,12:59:51.164,0.003297
12:59:51.165,1.286277,12:59:51.165,41.875398,12:59:51.165,0.002969
12:59:51.166,1.184973,12:59:51.166,42.01047,12:59:51.166,0.003626
12:59:51.167,1.168089,12:59:51.167,41.976702,12:59:51.167,0.004941
12:59:51.168,1.134321,12:59:51.168,41.959818,12:59:51.168,0.001982
12:59:51.169,1.168089,12:59:51.169,41.909166,12:59:51.169,0.004612
12:59:51.170,1.117437,12:59:51.170,41.92605,12:59:51.170,0.004284
12:59:51.171,1.134321,12:59:51.171,41.909166,12:59:51.171,0.002311
12:59:51.172,1.252509,12:59:51.172,41.875398,12:59:51.172,0.003626
12:59:51.173,1.252509,12:59:51.173,41.807862,12:59:51.173,0.00264
12:59:51.174,1.286277,12:59:51.174,41.942934,12:59:51.174,0.003626
12:59:51.175,1.286277,12:59:51.175,41.92605,12:59:51.175,0.00264
12:59:51.176,1.387581,12:59:51.176,41.892282,12:59:51.176,0.004284
12:59:51.177,1.370697,12:59:51.177,41.807862,12:59:51.177,0.00264
12:59:51.178,1.421349,12:59:51.178,41.942934,12:59:51.178,0.002969
12:59:51.179,1.488885,12:59:51.179,41.909166,12:59:51.179,0.003297
12:59:51.180,1.573305,12:59:51.180,41.790978,12:59:51.180,0.003297
12:59:51.181,1.623957,12:59:51.181,41.75721,12:59:51.181,0.001653
12:59:51.182,1.674609,12:59:51.182,41.875398,12:59:51.182,0.002969
12:59:51.183,1.708377,12:59:51.183,41.774094,12:59:51.183,0.002969
12:59:51.184,1.691493,12:59:51.184,41.740326,12:59:51.184,0.00264
12:59:51.185,1.809681,12:59:51.185,41.689674,12:59:51.185,0.000667
12:59:51.186,1.708377,12:59:51.186,41.723442,12:59:51.186,0.003297
12:59:51.187,1.843449,12:59:51.187,41.740326,12:59:51.187,0.001982
12:59:51.188,1.843449,12:59:51.188,41.622138,12:59:51.188,0.002969
12:59:51.189,1.809681,12:59:51.189,41.723442,12:59:51.189,0.00264
12:59:51.190,1.775913,12:59:51.190,41.689674,12:59:51.190,0.00264
12:59:51.191,1.775913,12:59:51.191,41.706558,12:59:51.191,0.00264
12:59:51.192,1.742145,12:59:51.192,41.723442,12:59:51.192,0.00264
12:59:51.193,1.674609,12:59:51.193,41.67279,12:59:51.193,0.003297
12:59:51.194,1.590189,12:59:51.194,41.790978,12:59:51.194,0.003297
12:59:51.195,1.522653,12:59:51.195,41.824746,12:59:51.195,0.003297
12:59:51.196,1.539537,12:59:51.196,41.67279,12:59:51.196,0.002969
12:59:51.197,1.421349,12:59:51.197,41.706558,12:59:51.197,0.003626
12:59:51.198,1.320045,12:59:51.198,41.639022,12:59:51.198,0.002969
12:59:51.199,1.303161,12:59:51.199,41.723442,12:59:51.199,0.002311
12:59:51.200,1.252509,12:59:51.200,41.537719,12:59:51.200,0.00264
12:59:51.201,1.218741,12:59:51.201,41.537719,12:59:51.201,0.002311
12:59:51.202,1.168089,12:59:51.202,41.655906,12:59:51.202,0.003626
12:59:51.203,1.134321,12:59:51.203,41.537719,12:59:51.203,0.003626
12:59:51.204,1.184973,12:59:51.204,41.503951,12:59:51.204,0.003626
12:59:51.205,1.168089,12:59:51.205,41.503951,12:59:51.205,0.002969
12:59:51.206,1.151205,12:59:51.206,41.470183,12:59:51.206,0.003297
12:59:51.207,1.235625,12:59:51.207,41.571486,12:59:51.207,0.002311
12:59:51.208,1.286277,12:59:51.208,41.385763,12:59:51.208,0.002311
12:59:51.209,1.370697,12:59:51.209,41.520835,12:59:51.209,0.002969
12:59:51.210,1.387581,12:59:51.210,41.58837,12:59:51.210,0.002969
12:59:51.211,1.472001,12:59:51.211,41.503951,12:59:51.211,0.002969
12:59:51.212,1.539537,12:59:51.212,41.503951,12:59:51.212,0.001653
12:59:51.213,1.640841,12:59:51.213,41.470183,12:59:51.213,0.00264
12:59:51.214,1.691493,12:59:51.214,41.487067,12:59:51.214,0.002969
12:59:51.215,1.708377,12:59:51.215,41.571486,12:59:51.215,0.001982
12:59:51.216,1.809681,12:59:51.216,41.453299,12:59:51.216,0.002969
12:59:51.217,1.860333,12:59:51.217,41.503951,12:59:51.217,0.002969
12:59:51.218,1.894101,12:59:51.218,41.571486,12:59:51.218,0.003297
12:59:51.219,1.927869,12:59:51.219,41.639022,12:59:51.219,0.00264
12:59:51.220,1.927869,12:59:51.220,41.503951,12:59:51.220,0.002311
12:59:51.221,1.995405,12:59:51.221,41.520835,12:59:51.221,0.001653
12:59:51.222,1.961637,12:59:51.222,41.537719,12:59:51.222,0.002311
12:59:51.223,1.944753,12:59:51.223,41.58837,12:59:51.223,0.002311
12:59:51.224,1.927869,12:59:51.224,41.402647,12:59:51.224,0.002969
12:59:51.225,1.910985,12:59:51.225,41.470183,12:59:51.225,0.004284
12:59:51.226,1.927869,12:59:51.226,41.520835,12:59:51.226,0.003297
12:59:51.227,1.809681,12:59:51.227,41.487067,12:59:51.227,0.000996
12:59:51.228,1.860333,12:59:51.228,41.402647,12:59:51.228,0.003297
12:59:51.229,1.792797,12:59:51.229,41.487067,12:59:51.229,0.00264
12:59:51.230,1.742145,12:59:51.230,41.520835,12:59:51.230,0.002969
12:59:51.231,1.708377,12:59:51.231,41.571486,12:59:51.231,0.001653
12:59:51.232,1.674609,12:59:51.232,41.402647,12:59:51.232,0.002969
12:59:51.233,1.640841,12:59:51.233,41.453299,12:59:51.233,0.002311
12:59:51.234,1.607073,12:59:51.234,41.436415,12:59:51.234,-0.000648
12:59:51.235,1.539537,12:59:51.235,41.503951,12:59:51.235,0.002311
12:59:51.236,1.640841,12:59:51.236,41.453299,12:59:51.236,0.002311
12:59:51.237,1.573305,12:59:51.237,41.351995,12:59:51.237,0.002311
12:59:51.238,1.573305,12:59:51.238,41.385763,12:59:51.238,0.002311
12:59:51.239,1.488885,12:59:51.239,41.402647,12:59:51.239,0.00264
12:59:51.240,1.607073,12:59:51.240,41.267575,12:59:51.240,0.002969
12:59:51.241,1.623957,12:59:51.241,41.335111,12:59:51.241,0.002311
12:59:51.242,1.674609,12:59:51.242,41.318227,12:59:51.242,0.00264
12:59:51.243,1.691493,12:59:51.243,41.368879,12:59:51.243,0.002311
12:59:51.244,1.708377,12:59:51.244,41.250691,12:59:51.244,0.003297
12:59:51.245,1.843449,12:59:51.245,41.335111,12:59:51.245,0.002311
12:59:51.246,1.860333,12:59:51.246,41.250691,12:59:51.246,0.003626
12:59:51.247,1.877217,12:59:51.247,41.436415,12:59:51.247,0.002969
12:59:51.248,1.961637,12:59:51.248,41.318227,12:59:51.248,0.001982
12:59:51.249,2.012289,12:59:51.249,41.267575,12:59:51.249,0.000667
12:59:51.250,2.164245,12:59:51.250,41.301343,12:59:51.250,0.004612
12:59:51.251,2.113593,12:59:51.251,41.368879,12:59:51.251,0.003955
12:59:51.252,2.198013,12:59:51.252,41.233807,12:59:51.252,0.002311
12:59:51.253,2.181129,12:59:51.253,41.200039,12:59:51.253,0.003955
12:59:51.254,2.214897,12:59:51.254,41.335111,12:59:51.254,0.001325
12:59:51.255,2.164245,12:59:51.255,41.335111,12:59:51.255,0.004612
12:59:51.256,2.181129,12:59:51.256,41.284459,12:59:51.256,0.00264
12:59:51.257,2.214897,12:59:51.257,41.250691,12:59:51.257,0.001982
12:59:51.258,2.130477,12:59:51.258,41.301343,12:59:51.258,0.001982
12:59:51.259,2.113593,12:59:51.259,41.301343,12:59:51.259,0.002311
12:59:51.260,2.046057,12:59:51.260,41.267575,12:59:51.260,0.003297
12:59:51.261,1.944753,12:59:51.261,41.132503,12:59:51.261,0.001982
12:59:51.262,1.927869,12:59:51.262,41.132503,12:59:51.262,0.002311
12:59:51.263,1.792797,12:59:51.263,41.183155,12:59:51.263,0.003626
12:59:51.264,1.843449,12:59:51.264,41.115619,12:59:51.264,0.004284
12:59:51.265,1.759029,12:59:51.265,41.081851,12:59:51.265,0.00264
12:59:51.266,1.742145,12:59:51.266,41.048083,12:59:51.266,0.002969
12:59:51.267,1.640841,12:59:51.267,41.149387,12:59:51.267,0.00264
12:59:51.268,1.607073,12:59:51.268,41.031199,12:59:51.268,0.003297
12:59:51.269,1.640841,12:59:51.269,41.031199,12:59:51.269,0.00264
12:59:51.270,1.623957,12:59:51.270,40.997431,12:59:51.270,0.001982
12:59:51.271,1.573305,12:59:51.271,41.098735,12:59:51.271,0.002311
12:59:51.272,1.539537,12:59:51.272,41.014315,12:59:51.272,0.002311
12:59:51.273,1.505769,12:59:51.273,41.014315,12:59:51.273,0.002311
12:59:51.274,1.556421,12:59:51.274,40.997431,12:59:51.274,0.00264
12:59:51.275,1.539537,12:59:51.275,40.980547,12:59:51.275,0.00264
12:59:51.276,1.573305,12:59:51.276,41.014315,12:59:51.276,0.003955
12:59:51.277,1.522653,12:59:51.277,40.896127,12:59:51.277,0.001982
12:59:51.278,1.573305,12:59:51.278,40.946779,12:59:51.278,0.000996
12:59:51.279,1.573305,12:59:51.279,40.980547,12:59:51.279,0.002311
12:59:51.280,1.607073,12:59:51.280,40.879243,12:59:51.280,0.001653
12:59:51.281,1.640841,12:59:51.281,40.794823,12:59:51.281,0.004941
12:59:51.282,1.674609,12:59:51.282,40.828591,12:59:51.282,0.003297
12:59:51.283,1.640841,12:59:51.283,40.879243,12:59:51.283,0.00264
12:59:51.284,1.708377,12:59:51.284,40.761055,12:59:51.284,0.002969
12:59:51.285,1.725261,12:59:51.285,40.659751,12:59:51.285,0.00264
12:59:51.286,1.792797,12:59:51.286,40.744171,12:59:51.286,0.002969
12:59:51.287,1.775913,12:59:51.287,40.845475,12:59:51.287,0.003297
12:59:51.288,1.894101,12:59:51.288,40.642867,12:59:51.288,0.003297
12:59:51.289,1.877217,12:59:51.289,40.575331,12:59:51.289,0.003626
12:59:51.290,1.961637,12:59:51.290,40.490911,12:59:51.290,0.002969
12:59:51.291,1.894101,12:59:51.291,40.625983,12:59:51.291,0.002311
12:59:51.292,1.877217,12:59:51.292,40.490911,12:59:51.292,0.002969
12:59:51.293,1.894101,12:59:51.293,40.457143,12:59:51.293,0.002969
12:59:51.294,1.826565,12:59:51.294,40.372723,12:59:51.294,0.003297
12:59:51.295,1.792797,12:59:51.295,40.558447,12:59:51.295,0.001653
12:59:51.296,1.742145,12:59:51.296,40.507795,12:59:51.296,0.001982
12:59:51.297,1.742145,12:59:51.297,40.322071,12:59:51.297,0.003297
12:59:51.298,1.691493,12:59:51.298,40.305187,12:59:51.298,0.002969
12:59:51.299,1.573305,12:59:51.299,40.440259,12:59:51.299,0.00264
12:59:51.300,1.573305,12:59:51.300,40.372723,12:59:51.300,0.003297
12:59:51.301,1.488885,12:59:51.301,40.271419,12:59:51.301,0.002311
12:59:51.302,1.438233,12:59:51.302,40.153231,12:59:51.302,0.003955
12:59:51.303,1.387581,12:59:51.303,40.305187,12:59:51.303,0.002969
12:59:51.304,1.353813,12:59:51.304,40.322071,12:59:51.304,0.001982
12:59:51.305,1.336929,12:59:51.305,40.136347,12:59:51.305,0.002969
12:59:51.306,1.370697,12:59:51.306,40.102579,12:59:51.306,0.001653
12:59:51.307,1.269393,12:59:51.307,40.338955,12:59:51.307,0.004612
12:59:51.308,1.252509,12:59:51.308,40.186999,12:59:51.308,0.00264
12:59:51.309,1.286277,12:59:51.309,40.119463,12:59:51.309,0.00264
12:59:51.310,1.320045,12:59:51.310,40.085695,12:59:51.310,0.001982
12:59:51.311,1.235625,12:59:51.311,40.237651,12:59:51.311,0.001982
12:59:51.312,1.235625,12:59:51.312,40.136347,12:59:51.312,0.00264
12:59:51.313,1.286277,12:59:51.313,40.035043,12:59:51.313,0.00264
12:59:51.314,1.320045,12:59:51.314,40.051927,12:59:51.314,0.001982
12:59:51.315,1.336929,12:59:51.315,40.203883,12:59:51.315,0.003297
12:59:51.316,1.286277,12:59:51.316,40.153231,12:59:51.316,0.003626
12:59:51.317,1.370697,12:59:51.317,39.967507,12:59:51.317,0.003297
12:59:51.318,1.353813,12:59:51.318,39.933739,12:59:51.318,0.003626
12:59:51.319,1.336929,12:59:51.319,40.068811,12:59:51.319,0.001653
12:59:51.320,1.336929,12:59:51.320,40.001275,12:59:51.320,0.00264
12:59:51.321,1.421349,12:59:51.321,39.866203,12:59:51.321,0.00264
12:59:51.322,1.404465,12:59:51.322,39.781783,12:59:51.322,0.001982
12:59:51.323,1.303161,12:59:51.323,39.967507,12:59:51.323,0.002969
12:59:51.324,1.336929,12:59:51.324,40.001275,12:59:51.324,0.002969
12:59:51.325,1.353813,12:59:51.325,39.832435,12:59:51.325,0.003297
12:59:51.326,1.286277,12:59:51.326,39.866203,12:59:51.326,0.003955
12:59:51.327,1.269393,12:59:51.327,40.001275,12:59:51.327,0.00264
12:59:51.328,1.286277,12:59:51.328,40.051927,12:59:51.328,0.004284
12:59:51.329,1.235625,12:59:51.329,39.950623,12:59:51.329,0.001982
12:59:51.330,1.303161,12:59:51.330,39.950623,12:59:51.330,0.00264
12:59:51.331,1.218741,12:59:51.331,39.950623,12:59:51.331,0.003626
12:59:51.332,1.252509,12:59:51.332,39.933739,12:59:51.332,0.001325
12:59:51.333,1.218741,12:59:51.333,39.883087,12:59:51.333,0.003955
12:59:51.334,1.218741,12:59:51.334,39.764899,12:59:51.334,0.001982
12:59:51.335,1.184973,12:59:51.335,40.001275,12:59:51.335,0.002311
12:59:51.336,1.100553,12:59:51.336,40.018159,12:59:51.336,0.000996
12:59:51.337,1.134321,12:59:51.337,39.883087,12:59:51.337,0.001653
12:59:51.338,1.117437,12:59:51.338,39.798667,12:59:51.338,0.002969
12:59:51.339,1.066785,12:59:51.339,39.883087,12:59:51.339,0.002969
12:59:51.340,1.016133,12:59:51.340,39.916855,12:59:51.340,0.001982
12:59:51.341,1.049901,12:59:51.341,39.781783,12:59:51.341,0.003297
12:59:51.342,1.083669,12:59:51.342,39.781783,12:59:51.342,0.003955
12:59:51.343,1.016133,12:59:51.343,39.832435,12:59:51.343,0.00264
12:59:51.344,1.134321,12:59:51.344,39.866203,12:59:51.344,0.002311
12:59:51.345,1.117437,12:59:51.345,39.748015,12:59:51.345,0.002311
12:59:51.346,1.134321,12:59:51.346,39.714247,12:59:51.346,0.001325
12:59:51.347,1.218741,12:59:51.347,39.748015,12:59:51.347,0.002969
12:59:51.348,1.168089,12:59:51.348,39.832435,12:59:51.348,0.001982
12:59:51.349,1.252509,12:59:51.349,39.748015,12:59:51.349,0.003297
12:59:51.350,1.320045,12:59:51.350,39.714247,12:59:51.350,0.002969
12:59:51.351,1.320045,12:59:51.351,39.697363,12:59:51.351,0.002969
12:59:51.352,1.370697,12:59:51.352,39.849319,12:59:51.352,0.003626
12:59:51.353,1.353813,12:59:51.353,39.781783,12:59:51.353,0.003297
12:59:51.354,1.370697,12:59:51.354,39.731131,12:59:51.354,0.00264
12:59:51.355,1.353813,12:59:51.355,39.697363,12:59:51.355,0.002969
12:59:51.356,1.438233,12:59:51.356,39.798667,12:59:51.356,0.002969
12:59:51.357,1.455117,12:59:51.357,39.697363,12:59:51.357,0.004612
12:59:51.358,1.387581,12:59:51.358,39.697363,12:59:51.358,0.002311
12:59:51.359,1.387581,12:59:51.359,39.714247,12:59:51.359,0.00527
12:59:51.360,1.353813,12:59:51.360,39.731131,12:59:51.360,0.001982
12:59:51.361,1.404465,12:59:51.361,39.629827,12:59:51.361,0.003297
12:59:51.362,1.320045,12:59:51.362,39.629827,12:59:51.362,0.002969
12:59:51.363,1.286277,12:59:51.363,39.714247,12:59:51.363,0.001653
12:59:51.364,1.269393,12:59:51.364,39.714247,12:59:51.364,0.003626
12:59:51.365,1.235625,12:59:51.365,39.629827,12:59:51.365,0.002969
12:59:51.366,1.252509,12:59:51.366,39.612943,12:59:51.366,0.001653
12:59:51.367,1.235625,12:59:51.367,39.629827,12:59:51.367,0.002311
12:59:51.368,1.201857,12:59:51.368,39.731131,12:59:51.368,0.00264
12:59:51.369,1.218741,12:59:51.369,39.612943,12:59:51.369,0.002311
12:59:51.370,1.218741,12:59:51.370,39.646711,12:59:51.370,0.002969
12:59:51.371,1.201857,12:59:51.371,39.697363,12:59:51.371,0.001325
12:59:51.372,1.168089,12:59:51.372,39.680479,12:59:51.372,0.001982
12:59:51.373,1.252509,12:59:51.373,39.596059,12:59:51.373,0.002311
12:59:51.374,1.218741,12:59:51.374,39.596059,12:59:51.374,0.001325
12:59:51.375,1.168089,12:59:51.375,39.629827,12:59:51.375,0.002969
12:59:51.376,1.201857,12:59:51.376,39.714247,12:59:51.376,0.001325
12:59:51.377,1.252509,12:59:51.377,39.612943,12:59:51.377,0.00264
12:59:51.378,1.286277,12:59:51.378,39.596059,12:59:51.378,0.004612
12:59:51.379,1.286277,12:59:51.379,39.545407,12:59:51.379,0.00264
12:59:51.380,1.303161,12:59:51.380,39.646711,12:59:51.380,0.003297
12:59:51.381,1.320045,12:59:51.381,39.663595,12:59:51.381,0.00264
12:59:51.382,1.336929,12:59:51.382,39.444104,12:59:51.382,0.002311
12:59:51.383,1.353813,12:59:51.383,39.562291,12:59:51.383,0.002969
12:59:51.384,1.353813,12:59:51.384,39.596059,12:59:51.384,0.002311
12:59:51.385,1.488885,12:59:51.385,39.596059,12:59:51.385,0.004612
12:59:51.386,1.522653,12:59:51.386,39.545407,12:59:51.386,0.003297
12:59:51.387,1.556421,12:59:51.387,39.612943,12:59:51.387,0.00264
12:59:51.388,1.556421,12:59:51.388,39.663595,12:59:51.388,0.002311
12:59:51.389,1.539537,12:59:51.389,39.612943,12:59:51.389,0.002311
12:59:51.390,1.607073,12:59:51.390,39.562291,12:59:51.390,0.003297
12:59:51.391,1.623957,12:59:51.391,39.579175,12:59:51.391,0.002969
12:59:51.392,1.640841,12:59:51.392,39.697363,12:59:51.392,0.001982
12:59:51.393,1.674609,12:59:51.393,39.545407,12:59:51.393,0.003297
12:59:51.394,1.623957,12:59:51.394,39.511639,12:59:51.394,0.002311
12:59:51.395,1.623957,12:59:51.395,39.562291,12:59:51.395,0.003297
12:59:51.396,1.556421,12:59:51.396,39.562291,12:59:51.396,0.00264
12:59:51.397,1.623957,12:59:51.397,39.528523,12:59:51.397,0.001325
12:59:51.398,1.674609,12:59:51.398,39.393452,12:59:51.398,0.002969
12:59:51.399,1.623957,12:59:51.399,39.393452,12:59:51.399,0.002311
12:59:51.400,1.421349,12:59:51.400,39.494756,12:59:51.400,0.001653
12:59:51.401,1.505769,12:59:51.401,39.393452,12:59:51.401,0.00264
12:59:51.402,1.522653,12:59:51.402,39.3428,12:59:51.402,0.00264
12:59:51.403,1.472001,12:59:51.403,39.376568,12:59:51.403,0.00264
12:59:51.404,1.472001,12:59:51.404,39.494756,12:59:51.404,0.003297
12:59:51.405,1.438233,12:59:51.405,39.42722,12:59:51.405,0.002311
12:59:51.406,1.421349,12:59:51.406,39.309032,12:59:51.406,0.003297
12:59:51.407,1.404465,12:59:51.407,39.3428,12:59:51.407,0.002311
12:59:51.408,1.455117,12:59:51.408,39.444104,12:59:51.408,0.003297
12:59:51.409,1.522653,12:59:51.409,39.393452,12:59:51.409,0.002311
12:59:51.410,1.472001,12:59:51.410,39.292148,12:59:51.410,0.002311
12:59:51.411,1.505769,12:59:51.411,39.275264,12:59:51.411,0.002311
12:59:51.412,1.522653,12:59:51.412,39.42722,12:59:51.412,0.001982
12:59:51.413,1.488885,12:59:51.413,39.224612,12:59:51.413,0.001653
12:59:51.414,1.505769,12:59:51.414,39.292148,12:59:51.414,0.001325
12:59:51.415,1.539537,12:59:51.415,39.241496,12:59:51.415,0.001982
12:59:51.416,1.556421,12:59:51.416,39.3428,12:59:51.416,0.003297
12:59:51.417,1.590189,12:59:51.417,39.17396,12:59:51.417,0.002969
12:59:51.418,1.623957,12:59:51.418,39.25838,12:59:51.418,0.002311
12:59:51.419,1.674609,12:59:51.419,39.08954,12:59:51.419,0.00264
12:59:51.420,1.623957,12:59:51.420,39.241496,12:59:51.420,0.002969
12:59:51.421,1.674609,12:59:51.421,39.207728,12:59:51.421,0.002311
12:59:51.422,1.623957,12:59:51.422,39.123308,12:59:51.422,0.003297
12:59:51.423,1.623957,12:59:51.423,39.08954,12:59:51.423,0.001325
12:59:51.424,1.573305,12:59:51.424,39.190844,12:59:51.424,0.003626
12:59:51.425,1.657725,12:59:51.425,39.055772,12:59:51.425,0.002311
12:59:51.426,1.623957,12:59:51.426,39.022004,12:59:51.426,0.001325
12:59:51.427,1.657725,12:59:51.427,38.988236,12:59:51.427,0.003626
12:59:51.428,1.623957,12:59:51.428,39.072656,12:59:51.428,0.002311
12:59:51.429,1.607073,12:59:51.429,39.022004,12:59:51.429,0.002969
12:59:51.430,1.640841,12:59:51.430,38.988236,12:59:51.430,0.003955
12:59:51.431,1.607073,12:59:51.431,38.937584,12:59:51.431,0.002969
12:59:51.432,1.607073,12:59:51.432,38.971352,12:59:51.432,0.003626
12:59:51.433,1.573305,12:59:51.433,39.00512,12:59:51.433,0.001982
12:59:51.434,1.573305,12:59:51.434,38.937584,12:59:51.434,0.001982
12:59:51.435,1.556421,12:59:51.435,38.9207,12:59:51.435,0.002969
12:59:51.436,1.505769,12:59:51.436,39.022004,12:59:51.436,0.001982
12:59:51.437,1.556421,12:59:51.437,38.903816,12:59:51.437,0.00264
12:59:51.438,1.472001,12:59:51.438,38.802512,12:59:51.438,0.003626
12:59:51.439,1.556421,12:59:51.439,38.802512,12:59:51.439,0.002311
12:59:51.440,1.505769,12:59:51.440,38.819396,12:59:51.440,0.002311
12:59:51.441,1.505769,12:59:51.441,38.75186,12:59:51.441,0.003297
12:59:51.442,1.438233,12:59:51.442,38.768744,12:59:51.442,0.003297
12:59:51.443,1.488885,12:59:51.443,38.718092,12:59:51.443,0.004284
12:59:51.444,1.438233,12:59:51.444,38.853164,12:59:51.444,0.00264
12:59:51.445,1.438233,12:59:51.445,38.684324,12:59:51.445,0.001982
12:59:51.446,1.455117,12:59:51.446,38.718092,12:59:51.446,0.002311
12:59:51.447,1.455117,12:59:51.447,38.718092,12:59:51.447,0.002311
12:59:51.448,1.488885,12:59:51.448,38.819396,12:59:51.448,0.003297
12:59:51.449,1.488885,12:59:51.449,38.75186,12:59:51.449,0.001325
12:59:51.450,1.556421,12:59:51.450,38.650556,12:59:51.450,0.003297
12:59:51.451,1.539537,12:59:51.451,38.549252,12:59:51.451,0.001982
12:59:51.452,1.573305,12:59:51.452,38.75186,12:59:51.452,0.00264
12:59:51.453,1.539537,12:59:51.453,38.734976,12:59:51.453,0.003626
12:59:51.454,1.539537,12:59:51.454,38.515484,12:59:51.454,0.002311
12:59:51.455,1.539537,12:59:51.455,38.58302,12:59:51.455,0.002969
12:59:51.456,1.488885,12:59:51.456,38.684324,12:59:51.456,0.00264
12:59:51.457,1.522653,12:59:51.457,38.566136,12:59:51.457,0.002311
12:59:51.458,1.573305,12:59:51.458,38.447948,12:59:51.458,0.003297
12:59:51.459,1.539537,12:59:51.459,38.397296,12:59:51.459,0.002311
12:59:51.460,1.438233,12:59:51.460,38.532368,12:59:51.460,0.004284
12:59:51.461,1.438233,12:59:51.461,38.380412,12:59:51.461,0.003297
12:59:51.462,1.522653,12:59:51.462,38.380412,12:59:51.462,0.002969
12:59:51.463,1.438233,12:59:51.463,38.295992,12:59:51.463,0.001982
12:59:51.464,1.353813,12:59:51.464,38.4986,12:59:51.464,0.00264
12:59:51.465,1.387581,12:59:51.465,38.431064,12:59:51.465,0.003626
12:59:51.466,1.421349,12:59:51.466,38.312876,12:59:51.466,0.003297
12:59:51.467,1.404465,12:59:51.467,38.24534,12:59:51.467,0.001982
12:59:51.468,1.353813,12:59:51.468,38.447948,12:59:51.468,0.003297
12:59:51.469,1.353813,12:59:51.469,38.464832,12:59:51.469,0.004284
12:59:51.470,1.455117,12:59:51.470,38.312876,12:59:51.470,0.002311
12:59:51.471,1.455117,12:59:51.471,38.279108,12:59:51.471,0.00264
12:59:51.472,1.370697,12:59:51.472,38.397296,12:59:51.472,0.003955
12:59:51.473,1.353813,12:59:51.473,38.346644,12:59:51.473,0.003297
12:59:51.474,1.387581,12:59:51.474,38.211572,12:59:51.474,0.00264
12:59:51.475,1.353813,12:59:51.475,38.211572,12:59:51.475,0.001653
12:59:51.476,1.286277,12:59:51.476,38.312876,12:59:51.476,0.003297
12:59:51.477,1.320045,12:59:51.477,38.295992,12:59:51.477,0.001325
12:59:51.478,1.370697,12:59:51.478,38.127152,12:59:51.478,0.002311
12:59:51.479,1.353813,12:59:51.479,38.042732,12:59:51.479,0.003297
12:59:51.480,1.252509,12:59:51.480,38.228456,12:59:51.480,0.00264
12:59:51.481,1.303161,12:59:51.481,38.228456,12:59:51.481,0.003955
12:59:51.482,1.269393,12:59:51.482,38.127152,12:59:51.482,0.002969
12:59:51.483,1.235625,12:59:51.483,38.0765,12:59:51.483,0.002311
12:59:51.484,1.252509,12:59:51.484,38.312876,12:59:51.484,0.003626
12:59:51.485,1.218741,12:59:51.485,38.24534,12:59:51.485,0.001653
12:59:51.486,1.303161,12:59:51.486,38.0765,12:59:51.486,0.004612
12:59:51.487,1.269393,12:59:51.487,38.110268,12:59:51.487,0.002311
12:59:51.488,1.303161,12:59:51.488,38.211572,12:59:51.488,0.001653
12:59:51.489,1.269393,12:59:51.489,38.177804,12:59:51.489,0.00264
12:59:51.490,1.370697,12:59:51.490,38.127152,12:59:51.490,0.003626
12:59:51.491,1.387581,12:59:51.491,38.110268,12:59:51.491,0.003297
12:59:51.492,1.336929,12:59:51.492,38.177804,12:59:51.492,0.003297
12:59:51.493,1.336929,12:59:51.493,38.279108,12:59:51.493,0.003626
12:59:51.494,1.336929,12:59:51.494,38.177804,12:59:51.494,0.00264
12:59:51.495,1.303161,12:59:51.495,38.211572,12:59:51.495,0.003955
12:59:51.496,1.286277,12:59:51.496,38.24534,12:59:51.496,0.002969
12:59:51.497,1.286277,12:59:51.497,38.228456,12:59:51.497,0.002969
12:59:51.498,1.303161,12:59:51.498,38.110268,12:59:51.498,0.001325
12:59:51.499,1.320045,12:59:51.499,38.144036,12:59:51.499,0.002969
12:59:51.500,1.218741,12:59:51.500,38.228456,12:59:51.500,0.00264
12:59:51.501,1.218741,12:59:51.501,38.16092,12:59:51.501,0.001653
12:59:51.502,1.235625,12:59:51.502,38.0765,12:59:51.502,0.003297
12:59:51.503,1.151205,12:59:51.503,38.127152,12:59:51.503,0.001653
12:59:51.504,1.218741,12:59:51.504,38.16092,12:59:51.504,0.00264
12:59:51.505,1.168089,12:59:51.505,38.194688,12:59:51.505,0.004941
12:59:51.506,1.269393,12:59:51.506,38.059616,12:59:51.506,0.001982
12:59:51.507,1.235625,12:59:51.507,38.0765,12:59:51.507,0.003626
12:59:51.508,1.252509,12:59:51.508,38.194688,12:59:51.508,0.001982
12:59:51.509,1.218741,12:59:51.509,38.0765,12:59:51.509,0.002969
12:59:51.510,1.252509,12:59:51.510,38.0765,12:59:51.510,0.00264
12:59:51.511,1.303161,12:59:51.511,38.042732,12:59:51.511,0.00264
12:59:51.512,1.336929,12:59:51.512,38.059616,12:59:51.512,0.003297
12:59:51.513,1.252509,12:59:51.513,38.127152,12:59:51.513,0.002311
12:59:51.514,1.303161,12:59:51.514,38.127152,12:59:51.514,0.002311
12:59:51.515,1.320045,12:59:51.515,37.99208,12:59:51.515,0.000667
12:59:51.516,1.336929,12:59:51.516,38.059616,12:59:51.516,0.00264
12:59:51.517,1.252509,12:59:51.517,38.16092,12:59:51.517,0.002311
12:59:51.518,1.320045,12:59:51.518,38.025848,12:59:51.518,0.003297
12:59:51.519,1.353813,12:59:51.519,38.025848,12:59:51.519,0.000996
12:59:51.520,1.286277,12:59:51.520,38.025848,12:59:51.520,0.003297
12:59:51.521,1.286277,12:59:51.521,38.059616,12:59:51.521,0.002311
12:59:51.522,1.303161,12:59:51.522,37.90766,12:59:51.522,0.003297
12:59:51.523,1.336929,12:59:51.523,37.873892,12:59:51.523,0.002969
12:59:51.524,1.286277,12:59:51.524,37.99208,12:59:51.524,0.001325
12:59:51.525,1.320045,12:59:51.525,38.042732,12:59:51.525,0.002969
12:59:51.526,1.320045,12:59:51.526,37.958312,12:59:51.526,0.002311
12:59:51.527,1.320045,12:59:51.527,37.90766,12:59:51.527,0.001982
12:59:51.528,1.387581,12:59:51.528,37.941428,12:59:51.528,0.003955
12:59:51.529,1.336929,12:59:51.529,38.025848,12:59:51.529,0.00264
12:59:51.530,1.421349,12:59:51.530,37.90766,12:59:51.530,0.003955
12:59:51.531,1.421349,12:59:51.531,37.924544,12:59:51.531,0.00264
12:59:51.532,1.387581,12:59:51.532,37.958312,12:59:51.532,0.00264
12:59:51.533,1.404465,12:59:51.533,37.975196,12:59:51.533,0.003626
12:59:51.534,1.404465,12:59:51.534,37.840124,12:59:51.534,0.001653
12:59:51.535,1.455117,12:59:51.535,37.873892,12:59:51.535,0.00527
12:59:51.536,1.421349,12:59:51.536,37.941428,12:59:51.536,0.002969
12:59:51.537,1.353813,12:59:51.537,37.890776,12:59:51.537,0.00264
12:59:51.538,1.387581,12:59:51.538,37.789472,12:59:51.538,0.003297
12:59:51.539,1.455117,12:59:51.539,37.772588,12:59:51.539,0.002311
12:59:51.540,1.438233,12:59:51.540,37.82324,12:59:51.540,0.003626
12:59:51.541,1.336929,12:59:51.541,37.82324,12:59:51.541,0.001653
12:59:51.542,1.387581,12:59:51.542,37.755704,12:59:51.542,0.002969
12:59:51.543,1.370697,12:59:51.543,37.705052,12:59:51.543,0.003297
12:59:51.544,1.387581,12:59:51.544,37.806356,12:59:51.544,0.003955
12:59:51.545,1.387581,12:59:51.545,37.789472,12:59:51.545,0.00264
12:59:51.546,1.404465,12:59:51.546,37.806356,12:59:51.546,0.00264
12:59:51.547,1.336929,12:59:51.547,37.721936,12:59:51.547,0.00264
12:59:51.548,1.438233,12:59:51.548,37.73882,12:59:51.548,0.00264
12:59:51.549,1.472001,12:59:51.549,37.772588,12:59:51.549,0.00264
12:59:51.550,1.556421,12:59:51.550,37.755704,12:59:51.550,0.001653
12:59:51.551,1.522653,12:59:51.551,37.620632,12:59:51.551,0.00264
12:59:51.552,1.539537,12:59:51.552,37.6544,12:59:51.552,0.002311
12:59:51.553,1.539537,12:59:51.553,37.721936,12:59:51.553,0.001653
12:59:51.554,1.522653,12:59:51.554,37.721936,12:59:51.554,0.003297
12:59:51.555,1.607073,12:59:51.555,37.553096,12:59:51.555,0.002311
12:59:51.556,1.539537,12:59:51.556,37.603748,12:59:51.556,0.002311
12:59:51.557,1.488885,12:59:51.557,37.755704,12:59:51.557,0.003297
12:59:51.558,1.539537,12:59:51.558,37.586864,12:59:51.558,0.002969
12:59:51.559,1.539537,12:59:51.559,37.48556,12:59:51.559,0.003955
12:59:51.560,1.607073,12:59:51.560,37.586864,12:59:51.560,0.001982
12:59:51.561,1.472001,12:59:51.561,37.56998,12:59:51.561,0.002311
12:59:51.562,1.556421,12:59:51.562,37.56998,12:59:51.562,0.00264
12:59:51.563,1.438233,12:59:51.563,37.367373,12:59:51.563,0.001982
12:59:51.564,1.505769,12:59:51.564,37.536212,12:59:51.564,0.003626
12:59:51.565,1.522653,12:59:51.565,37.536212,12:59:51.565,0.002969
12:59:51.566,1.573305,12:59:51.566,37.48556,12:59:51.566,0.001982
12:59:51.567,1.590189,12:59:51.567,37.418024,12:59:51.567,0.00264
12:59:51.568,1.573305,12:59:51.568,37.451792,12:59:51.568,0.001653
12:59:51.569,1.590189,12:59:51.569,37.502444,12:59:51.569,0.002311
12:59:51.570,1.573305,12:59:51.570,37.48556,12:59:51.570,0.003626
12:59:51.571,1.590189,12:59:51.571,37.451792,12:59:51.571,0.002311
12:59:51.572,1.708377,12:59:51.572,37.367373,12:59:51.572,0.002969
12:59:51.573,1.657725,12:59:51.573,37.468676,12:59:51.573,0.002969
12:59:51.574,1.691493,12:59:51.574,37.367373,12:59:51.574,0.003297
12:59:51.575,1.725261,12:59:51.575,37.418024,12:59:51.575,0.002969
12:59:51.576,1.708377,12:59:51.576,37.350489,12:59:51.576,0.002311
12:59:51.577,1.640841,12:59:51.577,37.418024,12:59:51.577,0.00264
12:59:51.578,1.708377,12:59:51.578,37.249185,12:59:51.578,0.00264
12:59:51.579,1.691493,12:59:51.579,37.282953,12:59:51.579,0.00264
12:59:51.580,1.657725,12:59:51.580,37.316721,12:59:51.580,0.003297
12:59:51.581,1.640841,12:59:51.581,37.282953,12:59:51.581,0.002969
12:59:51.582,1.640841,12:59:51.582,37.232301,12:59:51.582,0.003955
12:59:51.583,1.607073,12:59:51.583,37.198533,12:59:51.583,0.003297
12:59:51.584,1.607073,12:59:51.584,37.215417,12:59:51.584,0.001653
12:59:51.585,1.522653,12:59:51.585,37.333605,12:59:51.585,0.003955
12:59:51.586,1.522653,12:59:51.586,37.232301,12:59:51.586,0.001325
12:59:51.587,1.607073,12:59:51.587,37.215417,12:59:51.587,0.004612
12:59:51.588,1.590189,12:59:51.588,37.181649,12:59:51.588,0.002969
12:59:51.589,1.539537,12:59:51.589,37.282953,12:59:51.589,0.002969
12:59:51.590,1.607073,12:59:51.590,37.316721,12:59:51.590,0.001653
12:59:51.591,1.607073,12:59:51.591,37.181649,12:59:51.591,0.003626
12:59:51.592,1.539537,12:59:51.592,37.164765,12:59:51.592,0.002311
12:59:51.593,1.556421,12:59:51.593,37.282953,12:59:51.593,0.00264
12:59:51.594,1.505769,12:59:51.594,37.198533,12:59:51.594,0.002311
12:59:51.595,1.556421,12:59:51.595,37.164765,12:59:51.595,0.003297
12:59:51.596,1.505769,12:59:51.596,37.164765,12:59:51.596,0.00264
12:59:51.597,1.505769,12:59:51.597,37.232301,12:59:51.597,0.00264
12:59:51.598,1.522653,12:59:51.598,37.130997,12:59:51.598,0.002969
12:59:51.599,1.539537,12:59:51.599,37.164765,12:59:51.599,0.002969
12:59:51.600,1.573305,12:59:51.600,37.029693,12:59:51.600,0.002311
12:59:51.601,1.505769,12:59:51.601,37.080345,12:59:51.601,0.002969
12:59:51.602,1.488885,12:59:51.602,37.029693,12:59:51.602,0.00264
12:59:51.603,1.505769,12:59:51.603,36.995925,12:59:51.603,0.001982
12:59:51.604,1.573305,12:59:51.604,36.979041,12:59:51.604,0.001325
12:59:51.605,1.472001,12:59:51.605,37.097229,12:59:51.605,0.00264
12:59:51.606,1.505769,12:59:51.606,37.097229,12:59:51.606,0.002969
12:59:51.607,1.590189,12:59:51.607,36.911505,12:59:51.607,0.002969
12:59:51.608,1.590189,12:59:51.608,36.962157,12:59:51.608,0.003955
12:59:51.609,1.623957,12:59:51.609,37.080345,12:59:51.609,0.002969
12:59:51.610,1.590189,12:59:51.610,37.097229,12:59:51.610,0.002311
12:59:51.611,1.556421,12:59:51.611,36.995925,12:59:51.611,0.003626
12:59:51.612,1.674609,12:59:51.612,36.911505,12:59:51.612,0.002311
12:59:51.613,1.590189,12:59:51.613,37.114113,12:59:51.613,0.004284
12:59:51.614,1.640841,12:59:51.614,37.029693,12:59:51.614,0.003297
12:59:51.615,1.640841,12:59:51.615,36.962157,12:59:51.615,0.001982
12:59:51.616,1.640841,12:59:51.616,36.911505,12:59:51.616,0.001325
12:59:51.617,1.556421,12:59:51.617,36.979041,12:59:51.617,0.002311
12:59:51.618,1.539537,12:59:51.618,36.911505,12:59:51.618,0.003955
12:59:51.619,1.505769,12:59:51.619,36.928389,12:59:51.619,0.002311
12:59:51.620,1.522653,12:59:51.620,36.793317,12:59:51.620,0.001653
12:59:51.621,1.438233,12:59:51.621,36.810201,12:59:51.621,0.003955
12:59:51.622,1.488885,12:59:51.622,36.860853,12:59:51.622,0.003626
12:59:51.623,1.522653,12:59:51.623,36.607593,12:59:51.623,0.002311
12:59:51.624,1.539537,12:59:51.624,36.692013,12:59:51.624,0.002969
12:59:51.625,1.472001,12:59:51.625,36.793317,12:59:51.625,0.001653
12:59:51.626,1.455117,12:59:51.626,36.860853,12:59:51.626,0.001982
12:59:51.627,1.404465,12:59:51.627,36.675129,12:59:51.627,0.001982
12:59:51.628,1.421349,12:59:51.628,36.708897,12:59:51.628,0.000996
12:59:51.629,1.455117,12:59:51.629,36.742665,12:59:51.629,0.002311
12:59:51.630,1.421349,12:59:51.630,36.843969,12:59:51.630,0.001982
12:59:51.631,1.505769,12:59:51.631,36.607593,12:59:51.631,0.002969
12:59:51.632,1.505769,12:59:51.632,36.607593,12:59:51.632,0.003955
12:59:51.633,1.455117,12:59:51.633,36.675129,12:59:51.633,0.001982
12:59:51.634,1.421349,12:59:51.634,36.827085,12:59:51.634,0.002311
12:59:51.635,1.556421,12:59:51.635,36.573825,12:59:51.635,0.004284
12:59:51.636,1.455117,12:59:51.636,36.607593,12:59:51.636,0.001982
12:59:51.637,1.421349,12:59:51.637,36.692013,12:59:51.637,0.00264
12:59:51.638,1.455117,12:59:51.638,36.742665,12:59:51.638,0.002311
12:59:51.639,1.505769,12:59:51.639,36.540057,12:59:51.639,0.004941
12:59:51.640,1.438233,12:59:51.640,36.540057,12:59:51.640,0.003297
12:59:51.641,1.455117,12:59:51.641,36.556941,12:59:51.641,0.003297
12:59:51.642,1.404465,12:59:51.642,36.607593,12:59:51.642,0.002969
12:59:51.643,1.505769,12:59:51.643,36.506289,12:59:51.643,0.001982
12:59:51.644,1.488885,12:59:51.644,36.455637,12:59:51.644,0.004941
12:59:51.645,1.387581,12:59:51.645,36.624477,12:59:51.645,0.003297
12:59:51.646,1.404465,12:59:51.646,36.641361,12:59:51.646,0.002311
12:59:51.647,1.472001,12:59:51.647,36.421869,12:59:51.647,0.001653
12:59:51.648,1.472001,12:59:51.648,36.455637,12:59:51.648,0.001653
12:59:51.649,1.472001,12:59:51.649,36.472521,12:59:51.649,0.00264
12:59:51.650,1.438233,12:59:51.650,36.692013,12:59:51.650,0.004612
12:59:51.651,1.472001,12:59:51.651,36.438753,12:59:51.651,0.002969
12:59:51.652,1.573305,12:59:51.652,36.506289,12:59:51.652,0.003626
12:59:51.653,1.488885,12:59:51.653,36.607593,12:59:51.653,0.003626
12:59:51.654,1.370697,12:59:51.654,36.624477,12:59:51.654,0.003297
12:59:51.655,1.488885,12:59:51.655,36.455637,12:59:51.655,0.003297
12:59:51.656,1.488885,12:59:51.656,36.404985,12:59:51.656,0.001653
12:59:51.657,1.455117,12:59:51.657,36.523173,12:59:51.657,0.003626
12:59:51.658,1.421349,12:59:51.658,36.624477,12:59:51.658,0.001982
12:59:51.659,1.472001,12:59:51.659,36.404985,12:59:51.659,0.00264
12:59:51.660,1.421349,12:59:51.660,36.354333,12:59:51.660,0.003626
12:59:51.661,1.387581,12:59:51.661,36.455637,12:59:51.661,0.001982
12:59:51.662,1.336929,12:59:51.662,36.556941,12:59:51.662,0.003955
12:59:51.663,1.336929,12:59:51.663,36.371217,12:59:51.663,0.002969
12:59:51.664,1.387581,12:59:51.664,36.404985,12:59:51.664,0.002969
12:59:51.665,1.404465,12:59:51.665,36.388101,12:59:51.665,0.003297
12:59:51.666,1.353813,12:59:51.666,36.421869,12:59:51.666,0.001653
12:59:51.667,1.421349,12:59:51.667,36.404985,12:59:51.667,0.003626
12:59:51.668,1.421349,12:59:51.668,36.354333,12:59:51.668,0.002311
12:59:51.669,1.455117,12:59:51.669,36.388101,12:59:51.669,0.00264
12:59:51.670,1.472001,12:59:51.670,36.472521,12:59:51.670,0.001325
12:59:51.671,1.472001,12:59:51.671,36.472521,12:59:51.671,0.002311
12:59:51.672,1.472001,12:59:51.672,36.253029,12:59:51.672,0.003626
12:59:51.673,1.573305,12:59:51.673,36.354333,12:59:51.673,0.003626
12:59:51.674,1.472001,12:59:51.674,36.506289,12:59:51.674,0.002969
12:59:51.675,1.573305,12:59:51.675,36.404985,12:59:51.675,0.003297
12:59:51.676,1.505769,12:59:51.676,36.337449,12:59:51.676,0.003626
12:59:51.677,1.505769,12:59:51.677,36.388101,12:59:51.677,0.003297
12:59:51.678,1.472001,12:59:51.678,36.388101,12:59:51.678,0.002311
12:59:51.679,1.505769,12:59:51.679,36.303681,12:59:51.679,0.001982
12:59:51.680,1.472001,12:59:51.680,36.354333,12:59:51.680,0.00264
12:59:51.681,1.438233,12:59:51.681,36.253029,12:59:51.681,0.002969
12:59:51.682,1.472001,12:59:51.682,36.303681,12:59:51.682,0.002311
12:59:51.683,1.455117,12:59:51.683,36.320565,12:59:51.683,0.004284
12:59:51.684,1.438233,12:59:51.684,36.219261,12:59:51.684,0.001325
12:59:51.685,1.488885,12:59:51.685,36.202377,12:59:51.685,0.003955
12:59:51.686,1.421349,12:59:51.686,36.219261,12:59:51.686,0.003297
12:59:51.687,1.472001,12:59:51.687,36.151725,12:59:51.687,0.001982
12:59:51.688,1.505769,12:59:51.688,36.168609,12:59:51.688,0.003626
12:59:51.689,1.556421,12:59:51.689,36.117957,12:59:51.689,0.001982
12:59:51.690,1.455117,12:59:51.690,36.269913,12:59:51.690,0.004612
12:59:51.691,1.539537,12:59:51.691,36.219261,12:59:51.691,0.002969
12:59:51.692,1.556421,12:59:51.692,36.151725,12:59:51.692,0.002311
12:59:51.693,1.556421,12:59:51.693,36.084189,12:59:51.693,0.001982
12:59:51.694,1.505769,12:59:51.694,36.151725,12:59:51.694,0.000996
12:59:51.695,1.539537,12:59:51.695,36.117957,12:59:51.695,0.003626
12:59:51.696,1.607073,12:59:51.696,36.151725,12:59:51.696,0.002311
12:59:51.697,1.590189,12:59:51.697,36.117957,12:59:51.697,0.001653
12:59:51.698,1.472001,12:59:51.698,36.134841,12:59:51.698,0.003297
12:59:51.699,1.556421,12:59:51.699,36.067305,12:59:51.699,0.003955
12:59:51.700,1.573305,12:59:51.700,36.067305,12:59:51.700,0.002969
12:59:51.701,1.556421,12:59:51.701,35.966001,12:59:51.701,0.003297
12:59:51.702,1.522653,12:59:51.702,36.101073,12:59:51.702,0.001653
12:59:51.703,1.573305,12:59:51.703,35.999769,12:59:51.703,0.002311
12:59:51.704,1.590189,12:59:51.704,35.949117,12:59:51.704,0.003297
12:59:51.705,1.539537,12:59:51.705,35.949117,12:59:51.705,0.000338
12:59:51.706,1.488885,12:59:51.706,36.050421,12:59:51.706,0.002969
12:59:51.707,1.539537,12:59:51.707,35.982885,12:59:51.707,0.002311
12:59:51.708,1.623957,12:59:51.708,35.999769,12:59:51.708,0.002311
12:59:51.709,1.623957,12:59:51.709,35.949117,12:59:51.709,0.003626
12:59:51.710,1.573305,12:59:51.710,36.050421,12:59:51.710,0.00264
12:59:51.711,1.623957,12:59:51.711,35.949117,12:59:51.711,0.004612
12:59:51.712,1.623957,12:59:51.712,35.982885,12:59:51.712,0.002311
12:59:51.713,1.640841,12:59:51.713,35.949117,12:59:51.713,0.002969
12:59:51.714,1.590189,12:59:51.714,35.966001,12:59:51.714,0.002311
12:59:51.715,1.607073,12:59:51.715,35.982885,12:59:51.715,0.003626
12:59:51.716,1.657725,12:59:51.716,35.881581,12:59:51.716,0.003955
12:59:51.717,1.640841,12:59:51.717,35.915349,12:59:51.717,0.00264
12:59:51.718,1.623957,12:59:51.718,35.915349,12:59:51.718,0.001982
12:59:51.719,1.623957,12:59:51.719,35.881581,12:59:51.719,0.001982
12:59:51.720,1.607073,12:59:51.720,35.864697,12:59:51.720,0.001982
12:59:51.721,1.607073,12:59:51.721,35.847813,12:59:51.721,0.003297
12:59:51.722,1.573305,12:59:51.722,35.999769,12:59:51.722,0.00264
12:59:51.723,1.556421,12:59:51.723,35.814045,12:59:51.723,0.003297
12:59:51.724,1.590189,12:59:51.724,35.814045,12:59:51.724,0.002311
12:59:51.725,1.623957,12:59:51.725,35.797161,12:59:51.725,0.00264
12:59:51.726,1.505769,12:59:51.726,35.915349,12:59:51.726,0.001653
12:59:51.727,1.657725,12:59:51.727,35.881581,12:59:51.727,0.004284
12:59:51.728,1.657725,12:59:51.728,35.847813,12:59:51.728,0.001982
12:59:51.729,1.657725,12:59:51.729,35.830929,12:59:51.729,0.002969
12:59:51.730,1.640841,12:59:51.730,35.898465,12:59:51.730,0.00264
12:59:51.731,1.674609,12:59:51.731,35.898465,12:59:51.731,0.00264
12:59:51.732,1.657725,12:59:51.732,35.763393,12:59:51.732,0.002969
12:59:51.733,1.809681,12:59:51.733,35.814045,12:59:51.733,0.001653
12:59:51.734,1.674609,12:59:51.734,35.830929,12:59:51.734,0.002311
12:59:51.735,1.674609,12:59:51.735,35.847813,12:59:51.735,0.002969
12:59:51.736,1.674609,12:59:51.736,35.729625,12:59:51.736,0.002969
12:59:51.737,1.674609,12:59:51.737,35.763393,12:59:51.737,0.00264
12:59:51.738,1.607073,12:59:51.738,35.814045,12:59:51.738,0.004612
12:59:51.739,1.674609,12:59:51.739,35.830929,12:59:51.739,0.001982
12:59:51.740,1.657725,12:59:51.740,35.645205,12:59:51.740,0.001982
12:59:51.741,1.640841,12:59:51.741,35.662089,12:59:51.741,0.003297
12:59:51.742,1.623957,12:59:51.742,35.678973,12:59:51.742,0.003297
12:59:51.743,1.607073,12:59:51.743,35.678973,12:59:51.743,0.00264
12:59:51.744,1.657725,12:59:51.744,35.645205,12:59:51.744,0.00264
12:59:51.745,1.573305,12:59:51.745,35.662089,12:59:51.745,0.002969
12:59:51.746,1.623957,12:59:51.746,35.729625,12:59:51.746,0.003955
12:59:51.747,1.607073,12:59:51.747,35.695857,12:59:51.747,0.004284
12:59:51.748,1.657725,12:59:51.748,35.645205,12:59:51.748,0.903548
12:59:51.749,1.640841,12:59:51.749,35.577669,12:59:51.749,4.97111
12:59:51.750,1.691493,12:59:51.750,35.695857,12:59:51.750,5.795076
12:59:51.751,1.623957,12:59:51.751,35.645205,12:59:51.751,5.811516
12:59:51.752,1.623957,12:59:51.752,35.510133,12:59:51.752,5.824668
12:59:51.753,1.725261,12:59:51.753,35.560785,12:59:51.753,5.837162
12:59:51.754,1.674609,12:59:51.754,35.678973,12:59:51.754,5.849656
12:59:51.755,1.623957,12:59:51.755,35.662089,12:59:51.755,5.856232
12:59:51.756,1.640841,12:59:51.756,35.594553,12:59:51.756,5.866096
12:59:51.757,1.590189,12:59:51.757,35.527017,12:59:51.757,5.87333
12:59:51.758,1.573305,12:59:51.758,35.577669,12:59:51.758,5.886481
12:59:51.759,1.657725,12:59:51.759,35.510133,12:59:51.759,5.855903
12:59:51.760,1.860333,12:59:51.760,35.510133,12:59:51.760,5.822037
12:59:51.761,1.978521,12:59:51.761,35.510133,12:59:51.761,5.830586
12:59:51.762,2.299317,12:59:51.762,35.510133,12:59:51.762,5.849656
12:59:51.763,2.873372,12:59:51.763,35.628321,12:59:51.763,5.932513
12:59:51.764,4.055252,12:59:51.764,35.594553,12:59:51.764,5.942377
12:59:51.765,6.317708,12:59:51.765,35.510133,12:59:51.765,5.934486
12:59:51.766,9.272407,12:59:51.766,35.611437,12:59:51.766,5.940733
12:59:51.767,12.15957,12:59:51.767,35.577669,12:59:51.767,5.945994
12:59:51.768,14.979197,12:59:51.768,35.425713,12:59:51.768,5.920676
12:59:51.769,18.693676,12:59:51.769,35.408829,12:59:51.769,5.864452
12:59:51.770,22.914674,12:59:51.770,35.527017,12:59:51.770,5.866425
12:59:51.771,27.338281,12:59:51.771,35.510133,12:59:51.771,5.874974
12:59:51.772,32.487899,12:59:51.772,35.408829,12:59:51.772,5.871028
12:59:51.773,38.75186,12:59:51.773,35.341293,12:59:51.773,5.887797
12:59:51.774,45.809368,12:59:51.774,35.408829,12:59:51.774,5.926595
12:59:51.775,53.238324,12:59:51.775,35.375061,12:59:51.775,5.923635
12:59:51.776,60.599743,12:59:51.776,35.256873,12:59:51.776,5.920676
12:59:51.777,67.809206,12:59:51.777,35.256873,12:59:51.777,5.913772
12:59:51.778,74.697873,12:59:51.778,35.256873,12:59:51.778,5.913114
12:59:51.779,80.961832,12:59:51.779,35.307525,12:59:51.779,5.907524
12:59:51.780,86.027027,12:59:51.780,35.273757,12:59:51.780,5.853273
12:59:51.781,89.2181,12:59:51.781,35.341293,12:59:51.781,5.81842
12:59:51.782,88.002453,12:59:51.782,35.425713,12:59:51.782,5.825325
12:59:51.783,82.582694,12:59:51.783,35.628321,12:59:51.783,5.837491
12:59:51.784,75.103089,12:59:51.784,35.577669,12:59:51.784,5.91147
12:59:51.785,67.370223,12:59:51.785,35.645205,12:59:51.785,5.930211
12:59:51.786,62.82843,12:59:51.786,35.746509,12:59:51.786,5.913114
12:59:51.787,58.286637,12:59:51.787,35.881581,12:59:51.787,5.906209
12:59:51.788,49.929062,12:59:51.788,35.645205,12:59:51.788,5.899962
12:59:51.789,41.453299,12:59:51.789,35.662089,12:59:51.789,5.898318
12:59:51.790,35.527017,12:59:51.790,35.476365,12:59:51.790,5.838477
12:59:51.791,32.217755,12:59:51.791,35.729625,12:59:51.791,5.830257
12:59:51.792,30.917687,12:59:51.792,35.543901,12:59:51.792,5.830915
12:59:51.793,30.782615,12:59:51.793,35.662089,12:59:51.793,5.86215
12:59:51.794,32.183987,12:59:51.794,35.611437,12:59:51.794,5.907524
12:59:51.795,35.104918,12:59:51.795,35.628321,12:59:51.795,5.903908
12:59:51.796,39.680479,12:59:51.796,35.510133,12:59:51.796,5.895688
12:59:51.797,45.252197,12:59:51.797,35.611437,12:59:51.797,5.888454
12:59:51.798,50.756378,12:59:51.798,35.712741,12:59:51.798,5.879577
12:59:51.799,54.892955,12:59:51.799,35.949117,12:59:51.799,5.880234
12:59:51.800,57.932073,12:59:51.800,35.949117,12:59:51.800,5.881878
12:59:51.801,60.785467,12:59:51.801,36.050421,12:59:51.801,5.881878
12:59:51.802,62.82843,12:59:51.802,36.286797,12:59:51.802,5.877604
12:59:51.803,64.044077,12:59:51.803,36.472521,12:59:51.803,5.82138
12:59:51.804,65.310376,12:59:51.804,36.371217,12:59:51.804,5.810201
12:59:51.805,66.998775,12:59:51.805,36.472521,12:59:51.805,5.820722
12:59:51.806,67.978046,12:59:51.806,36.573825,12:59:51.806,5.845711
12:59:51.807,67.944278,12:59:51.807,36.692013,12:59:51.807,5.851958
12:59:51.808,66.897471,12:59:51.808,36.624477,12:59:51.808,5.912456
12:59:51.809,65.107768,12:59:51.809,36.472521,12:59:51.809,5.921991
12:59:51.810,62.15307,12:59:51.810,36.438753,12:59:51.810,5.910155
12:59:51.811,58.438593,12:59:51.811,36.556941,12:59:51.811,5.876289
12:59:51.812,54.285131,12:59:51.812,36.455637,12:59:51.812,5.874974
12:59:51.813,50.89145,12:59:51.813,36.708897,12:59:51.813,5.854917
12:59:51.814,48.865371,12:59:51.814,37.147881,12:59:51.814,5.847683
12:59:51.815,47.801679,12:59:51.815,37.468676,12:59:51.815,5.853931
12:59:51.816,47.12632,12:59:51.816,37.671284,12:59:51.816,5.842094
12:59:51.817,47.717259,12:59:51.817,37.90766,12:59:51.817,5.784883
12:59:51.818,49.118631,12:59:51.818,38.312876,12:59:51.818,5.771402
12:59:51.819,51.381085,12:59:51.819,38.599904,12:59:51.819,5.770087
12:59:51.820,53.761728,12:59:51.820,38.481716,12:59:51.820,5.764169
12:59:51.821,56.598238,12:59:51.821,38.650556,12:59:51.821,5.775677
12:59:51.822,59.434748,12:59:51.822,38.616788,12:59:51.822,5.787514
12:59:51.823,62.220606,12:59:51.823,38.768744,12:59:51.823,5.819078
12:59:51.824,63.976541,12:59:51.824,38.566136,12:59:51.824,5.867082
12:59:51.825,64.466177,12:59:51.825,38.650556,12:59:51.825,5.880563
12:59:51.826,64.162265,12:59:51.826,38.785628,12:59:51.826,5.872672
12:59:51.827,63.41937,12:59:51.827,39.00512,12:59:51.827,5.864123
12:59:51.828,61.511479,12:59:51.828,39.207728,12:59:51.828,5.864452
12:59:51.829,59.417864,12:59:51.829,39.545407,12:59:51.829,5.869713
12:59:51.830,57.526857,12:59:51.830,40.051927,12:59:51.830,5.871686
12:59:51.831,56.176138,12:59:51.831,40.997431,12:59:51.831,5.872343
12:59:51.832,54.943607,12:59:51.832,42.196194,12:59:51.832,5.865438
12:59:51.833,54.183828,12:59:51.833,43.715753,12:59:51.833,5.861822
12:59:51.834,53.829264,12:59:51.834,44.965169,12:59:51.834,5.797049
12:59:51.835,54.521507,12:59:51.835,46.011976,12:59:51.835,5.789815
12:59:51.836,55.298171,12:59:51.836,45.94444,12:59:51.836,5.799679
12:59:51.837,55.331939,12:59:51.837,45.792484,12:59:51.837,5.809543
12:59:51.838,55.298171,12:59:51.838,45.556108,12:59:51.838,5.824668
12:59:51.839,54.757883,12:59:51.839,45.454805,12:59:51.839,5.897332
12:59:51.840,53.64354,12:59:51.840,44.728793,12:59:51.840,5.894701
12:59:51.841,52.275937,12:59:51.841,44.053433,12:59:51.841,5.883851
12:59:51.842,50.486234,12:59:51.842,43.378074,12:59:51.842,5.881549
12:59:51.843,48.764067,12:59:51.843,42.905322,12:59:51.843,5.887797
12:59:51.844,47.582187,12:59:51.844,42.128658,12:59:51.844,0.946621
12:59:51.845,46.70422,12:59:51.845,41.858514,12:59:51.845,0.633276
12:59:51.846,46.349656,12:59:51.846,42.09489,12:59:51.846,0.333082
12:59:51.847,46.265236,12:59:51.847,42.85467,12:59:51.847,0.07103
12:59:51.848,46.383424,12:59:51.848,43.698869,12:59:51.848,-0.083177
12:59:51.849,47.075668,12:59:51.849,44.559953,12:59:51.849,-0.132168
12:59:51.850,48.308199,12:59:51.850,45.52234,12:59:51.850,-0.143676
12:59:51.851,49.827758,12:59:51.851,46.231468,12:59:51.851,-0.144662
12:59:51.852,51.110941,12:59:51.852,46.484728,12:59:51.852,-0.135456
12:59:51.853,52.090213,12:59:51.853,46.315888,12:59:51.853,-0.125263
12:59:51.854,53.424048,12:59:51.854,46.011976,12:59:51.854,-0.112769
12:59:51.855,54.707231,12:59:51.855,45.927556,12:59:51.855,-0.101261
12:59:51.856,54.386435,12:59:51.856,46.147048,12:59:51.856,-0.087451
12:59:51.857,52.140865,12:59:51.857,46.383424,12:59:51.857,-0.067066
12:59:51.858,48.122475,12:59:51.858,46.586032,12:59:51.858,-0.047009
12:59:51.859,43.259886,12:59:51.859,46.940596,12:59:51.859,-0.032542
12:59:51.860,36.236145,12:59:51.860,46.670452,12:59:51.860,-0.017417
12:59:51.861,28.94226,12:59:51.861,46.653568,12:59:51.861,-0.008211
12:59:51.862,23.134166,12:59:51.862,46.78864,12:59:51.862,0.002969
12:59:51.863,19.166428,12:59:51.863,47.582187,12:59:51.863,0.001325
12:59:51.864,16.988392,12:59:51.864,48.325083,12:59:51.864,0.001653
12:59:51.865,16.346801,12:59:51.865,49.067979,12:59:51.865,0.000009
12:59:51.866,17.815708,12:59:51.866,49.506962,12:59:51.866,-0.001306
12:59:51.867,20.348307,12:59:51.867,49.557614,12:59:51.867,-0.000319
12:59:51.868,23.06663,12:59:51.868,49.28747,12:59:51.868,-0.000648
12:59:51.869,25.464157,12:59:51.869,48.764067,12:59:51.869,-0.001963
12:59:51.870,27.760381,12:59:51.870,48.443271,12:59:51.870,-0.004923
12:59:51.871,29.296824,12:59:51.871,48.409503,12:59:51.871,0.000009
12:59:51.872,30.850151,12:59:51.872,48.341967,12:59:51.872,-0.002621
12:59:51.873,32.217755,12:59:51.873,48.274431,12:59:51.873,-0.00295
12:59:51.874,33.112606,12:59:51.874,48.358851,12:59:51.874,-0.001635
12:59:51.875,33.061954,12:59:51.875,48.713415,12:59:51.875,-0.004265
12:59:51.876,31.626815,12:59:51.876,48.916023,12:59:51.876,-0.003936
12:59:51.877,29.735808,12:59:51.877,48.696531,12:59:51.877,-0.004594
12:59:51.878,26.966833,12:59:51.878,48.561459,12:59:51.878,-0.005251
12:59:51.879,23.640686,12:59:51.879,48.510807,12:59:51.879,-0.004594
12:59:51.880,20.078163,12:59:51.880,48.679647,12:59:51.880,-0.003607
12:59:51.881,17.207884,12:59:51.881,48.679647,12:59:51.881,-0.00295
12:59:51.882,14.928545,12:59:51.882,48.949791,12:59:51.882,-0.00295
12:59:51.883,13.42587,12:59:51.883,48.983559,12:59:51.883,-0.00295
12:59:51.884,12.885582,12:59:51.884,48.865371,12:59:51.884,0.000009
12:59:51.885,12.716742,12:59:51.885,48.341967,12:59:51.885,-0.001963
12:59:51.886,12.91935,12:59:51.886,47.801679,12:59:51.886,0.000338
12:59:51.887,13.392102,12:59:51.887,47.548419,12:59:51.887,0.000667
12:59:51.888,13.983041,12:59:51.888,47.447115,12:59:51.888,0.000009
12:59:51.889,14.709053,12:59:51.889,47.531535,12:59:51.889,0.000667
12:59:51.890,15.502601,12:59:51.890,48.021171,12:59:51.890,0.003297
12:59:51.891,16.177961,12:59:51.891,48.747183,12:59:51.891,0.001325
12:59:51.892,16.85332,12:59:51.892,49.304354,12:59:51.892,0.000996
12:59:51.893,17.309188,12:59:51.893,49.574498,12:59:51.893,0.000996
12:59:51.894,17.478028,12:59:51.894,49.675802,12:59:51.894,0.001653
12:59:51.895,17.596216,12:59:51.895,49.844642,12:59:51.895,0.001325
12:59:51.896,17.511796,12:59:51.896,49.810874,12:59:51.896,0.000996
12:59:51.897,17.140348,12:59:51.897,49.692686,12:59:51.897,0.002311
12:59:51.898,16.870204,12:59:51.898,49.574498,12:59:51.898,0.00264
12:59:51.899,16.667597,12:59:51.899,49.304354,12:59:51.899,0.001982
12:59:51.900,16.161077,12:59:51.900,48.780951,12:59:51.900,0.001325
12:59:51.901,14.675285,12:59:51.901,47.886099,12:59:51.901,0.001653
12:59:51.902,10.656894,12:59:51.902,46.87306,12:59:51.902,0.001325
12:59:51.903,5.152712,12:59:51.903,46.332772,12:59:51.903,0.001325
12:59:51.904,0.610917,12:59:51.904,45.809368,12:59:51.904,0.001653
12:59:51.905,-2.681462,12:59:51.905,45.69118,12:59:51.905,0.001325
12:59:51.906,-3.339938,12:59:51.906,45.876904,12:59:51.906,0.001653
12:59:51.907,-3.424358,12:59:51.907,46.434076,12:59:51.907,0.001653
12:59:51.908,-3.441242,12:59:51.908,47.160088,12:59:51.908,0.001653
12:59:51.909,-3.407474,12:59:51.909,47.852331,12:59:51.909,0.000667
12:59:51.910,-3.441242,12:59:51.910,48.460155,12:59:51.910,0.000667
12:59:51.911,-3.407474,12:59:51.911,49.152398,12:59:51.911,0.000996
12:59:51.912,-3.424358,12:59:51.912,49.70957,12:59:51.912,0.001982
12:59:51.913,-3.424358,12:59:51.913,50.030366,12:59:51.913,0.000996
12:59:51.914,-3.407474,12:59:51.914,50.182322,12:59:51.914,0.00264
12:59:51.915,-3.407474,12:59:51.915,50.165438,12:59:51.915,0.001653
12:59:51.916,-3.407474,12:59:51.916,49.96283,12:59:51.916,0.002311
12:59:51.917,-3.39059,12:59:51.917,49.405658,12:59:51.917,0.00264
12:59:51.918,-3.39059,12:59:51.918,48.595227,12:59:51.918,0.002969
12:59:51.919,-3.120446,12:59:51.919,47.801679,12:59:51.919,0.002969
12:59:51.920,-1.61777,12:59:51.920,46.991248,12:59:51.920,0.001325
12:59:51.921,1.573305,12:59:51.921,46.079512,12:59:51.921,0.001982
12:59:51.922,5.304668,12:59:51.922,45.572992,12:59:51.922,0.001325
12:59:51.923,8.900959,12:59:51.923,45.387269,12:59:51.923,0.001982
12:59:51.924,12.092034,12:59:51.924,45.370385,12:59:51.924,0.001653
12:59:51.925,15.299993,12:59:51.925,45.505456,12:59:51.925,0.003626
12:59:51.926,18.254692,12:59:51.926,45.927556,12:59:51.926,0.004284
12:59:51.927,20.584683,12:59:51.927,46.586032,12:59:51.927,0.002311
12:59:51.928,22.340619,12:59:51.928,47.12632,12:59:51.928,0.003297
12:59:51.929,23.252354,12:59:51.929,47.413347,12:59:51.929,0.00264
12:59:51.930,23.640686,12:59:51.930,47.734143,12:59:51.930,0.001982
12:59:51.931,23.421194,12:59:51.931,48.004287,12:59:51.931,0.002311
12:59:51.932,22.593879,12:59:51.932,48.071823,12:59:51.932,0.002969
12:59:51.933,21.057435,12:59:51.933,47.869215,12:59:51.933,0.001325
12:59:51.934,19.250848,12:59:51.934,47.565303,12:59:51.934,0.001653
12:59:51.935,16.988392,12:59:51.935,47.312044,12:59:51.935,0.001653
12:59:51.936,14.709053,12:59:51.936,46.805524,12:59:51.936,0.001325
12:59:51.937,12.108918,12:59:51.937,46.248352,12:59:51.937,0.001653
12:59:51.938,8.985379,12:59:51.938,45.657412,12:59:51.938,0.000667
12:59:51.939,5.980028,12:59:51.939,45.285965,12:59:51.939,0.00264
12:59:51.940,2.957792,12:59:51.940,44.982053,12:59:51.940,0.002311
12:59:51.941,0.222585,12:59:51.941,44.914517,12:59:51.941,0.000996
12:59:51.942,-1.87103,12:59:51.942,44.931401,12:59:51.942,0.002969
12:59:51.943,-2.951606,12:59:51.943,45.100241,12:59:51.943,0.002969
12:59:51.944,-3.255518,12:59:51.944,45.269081,12:59:51.944,0.001982
12:59:51.945,-3.356822,12:59:51.945,45.404153,12:59:51.945,0.002311
12:59:51.946,-3.356822,12:59:51.946,45.589876,12:59:51.946,0.00264
12:59:51.947,-3.356822,12:59:51.947,45.741832,12:59:51.947,0.002969
12:59:51.948,-3.373706,12:59:51.948,45.876904,12:59:51.948,0.002969
12:59:51.949,-3.356822,12:59:51.949,45.843136,12:59:51.949,0.002311
12:59:51.950,-3.356822,12:59:51.950,45.7756,12:59:51.950,0.002311
12:59:51.951,-3.289286,12:59:51.951,45.52234,12:59:51.951,0.00264
12:59:51.952,-3.13733,12:59:51.952,45.370385,12:59:51.952,0.002969
12:59:51.953,-2.664578,12:59:51.953,45.015821,12:59:51.953,0.00264
12:59:51.954,-1.600886,12:59:51.954,44.728793,12:59:51.954,0.00264
12:59:51.955,-0.047559,12:59:51.955,44.492417,12:59:51.955,0.001653
12:59:51.956,1.590189,12:59:51.956,44.323577,12:59:51.956,0.001982
12:59:51.957,3.430544,12:59:51.957,44.154737,12:59:51.957,0.002969
12:59:51.958,5.152712,12:59:51.958,44.137853,12:59:51.958,0.001653
12:59:51.959,6.976183,12:59:51.959,44.120969,12:59:51.959,0.003955
12:59:51.960,8.411323,12:59:51.960,44.391113,12:59:51.960,0.001653
12:59:51.961,9.255523,12:59:51.961,44.272925,12:59:51.961,0.00264
12:59:51.962,10.741314,12:59:51.962,44.306693,12:59:51.962,0.002969
12:59:51.963,11.754354,12:59:51.963,44.475533,12:59:51.963,0.00264
12:59:51.964,11.838774,12:59:51.964,44.424881,12:59:51.964,0.00264
12:59:51.965,12.092034,12:59:51.965,44.256041,12:59:51.965,0.00264
12:59:51.966,11.940078,12:59:51.966,44.239157,12:59:51.966,0.001653
12:59:51.967,11.48421,12:59:51.967,44.053433,12:59:51.967,0.003626
12:59:51.968,10.943922,12:59:51.968,43.952129,12:59:51.968,0.001653
12:59:51.969,9.829579,12:59:51.969,43.698869,12:59:51.969,0.001982
12:59:51.970,8.360671,12:59:51.970,43.378074,12:59:51.970,0.001982
12:59:51.971,7.178791,12:59:51.971,43.327422,12:59:51.971,0.000009
12:59:51.972,5.693,12:59:51.972,43.243002,12:59:51.972,0.002311
12:59:51.973,4.528004,12:59:51.973,43.175466,12:59:51.973,0.002311
12:59:51.974,3.396776,12:59:51.974,43.175466,12:59:51.974,0.001325
12:59:51.975,2.079825,12:59:51.975,43.226118,12:59:51.975,0.002969
12:59:51.976,1.083669,12:59:51.976,43.411842,12:59:51.976,0.00264
12:59:51.977,0.340773,12:59:51.977,43.479378,12:59:51.977,0.003626
12:59:51.978,-0.604731,12:59:51.978,43.53003,12:59:51.978,0.002311
12:59:51.979,-1.246323,12:59:51.979,43.631333,12:59:51.979,0.004284
12:59:51.980,-1.584002,12:59:51.980,43.901477,12:59:51.980,0.00264
12:59:51.981,-1.685306,12:59:51.981,43.681985,12:59:51.981,0.002311
12:59:51.982,-1.634654,12:59:51.982,43.546913,12:59:51.982,0.002311
12:59:51.983,-1.651538,12:59:51.983,43.411842,12:59:51.983,0.003297
12:59:51.984,-1.719074,12:59:51.984,43.428726,12:59:51.984,0.003955
12:59:51.985,-1.550234,12:59:51.985,43.091046,12:59:51.985,0.001653
12:59:51.986,-1.094367,12:59:51.986,42.972858,12:59:51.986,0.001982
12:59:51.987,-0.638499,12:59:51.987,42.888438,12:59:51.987,0.00264
12:59:51.988,-0.013791,12:59:51.988,43.006626,12:59:51.988,0.002311
12:59:51.989,0.830409,12:59:51.989,42.820902,12:59:51.989,0.002969
12:59:51.990,1.742145,12:59:51.990,42.820902,12:59:51.990,0.002311
12:59:51.991,2.704532,12:59:51.991,42.93909,12:59:51.991,0.004284
12:59:51.992,3.49808,12:59:51.992,43.293654,12:59:51.992,0.00264
12:59:51.993,4.021484,12:59:51.993,43.259886,12:59:51.993,0.002311
12:59:51.994,4.528004,12:59:51.994,43.344306,12:59:51.994,0.00264
12:59:51.995,4.916336,12:59:51.995,43.378074,12:59:51.995,0.00264
12:59:51.996,5.10206,12:59:51.996,43.698869,12:59:51.996,0.002969
12:59:51.997,5.35532,12:59:51.997,43.563797,12:59:51.997,0.002311
12:59:51.998,5.405972,12:59:51.998,43.462494,12:59:51.998,0.003955
12:59:51.999,5.2709,12:59:51.999,43.394958,12:59:51.999,0.002311
12:59:52.000,5.152712,12:59:52.000,43.428726,12:59:52.000,0.002969
12:59:52.001,4.865684,12:59:52.001,43.293654,12:59:52.001,0.00264
12:59:52.002,4.460468,12:59:52.002,43.091046,12:59:52.002,0.002311
12:59:52.003,3.953948,12:59:52.003,42.955974,12:59:52.003,0.00264
12:59:52.004,3.464312,12:59:52.004,43.158582,12:59:52.004,0.00264
12:59:52.005,3.092864,12:59:52.005,42.989742,12:59:52.005,0.002969
12:59:52.006,2.653881,12:59:52.006,42.888438,12:59:52.006,0.003297
12:59:52.007,2.282433,12:59:52.007,42.905322,12:59:52.007,0.002969
12:59:52.008,1.826565,12:59:52.008,43.175466,12:59:52.008,0.00264
12:59:52.009,1.607073,12:59:52.009,43.158582,12:59:52.009,0.002311
12:59:52.010,1.303161,12:59:52.010,43.175466,12:59:52.010,0.002969
12:59:52.011,0.948597,12:59:52.011,43.259886,12:59:52.011,0.002311
12:59:52.012,0.695337,12:59:52.012,43.546913,12:59:52.012,0.003955
12:59:52.013,0.509613,12:59:52.013,43.513146,12:59:52.013,0.003297
12:59:52.014,0.458961,12:59:52.014,43.44561,12:59:52.014,0.001653
12:59:52.015,0.408309,12:59:52.015,43.344306,12:59:52.015,0.001653
12:59:52.016,0.458961,12:59:52.016,43.479378,12:59:52.016,0.002969
12:59:52.017,0.594033,12:59:52.017,43.27677,12:59:52.017,0.002311
12:59:52.018,0.813525,12:59:52.018,43.158582,12:59:52.018,0.00264
12:59:52.019,0.965481,12:59:52.019,43.091046,12:59:52.019,0.00264
12:59:52.020,1.201857,12:59:52.020,43.209234,12:59:52.020,0.001653
12:59:52.021,1.539537,12:59:52.021,43.074162,12:59:52.021,0.002311
12:59:52.022,1.809681,12:59:52.022,43.040394,12:59:52.022,0.001325
12:59:52.023,2.096709,12:59:52.023,43.124814,12:59:52.023,0.002969
12:59:52.024,2.333085,12:59:52.024,43.53003,12:59:52.024,0.001982
12:59:52.025,2.636997,12:59:52.025,43.513146,12:59:52.025,0.002311
12:59:52.026,2.924024,12:59:52.026,43.631333,12:59:52.026,0.003297
12:59:52.027,3.278588,12:59:52.027,43.800173,12:59:52.027,0.004612
12:59:52.028,3.481196,12:59:52.028,44.036549,12:59:52.028,0.002969
12:59:52.029,3.700688,12:59:52.029,44.171621,12:59:52.029,0.001982
12:59:52.030,3.801992,12:59:52.030,44.120969,12:59:52.030,0.002969
12:59:52.031,3.937064,12:59:52.031,44.137853,12:59:52.031,0.001325
12:59:52.032,3.987716,12:59:52.032,44.154737,12:59:52.032,0.001982
12:59:52.033,3.970832,12:59:52.033,44.087201,12:59:52.033,0.003297
12:59:52.034,3.987716,12:59:52.034,43.884593,12:59:52.034,0.003297
12:59:52.035,3.987716,12:59:52.035,43.749521,12:59:52.035,0.003626
12:59:52.036,3.869528,12:59:52.036,43.817057,12:59:52.036,0.000996
12:59:52.037,3.75134,12:59:52.037,43.648217,12:59:52.037,0.002311
12:59:52.038,3.633152,12:59:52.038,43.411842,12:59:52.038,0.002969
12:59:52.039,3.396776,12:59:52.039,43.327422,12:59:52.039,0.001982
12:59:52.040,3.126632,12:59:52.040,43.394958,12:59:52.040,0.002311
12:59:52.041,2.924024,12:59:52.041,43.428726,12:59:52.041,0.004612
12:59:52.042,2.721416,12:59:52.042,43.36119,12:59:52.042,0.002969
12:59:52.043,2.704532,12:59:52.043,43.546913,12:59:52.043,0.003626
12:59:52.044,2.366853,12:59:52.044,43.698869,12:59:52.044,0.003955
12:59:52.045,2.130477,12:59:52.045,43.884593,12:59:52.045,0.002311
12:59:52.046,2.079825,12:59:52.046,43.901477,12:59:52.046,0.002311
12:59:52.047,1.826565,12:59:52.047,43.935245,12:59:52.047,0.003297
12:59:52.048,1.725261,12:59:52.048,44.053433,12:59:52.048,0.001982
12:59:52.049,1.539537,12:59:52.049,44.104085,12:59:52.049,0.00264
12:59:52.050,1.556421,12:59:52.050,44.053433,12:59:52.050,0.001653
12:59:52.051,1.573305,12:59:52.051,44.070317,12:59:52.051,0.000667
12:59:52.052,1.573305,12:59:52.052,44.053433,12:59:52.052,0.001653
12:59:52.053,1.607073,12:59:52.053,44.019665,12:59:52.053,0.002969
12:59:52.054,1.708377,12:59:52.054,43.884593,12:59:52.054,0.002311
12:59:52.055,1.826565,12:59:52.055,43.665101,12:59:52.055,0.001325
12:59:52.056,1.877217,12:59:52.056,43.867709,12:59:52.056,0.00264
12:59:52.057,2.062941,12:59:52.057,43.749521,12:59:52.057,0.001982
12:59:52.058,2.181129,12:59:52.058,43.648217,12:59:52.058,0.00264
12:59:52.059,2.333085,12:59:52.059,43.648217,12:59:52.059,0.004284
12:59:52.060,2.569461,12:59:52.060,43.681985,12:59:52.060,0.002969
12:59:52.061,2.721416,12:59:52.061,43.783289,12:59:52.061,0.00264
12:59:52.062,2.90714,12:59:52.062,43.648217,12:59:52.062,0.00264
12:59:52.063,3.092864,12:59:52.063,43.614449,12:59:52.063,0.000996
12:59:52.064,3.177284,12:59:52.064,43.749521,12:59:52.064,0.002311
12:59:52.065,3.430544,12:59:52.065,43.783289,12:59:52.065,0.001325
12:59:52.066,3.49808,12:59:52.066,43.648217,12:59:52.066,0.002969
12:59:52.067,3.599384,12:59:52.067,43.698869,12:59:52.067,0.00264
12:59:52.068,3.818876,12:59:52.068,43.665101,12:59:52.068,0.003297
12:59:52.069,3.869528,12:59:52.069,43.681985,12:59:52.069,0.00264
12:59:52.070,3.869528,12:59:52.070,43.715753,12:59:52.070,0.00264
12:59:52.071,3.886412,12:59:52.071,43.580681,12:59:52.071,0.001325
12:59:52.072,3.869528,12:59:52.072,43.681985,12:59:52.072,0.003297
12:59:52.073,3.801992,12:59:52.073,43.698869,12:59:52.073,0.001982
12:59:52.074,3.818876,12:59:52.074,43.631333,12:59:52.074,0.002969
12:59:52.075,3.734456,12:59:52.075,43.546913,12:59:52.075,0.003626
12:59:52.076,3.599384,12:59:52.076,43.580681,12:59:52.076,0.002969
12:59:52.077,3.514964,12:59:52.077,43.648217,12:59:52.077,0.003297
12:59:52.078,3.396776,12:59:52.078,43.428726,12:59:52.078,0.002969
12:59:52.079,3.346124,12:59:52.079,43.411842,12:59:52.079,0.002969
12:59:52.080,3.194168,12:59:52.080,43.462494,12:59:52.080,0.003297
12:59:52.081,3.092864,12:59:52.081,43.44561,12:59:52.081,0.001982
12:59:52.082,3.025328,12:59:52.082,43.36119,12:59:52.082,0.00264
12:59:52.083,2.856488,12:59:52.083,43.293654,12:59:52.083,0.00264
12:59:52.084,2.7383,12:59:52.084,43.243002,12:59:52.084,0.002969
12:59:52.085,2.687649,12:59:52.085,43.209234,12:59:52.085,0.00264
12:59:52.086,2.485041,12:59:52.086,43.19235,12:59:52.086,0.002311
12:59:52.087,2.366853,12:59:52.087,43.006626,12:59:52.087,0.003955
12:59:52.088,2.265549,12:59:52.088,43.074162,12:59:52.088,0.003297
12:59:52.089,2.231781,12:59:52.089,43.074162,12:59:52.089,0.002969
12:59:52.090,2.130477,12:59:52.090,43.006626,12:59:52.090,0.00264
12:59:52.091,2.096709,12:59:52.091,42.905322,12:59:52.091,0.003297
12:59:52.092,2.062941,12:59:52.092,43.006626,12:59:52.092,0.00264
12:59:52.093,2.113593,12:59:52.093,43.158582,12:59:52.093,0.003297
12:59:52.094,2.147361,12:59:52.094,43.006626,12:59:52.094,0.003297
12:59:52.095,2.214897,12:59:52.095,42.955974,12:59:52.095,0.001982
12:59:52.096,2.265549,12:59:52.096,42.972858,12:59:52.096,0.00264
12:59:52.097,2.231781,12:59:52.097,43.074162,12:59:52.097,0.001325
12:59:52.098,2.349969,12:59:52.098,42.871554,12:59:52.098,0.00264
12:59:52.099,2.383737,12:59:52.099,42.93909,12:59:52.099,0.002969
12:59:52.100,2.552577,12:59:52.100,42.922206,12:59:52.100,0.00264
12:59:52.101,2.569461,12:59:52.101,42.989742,12:59:52.101,0.003297
12:59:52.102,2.755184,12:59:52.102,42.871554,12:59:52.102,0.003297
12:59:52.103,2.82272,12:59:52.103,42.820902,12:59:52.103,0.001653
12:59:52.104,2.856488,12:59:52.104,42.753366,12:59:52.104,0.00264
12:59:52.105,2.839604,12:59:52.105,42.787134,12:59:52.105,0.003626
12:59:52.106,2.924024,12:59:52.106,42.787134,12:59:52.106,0.003297
12:59:52.107,3.008444,12:59:52.107,42.719598,12:59:52.107,0.002969
12:59:52.108,3.109748,12:59:52.108,42.702714,12:59:52.108,0.00264
12:59:52.109,3.059096,12:59:52.109,42.719598,12:59:52.109,0.003297
12:59:52.110,3.059096,12:59:52.110,42.68583,12:59:52.110,0.002969
12:59:52.111,3.092864,12:59:52.111,42.60141,12:59:52.111,0.003297
12:59:52.112,3.059096,12:59:52.112,42.618294,12:59:52.112,0.001325
12:59:52.113,2.957792,12:59:52.113,42.736482,12:59:52.113,0.002969
12:59:52.114,2.856488,12:59:52.114,42.668946,12:59:52.114,0.003626
12:59:52.115,2.839604,12:59:52.115,42.584526,12:59:52.115,0.002311
12:59:52.116,2.755184,12:59:52.116,42.567642,12:59:52.116,0.00264
12:59:52.117,2.620113,12:59:52.117,42.719598,12:59:52.117,0.001325
12:59:52.118,2.552577,12:59:52.118,42.668946,12:59:52.118,0.001653
12:59:52.119,2.518809,12:59:52.119,42.635178,12:59:52.119,0.00264
12:59:52.120,2.485041,12:59:52.120,42.533874,12:59:52.120,0.00264
12:59:52.121,2.316201,12:59:52.121,42.584526,12:59:52.121,0.002969
12:59:52.122,2.231781,12:59:52.122,42.51699,12:59:52.122,0.002311
12:59:52.123,2.164245,12:59:52.123,42.449454,12:59:52.123,0.002969
12:59:52.124,2.079825,12:59:52.124,42.331266,12:59:52.124,0.003297
12:59:52.125,1.995405,12:59:52.125,42.381918,12:59:52.125,0.003626
12:59:52.126,1.978521,12:59:52.126,42.26373,12:59:52.126,0.002311
12:59:52.127,1.944753,12:59:52.127,42.145542,12:59:52.127,0.001653
12:59:52.128,1.860333,12:59:52.128,42.162426,12:59:52.128,0.001653
12:59:52.129,1.877217,12:59:52.129,42.128658,12:59:52.129,0.002969
12:59:52.130,1.860333,12:59:52.130,42.027354,12:59:52.130,0.003626
12:59:52.131,1.792797,12:59:52.131,41.959818,12:59:52.131,0.00264
12:59:52.132,1.877217,12:59:52.132,41.92605,12:59:52.132,0.00264
12:59:52.133,1.826565,12:59:52.133,41.993586,12:59:52.133,0.003955
12:59:52.134,1.809681,12:59:52.134,42.078006,12:59:52.134,0.002969
12:59:52.135,1.843449,12:59:52.135,42.01047,12:59:52.135,0.001982
12:59:52.136,1.843449,12:59:52.136,42.078006,12:59:52.136,0.001653
12:59:52.137,1.809681,12:59:52.137,42.297498,12:59:52.137,0.001653
12:59:52.138,1.843449,12:59:52.138,42.162426,12:59:52.138,0.000338
12:59:52.139,1.944753,12:59:52.139,42.128658,12:59:52.139,0.00264
12:59:52.140,2.062941,12:59:52.140,42.17931,12:59:52.140,0.003297
12:59:52.141,2.012289,12:59:52.141,42.162426,12:59:52.141,0.003626
12:59:52.142,2.029173,12:59:52.142,42.111774,12:59:52.142,0.002311
12:59:52.143,2.079825,12:59:52.143,41.942934,12:59:52.143,0.00264
12:59:52.144,2.046057,12:59:52.144,41.858514,12:59:52.144,0.002969
12:59:52.145,2.130477,12:59:52.145,42.01047,12:59:52.145,0.003955
12:59:52.146,2.096709,12:59:52.146,41.892282,12:59:52.146,0.000996
12:59:52.147,2.147361,12:59:52.147,41.75721,12:59:52.147,0.00264
12:59:52.148,2.147361,12:59:52.148,41.655906,12:59:52.148,0.002311
12:59:52.149,2.181129,12:59:52.149,41.723442,12:59:52.149,0.002311
12:59:52.150,2.147361,12:59:52.150,41.689674,12:59:52.150,0.002311
12:59:52.151,2.147361,12:59:52.151,41.655906,12:59:52.151,0.001982
12:59:52.152,2.130477,12:59:52.152,41.706558,12:59:52.152,0.002311
12:59:52.153,2.029173,12:59:52.153,41.824746,12:59:52.153,0.002969
12:59:52.154,2.012289,12:59:52.154,41.84163,12:59:52.154,0.002969
12:59:52.155,2.012289,12:59:52.155,41.622138,12:59:52.155,0.003626
12:59:52.156,1.894101,12:59:52.156,41.622138,12:59:52.156,0.00264
12:59:52.157,1.742145,12:59:52.157,41.858514,12:59:52.157,0.002311
12:59:52.158,1.742145,12:59:52.158,41.790978,12:59:52.158,0.002969
12:59:52.159,1.657725,12:59:52.159,41.605254,12:59:52.159,0.003297
12:59:52.160,1.539537,12:59:52.160,41.639022,12:59:52.160,0.00264
12:59:52.161,1.421349,12:59:52.161,41.706558,12:59:52.161,0.003626
12:59:52.162,1.235625,12:59:52.162,41.75721,12:59:52.162,0.002969
12:59:52.163,1.286277,12:59:52.163,41.554602,12:59:52.163,0.00264
12:59:52.164,1.269393,12:59:52.164,41.419531,12:59:52.164,0.003297
12:59:52.165,1.117437,12:59:52.165,41.622138,12:59:52.165,0.002311
12:59:52.166,1.100553,12:59:52.166,41.571486,12:59:52.166,0.002969
12:59:52.167,1.134321,12:59:52.167,41.470183,12:59:52.167,0.003297
12:59:52.168,1.151205,12:59:52.168,41.436415,12:59:52.168,0.00264
12:59:52.169,1.168089,12:59:52.169,41.554602,12:59:52.169,0.003626
12:59:52.170,1.218741,12:59:52.170,41.605254,12:59:52.170,0.001982
12:59:52.171,1.286277,12:59:52.171,41.470183,12:59:52.171,0.00264
12:59:52.172,1.370697,12:59:52.172,41.487067,12:59:52.172,0.00264
12:59:52.173,1.404465,12:59:52.173,41.622138,12:59:52.173,0.003626
12:59:52.174,1.472001,12:59:52.174,41.58837,12:59:52.174,0.00264
12:59:52.175,1.539537,12:59:52.175,41.520835,12:59:52.175,0.003626
12:59:52.176,1.657725,12:59:52.176,41.487067,12:59:52.176,0.002969
12:59:52.177,1.623957,12:59:52.177,41.571486,12:59:52.177,0.003955
12:59:52.178,1.691493,12:59:52.178,41.554602,12:59:52.178,0.001982
12:59:52.179,1.775913,12:59:52.179,41.351995,12:59:52.179,0.00264
12:59:52.180,1.860333,12:59:52.180,41.453299,12:59:52.180,0.00264
12:59:52.181,1.860333,12:59:52.181,41.487067,12:59:52.181,0.00264
12:59:52.182,1.910985,12:59:52.182,41.470183,12:59:52.182,0.003626
12:59:52.183,1.927869,12:59:52.183,41.351995,12:59:52.183,0.001982
12:59:52.184,1.894101,12:59:52.184,41.351995,12:59:52.184,0.001982
12:59:52.185,1.894101,12:59:52.185,41.453299,12:59:52.185,0.003955
12:59:52.186,1.877217,12:59:52.186,41.402647,12:59:52.186,0.00264
12:59:52.187,1.759029,12:59:52.187,41.419531,12:59:52.187,0.003626
12:59:52.188,1.826565,12:59:52.188,41.335111,12:59:52.188,0.004612
12:59:52.189,1.775913,12:59:52.189,41.402647,12:59:52.189,0.002311
12:59:52.190,1.674609,12:59:52.190,41.453299,12:59:52.190,0.002969
12:59:52.191,1.691493,12:59:52.191,41.385763,12:59:52.191,0.003297
12:59:52.192,1.573305,12:59:52.192,41.368879,12:59:52.192,0.004941
12:59:52.193,1.505769,12:59:52.193,41.436415,12:59:52.193,0.003297
12:59:52.194,1.472001,12:59:52.194,41.436415,12:59:52.194,0.001653
12:59:52.195,1.455117,12:59:52.195,41.402647,12:59:52.195,0.001653
12:59:52.196,1.404465,12:59:52.196,41.318227,12:59:52.196,0.004284
12:59:52.197,1.303161,12:59:52.197,41.351995,12:59:52.197,0.002311
12:59:52.198,1.286277,12:59:52.198,41.301343,12:59:52.198,0.00264
12:59:52.199,1.218741,12:59:52.199,41.166271,12:59:52.199,0.002969
12:59:52.200,1.303161,12:59:52.200,41.132503,12:59:52.200,0.002311
12:59:52.201,1.235625,12:59:52.201,41.233807,12:59:52.201,0.002311
12:59:52.202,1.218741,12:59:52.202,41.166271,12:59:52.202,0.002311
12:59:52.203,1.303161,12:59:52.203,41.031199,12:59:52.203,0.003626
12:59:52.204,1.353813,12:59:52.204,41.081851,12:59:52.204,0.002311
12:59:52.205,1.353813,12:59:52.205,41.183155,12:59:52.205,0.002311
12:59:52.206,1.387581,12:59:52.206,41.132503,12:59:52.206,0.001325
12:59:52.207,1.472001,12:59:52.207,41.064967,12:59:52.207,0.001982
12:59:52.208,1.539537,12:59:52.208,41.081851,12:59:52.208,0.002969
12:59:52.209,1.657725,12:59:52.209,41.200039,12:59:52.209,0.002311
12:59:52.210,1.691493,12:59:52.210,41.216923,12:59:52.210,0.003955
12:59:52.211,1.792797,12:59:52.211,41.183155,12:59:52.211,0.001982
12:59:52.212,1.792797,12:59:52.212,41.183155,12:59:52.212,0.003626
12:59:52.213,1.927869,12:59:52.213,41.250691,12:59:52.213,0.002969
12:59:52.214,1.961637,12:59:52.214,41.318227,12:59:52.214,0.003297
12:59:52.215,1.978521,12:59:52.215,41.098735,12:59:52.215,0.002969
12:59:52.216,2.012289,12:59:52.216,41.166271,12:59:52.216,0.003955
12:59:52.217,2.046057,12:59:52.217,41.183155,12:59:52.217,0.003626
12:59:52.218,2.062941,12:59:52.218,41.250691,12:59:52.218,0.002969
12:59:52.219,2.062941,12:59:52.219,41.014315,12:59:52.219,0.002969
12:59:52.220,2.046057,12:59:52.220,41.149387,12:59:52.220,0.002311
12:59:52.221,2.029173,12:59:52.221,41.081851,12:59:52.221,0.00264
12:59:52.222,1.927869,12:59:52.222,41.233807,12:59:52.222,0.002311
12:59:52.223,1.944753,12:59:52.223,41.014315,12:59:52.223,0.003626
12:59:52.224,1.877217,12:59:52.224,40.963663,12:59:52.224,0.003297
12:59:52.225,1.860333,12:59:52.225,40.980547,12:59:52.225,0.002969
12:59:52.226,1.708377,12:59:52.226,41.183155,12:59:52.226,0.004941
12:59:52.227,1.742145,12:59:52.227,41.064967,12:59:52.227,0.001982
12:59:52.228,1.725261,12:59:52.228,40.980547,12:59:52.228,0.002969
12:59:52.229,1.674609,12:59:52.229,41.031199,12:59:52.229,0.002969
12:59:52.230,1.623957,12:59:52.230,41.183155,12:59:52.230,0.001325
12:59:52.231,1.708377,12:59:52.231,41.166271,12:59:52.231,0.003955
12:59:52.232,1.691493,12:59:52.232,41.031199,12:59:52.232,0.001982
12:59:52.233,1.674609,12:59:52.233,41.132503,12:59:52.233,0.003297
12:59:52.234,1.573305,12:59:52.234,41.149387,12:59:52.234,0.001325
12:59:52.235,1.691493,12:59:52.235,41.081851,12:59:52.235,0.002311
12:59:52.236,1.657725,12:59:52.236,41.064967,12:59:52.236,0.00264
12:59:52.237,1.742145,12:59:52.237,41.115619,12:59:52.237,0.003297
12:59:52.238,1.691493,12:59:52.238,41.115619,12:59:52.238,0.002311
12:59:52.239,1.792797,12:59:52.239,40.980547,12:59:52.239,0.001982
12:59:52.240,1.843449,12:59:52.240,40.997431,12:59:52.240,0.00264
12:59:52.241,1.910985,12:59:52.241,40.913011,12:59:52.241,0.003297
12:59:52.242,1.944753,12:59:52.242,40.913011,12:59:52.242,0.001653
12:59:52.243,2.012289,12:59:52.243,40.879243,12:59:52.243,0.003955
12:59:52.244,2.012289,12:59:52.244,40.963663,12:59:52.244,0.001982
12:59:52.245,2.096709,12:59:52.245,40.929895,12:59:52.245,0.00264
12:59:52.246,2.130477,12:59:52.246,40.997431,12:59:52.246,0.003626
12:59:52.247,2.147361,12:59:52.247,40.845475,12:59:52.247,0.002969
12:59:52.248,2.231781,12:59:52.248,40.946779,12:59:52.248,0.003626
12:59:52.249,2.248665,12:59:52.249,40.879243,12:59:52.249,0.002311
12:59:52.250,2.265549,12:59:52.250,40.946779,12:59:52.250,0.002969
12:59:52.251,2.316201,12:59:52.251,40.946779,12:59:52.251,0.002311
12:59:52.252,2.316201,12:59:52.252,40.963663,12:59:52.252,0.003626
12:59:52.253,2.316201,12:59:52.253,40.980547,12:59:52.253,0.002969
12:59:52.254,2.214897,12:59:52.254,41.081851,12:59:52.254,0.003626
12:59:52.255,2.130477,12:59:52.255,41.031199,12:59:52.255,0.001653
12:59:52.256,2.164245,12:59:52.256,40.879243,12:59:52.256,0.003297
12:59:52.257,2.130477,12:59:52.257,40.879243,12:59:52.257,0.001653
12:59:52.258,2.029173,12:59:52.258,41.081851,12:59:52.258,0.003955
12:59:52.259,2.012289,12:59:52.259,40.913011,12:59:52.259,0.00264
12:59:52.260,1.927869,12:59:52.260,40.862359,12:59:52.260,0.003297
12:59:52.261,1.860333,12:59:52.261,40.811707,12:59:52.261,0.003297
12:59:52.262,1.775913,12:59:52.262,40.845475,12:59:52.262,0.003626
12:59:52.263,1.775913,12:59:52.263,40.761055,12:59:52.263,0.002311
12:59:52.264,1.691493,12:59:52.264,40.642867,12:59:52.264,0.002969
12:59:52.265,1.657725,12:59:52.265,40.642867,12:59:52.265,0.00264
12:59:52.266,1.590189,12:59:52.266,40.676635,12:59:52.266,0.005599
12:59:52.267,1.539537,12:59:52.267,40.727287,12:59:52.267,0.001653
12:59:52.268,1.590189,12:59:52.268,40.575331,12:59:52.268,0.003626
12:59:52.269,1.573305,12:59:52.269,40.676635,12:59:52.269,0.003626
12:59:52.270,1.573305,12:59:52.270,40.710403,12:59:52.270,0.003955
12:59:52.271,1.556421,12:59:52.271,40.659751,12:59:52.271,0.002311
12:59:52.272,1.657725,12:59:52.272,40.575331,12:59:52.272,0.003626
12:59:52.273,1.623957,12:59:52.273,40.592215,12:59:52.273,0.002969
12:59:52.274,1.657725,12:59:52.274,40.676635,12:59:52.274,0.004612
12:59:52.275,1.674609,12:59:52.275,40.575331,12:59:52.275,0.001653
12:59:52.276,1.759029,12:59:52.276,40.575331,12:59:52.276,0.00264
12:59:52.277,1.775913,12:59:52.277,40.524679,12:59:52.277,0.00264
12:59:52.278,1.742145,12:59:52.278,40.625983,12:59:52.278,0.002969
12:59:52.279,1.809681,12:59:52.279,40.541563,12:59:52.279,0.001653
12:59:52.280,1.860333,12:59:52.280,40.474027,12:59:52.280,0.001982
12:59:52.281,1.860333,12:59:52.281,40.389607,12:59:52.281,0.002311
12:59:52.282,1.826565,12:59:52.282,40.457143,12:59:52.282,0.00264
12:59:52.283,1.843449,12:59:52.283,40.423375,12:59:52.283,0.002311
12:59:52.284,1.910985,12:59:52.284,40.338955,12:59:52.284,0.002969
12:59:52.285,1.894101,12:59:52.285,40.237651,12:59:52.285,0.002311
12:59:52.286,1.843449,12:59:52.286,40.322071,12:59:52.286,0.003626
12:59:52.287,1.894101,12:59:52.287,40.389607,12:59:52.287,0.001653
12:59:52.288,1.894101,12:59:52.288,40.288303,12:59:52.288,0.00264
12:59:52.289,1.910985,12:59:52.289,40.237651,12:59:52.289,0.002311
12:59:52.290,1.775913,12:59:52.290,40.220767,12:59:52.290,0.002311
12:59:52.291,1.894101,12:59:52.291,40.322071,12:59:52.291,0.002311
12:59:52.292,1.843449,12:59:52.292,40.203883,12:59:52.292,0.003626
12:59:52.293,1.792797,12:59:52.293,40.153231,12:59:52.293,0.00264
12:59:52.294,1.725261,12:59:52.294,40.271419,12:59:52.294,0.004284
12:59:52.295,1.640841,12:59:52.295,40.271419,12:59:52.295,0.001653
12:59:52.296,1.657725,12:59:52.296,40.220767,12:59:52.296,0.00264
12:59:52.297,1.607073,12:59:52.297,40.220767,12:59:52.297,0.00264
12:59:52.298,1.522653,12:59:52.298,40.203883,12:59:52.298,0.002969
12:59:52.299,1.472001,12:59:52.299,40.085695,12:59:52.299,0.00264
12:59:52.300,1.438233,12:59:52.300,40.068811,12:59:52.300,0.002969
12:59:52.301,1.336929,12:59:52.301,40.001275,12:59:52.301,0.003626
12:59:52.302,1.336929,12:59:52.302,40.035043,12:59:52.302,0.004941
12:59:52.303,1.320045,12:59:52.303,40.085695,12:59:52.303,0.002311
12:59:52.304,1.286277,12:59:52.304,39.849319,12:59:52.304,0.003297
12:59:52.305,1.269393,12:59:52.305,39.916855,12:59:52.305,0.001982
12:59:52.306,1.168089,12:59:52.306,39.984391,12:59:52.306,0.002311
12:59:52.307,1.201857,12:59:52.307,39.933739,12:59:52.307,0.001653
12:59:52.308,1.218741,12:59:52.308,39.883087,12:59:52.308,0.002969
12:59:52.309,1.269393,12:59:52.309,39.798667,12:59:52.309,0.002311
12:59:52.310,1.235625,12:59:52.310,39.899971,12:59:52.310,0.004284
12:59:52.311,1.336929,12:59:52.311,39.899971,12:59:52.311,0.002311
12:59:52.312,1.303161,12:59:52.312,39.832435,12:59:52.312,0.003297
12:59:52.313,1.370697,12:59:52.313,39.781783,12:59:52.313,0.002969
12:59:52.314,1.370697,12:59:52.314,39.798667,12:59:52.314,0.001982
12:59:52.315,1.353813,12:59:52.315,39.815551,12:59:52.315,0.00264
12:59:52.316,1.404465,12:59:52.316,39.731131,12:59:52.316,0.001653
12:59:52.317,1.438233,12:59:52.317,39.731131,12:59:52.317,0.00264
12:59:52.318,1.387581,12:59:52.318,39.781783,12:59:52.318,0.003955
12:59:52.319,1.438233,12:59:52.319,39.764899,12:59:52.319,0.002969
12:59:52.320,1.387581,12:59:52.320,39.663595,12:59:52.320,0.00264
12:59:52.321,1.404465,12:59:52.321,39.579175,12:59:52.321,0.001653
12:59:52.322,1.303161,12:59:52.322,39.697363,12:59:52.322,0.001982
12:59:52.323,1.353813,12:59:52.323,39.646711,12:59:52.323,0.00264
12:59:52.324,1.303161,12:59:52.324,39.629827,12:59:52.324,0.002969
12:59:52.325,1.320045,12:59:52.325,39.596059,12:59:52.325,0.003297
12:59:52.326,1.303161,12:59:52.326,39.579175,12:59:52.326,0.003955
12:59:52.327,1.320045,12:59:52.327,39.596059,12:59:52.327,0.002969
12:59:52.328,1.320045,12:59:52.328,39.494756,12:59:52.328,0.002969
12:59:52.329,1.286277,12:59:52.329,39.42722,12:59:52.329,0.002311
12:59:52.330,1.252509,12:59:52.330,39.596059,12:59:52.330,0.001653
12:59:52.331,1.235625,12:59:52.331,39.596059,12:59:52.331,0.003297
12:59:52.332,1.320045,12:59:52.332,39.477872,12:59:52.332,0.003297
12:59:52.333,1.303161,12:59:52.333,39.376568,12:59:52.333,0.00264
12:59:52.334,1.235625,12:59:52.334,39.579175,12:59:52.334,0.00264
12:59:52.335,1.218741,12:59:52.335,39.494756,12:59:52.335,0.003297
12:59:52.336,1.184973,12:59:52.336,39.494756,12:59:52.336,0.002969
12:59:52.337,1.201857,12:59:52.337,39.444104,12:59:52.337,0.002311
12:59:52.338,1.117437,12:59:52.338,39.477872,12:59:52.338,0.002969
12:59:52.339,1.218741,12:59:52.339,39.494756,12:59:52.339,0.00264
12:59:52.340,1.184973,12:59:52.340,39.292148,12:59:52.340,0.002311
12:59:52.341,1.184973,12:59:52.341,39.292148,12:59:52.341,0.003626
12:59:52.342,1.201857,12:59:52.342,39.393452,12:59:52.342,0.000667
12:59:52.343,1.168089,12:59:52.343,39.42722,12:59:52.343,0.00264
12:59:52.344,1.201857,12:59:52.344,39.275264,12:59:52.344,0.001653
12:59:52.345,1.252509,12:59:52.345,39.140192,12:59:52.345,0.003626
12:59:52.346,1.218741,12:59:52.346,39.376568,12:59:52.346,0.002311
12:59:52.347,1.303161,12:59:52.347,39.359684,12:59:52.347,0.002969
12:59:52.348,1.370697,12:59:52.348,39.25838,12:59:52.348,0.001653
12:59:52.349,1.472001,12:59:52.349,39.190844,12:59:52.349,0.002969
12:59:52.350,1.353813,12:59:52.350,39.410336,12:59:52.350,0.000667
12:59:52.351,1.387581,12:59:52.351,39.444104,12:59:52.351,0.00264
12:59:52.352,1.421349,12:59:52.352,39.241496,12:59:52.352,0.002969
12:59:52.353,1.505769,12:59:52.353,39.25838,12:59:52.353,0.003626
12:59:52.354,1.472001,12:59:52.354,39.292148,12:59:52.354,0.002311
12:59:52.355,1.488885,12:59:52.355,39.376568,12:59:52.355,0.002969
12:59:52.356,1.556421,12:59:52.356,39.241496,12:59:52.356,0.00264
12:59:52.357,1.539537,12:59:52.357,39.292148,12:59:52.357,0.003297
12:59:52.358,1.488885,12:59:52.358,39.325916,12:59:52.358,0.001982
12:59:52.359,1.438233,12:59:52.359,39.410336,12:59:52.359,0.002969
12:59:52.360,1.472001,12:59:52.360,39.190844,12:59:52.360,0.002311
12:59:52.361,1.438233,12:59:52.361,39.106424,12:59:52.361,0.003297
12:59:52.362,1.286277,12:59:52.362,39.292148,12:59:52.362,0.001653
12:59:52.363,1.269393,12:59:52.363,39.393452,12:59:52.363,0.003955
12:59:52.364,1.269393,12:59:52.364,39.25838,12:59:52.364,0.001653
12:59:52.365,1.252509,12:59:52.365,39.309032,12:59:52.365,0.002969
12:59:52.366,1.168089,12:59:52.366,39.3428,12:59:52.366,0.003626
12:59:52.367,1.184973,12:59:52.367,39.42722,12:59:52.367,0.00264
12:59:52.368,1.168089,12:59:52.368,39.410336,12:59:52.368,0.001325
12:59:52.369,1.269393,12:59:52.369,39.224612,12:59:52.369,0.002969
12:59:52.370,1.252509,12:59:52.370,39.325916,12:59:52.370,0.001982
12:59:52.371,1.252509,12:59:52.371,39.376568,12:59:52.371,0.003955
12:59:52.372,1.252509,12:59:52.372,39.25838,12:59:52.372,0.002311
12:59:52.373,1.320045,12:59:52.373,39.190844,12:59:52.373,0.00264
12:59:52.374,1.320045,12:59:52.374,39.275264,12:59:52.374,0.002311
12:59:52.375,1.320045,12:59:52.375,39.309032,12:59:52.375,0.003955
12:59:52.376,1.353813,12:59:52.376,39.241496,12:59:52.376,0.001982
12:59:52.377,1.421349,12:59:52.377,39.292148,12:59:52.377,0.003297
12:59:52.378,1.404465,12:59:52.378,39.309032,12:59:52.378,0.001653
12:59:52.379,1.438233,12:59:52.379,39.3428,12:59:52.379,0.004941
12:59:52.380,1.472001,12:59:52.380,39.241496,12:59:52.380,0.00264
12:59:52.381,1.522653,12:59:52.381,39.190844,12:59:52.381,0.002969
12:59:52.382,1.607073,12:59:52.382,39.292148,12:59:52.382,0.001982
12:59:52.383,1.539537,12:59:52.383,39.17396,12:59:52.383,0.003297
12:59:52.384,1.590189,12:59:52.384,39.17396,12:59:52.384,0.001653
12:59:52.385,1.590189,12:59:52.385,39.140192,12:59:52.385,0.00264
12:59:52.386,1.590189,12:59:52.386,39.224612,12:59:52.386,0.001653
12:59:52.387,1.640841,12:59:52.387,39.325916,12:59:52.387,0.004941
12:59:52.388,1.640841,12:59:52.388,39.224612,12:59:52.388,0.00264
12:59:52.389,1.657725,12:59:52.389,39.17396,12:59:52.389,0.002969
12:59:52.390,1.691493,12:59:52.390,39.241496,12:59:52.390,0.002311
12:59:52.391,1.623957,12:59:52.391,39.275264,12:59:52.391,0.003626
12:59:52.392,1.691493,12:59:52.392,39.190844,12:59:52.392,0.001982
12:59:52.393,1.657725,12:59:52.393,39.17396,12:59:52.393,0.003297
12:59:52.394,1.674609,12:59:52.394,39.157076,12:59:52.394,0.003626
12:59:52.395,1.623957,12:59:52.395,39.25838,12:59:52.395,0.003626
12:59:52.396,1.640841,12:59:52.396,39.292148,12:59:52.396,0.002311
12:59:52.397,1.590189,12:59:52.397,39.190844,12:59:52.397,0.00264
12:59:52.398,1.590189,12:59:52.398,39.157076,12:59:52.398,0.002311
12:59:52.399,1.505769,12:59:52.399,39.17396,12:59:52.399,0.004941
12:59:52.400,1.539537,12:59:52.400,39.123308,12:59:52.400,0.00264
12:59:52.401,1.556421,12:59:52.401,38.954468,12:59:52.401,0.003297
12:59:52.402,1.505769,12:59:52.402,38.988236,12:59:52.402,0.00264
12:59:52.403,1.404465,12:59:52.403,39.055772,12:59:52.403,0.002311
12:59:52.404,1.421349,12:59:52.404,39.022004,12:59:52.404,0.001982
12:59:52.405,1.421349,12:59:52.405,39.022004,12:59:52.405,0.003297
12:59:52.406,1.438233,12:59:52.406,39.022004,12:59:52.406,0.002311
12:59:52.407,1.421349,12:59:52.407,39.038888,12:59:52.407,0.00264
12:59:52.408,1.488885,12:59:52.408,39.00512,12:59:52.408,0.002311
12:59:52.409,1.556421,12:59:52.409,38.954468,12:59:52.409,0.002969
12:59:52.410,1.556421,12:59:52.410,38.988236,12:59:52.410,0.002969
12:59:52.411,1.573305,12:59:52.411,39.022004,12:59:52.411,0.001982
12:59:52.412,1.590189,12:59:52.412,38.954468,12:59:52.412,0.00264
12:59:52.413,1.674609,12:59:52.413,38.937584,12:59:52.413,0.002969
12:59:52.414,1.590189,12:59:52.414,38.886932,12:59:52.414,0.001982
12:59:52.415,1.607073,12:59:52.415,38.903816,12:59:52.415,0.004284
12:59:52.416,1.640841,12:59:52.416,38.9207,12:59:52.416,0.002969
12:59:52.417,1.742145,12:59:52.417,38.853164,12:59:52.417,0.003297
12:59:52.418,1.674609,12:59:52.418,38.886932,12:59:52.418,0.002969
12:59:52.419,1.674609,12:59:52.419,38.870048,12:59:52.419,0.001653
12:59:52.420,1.691493,12:59:52.420,38.802512,12:59:52.420,0.002969
12:59:52.421,1.708377,12:59:52.421,38.701208,12:59:52.421,0.002311
12:59:52.422,1.742145,12:59:52.422,38.66744,12:59:52.422,0.003626
12:59:52.423,1.674609,12:59:52.423,38.75186,12:59:52.423,0.001325
12:59:52.424,1.691493,12:59:52.424,38.768744,12:59:52.424,0.002311
12:59:52.425,1.657725,12:59:52.425,38.599904,12:59:52.425,0.00264
12:59:52.426,1.657725,12:59:52.426,38.58302,12:59:52.426,0.002311
12:59:52.427,1.573305,12:59:52.427,38.819396,12:59:52.427,0.002311
12:59:52.428,1.657725,12:59:52.428,38.66744,12:59:52.428,0.003297
12:59:52.429,1.657725,12:59:52.429,38.650556,12:59:52.429,0.002311
12:59:52.430,1.657725,12:59:52.430,38.66744,12:59:52.430,0.002969
12:59:52.431,1.623957,12:59:52.431,38.684324,12:59:52.431,0.001982
12:59:52.432,1.657725,12:59:52.432,38.66744,12:59:52.432,0.00264
12:59:52.433,1.607073,12:59:52.433,38.532368,12:59:52.433,0.00264
12:59:52.434,1.623957,12:59:52.434,38.566136,12:59:52.434,0.002969
12:59:52.435,1.573305,12:59:52.435,38.58302,12:59:52.435,0.002311
12:59:52.436,1.573305,12:59:52.436,38.549252,12:59:52.436,0.003297
12:59:52.437,1.556421,12:59:52.437,38.515484,12:59:52.437,0.001653
12:59:52.438,1.573305,12:59:52.438,38.481716,12:59:52.438,0.00264
12:59:52.439,1.522653,12:59:52.439,38.599904,12:59:52.439,0.001653
12:59:52.440,1.505769,12:59:52.440,38.431064,12:59:52.440,0.003626
12:59:52.441,1.522653,12:59:52.441,38.32976,12:59:52.441,0.001653
12:59:52.442,1.505769,12:59:52.442,38.380412,12:59:52.442,0.003297
12:59:52.443,1.455117,12:59:52.443,38.431064,12:59:52.443,0.00264
12:59:52.444,1.472001,12:59:52.444,38.481716,12:59:52.444,0.003297
12:59:52.445,1.522653,12:59:52.445,38.32976,12:59:52.445,0.00264
12:59:52.446,1.472001,12:59:52.446,38.32976,12:59:52.446,0.003955
12:59:52.447,1.472001,12:59:52.447,38.41418,12:59:52.447,0.001982
12:59:52.448,1.488885,12:59:52.448,38.397296,12:59:52.448,0.002969
12:59:52.449,1.556421,12:59:52.449,38.363528,12:59:52.449,0.002311
12:59:52.450,1.556421,12:59:52.450,38.431064,12:59:52.450,0.003955
12:59:52.451,1.590189,12:59:52.451,38.41418,12:59:52.451,0.002311
12:59:52.452,1.573305,12:59:52.452,38.397296,12:59:52.452,0.002969
12:59:52.453,1.556421,12:59:52.453,38.312876,12:59:52.453,0.001982
12:59:52.454,1.573305,12:59:52.454,38.279108,12:59:52.454,0.003297
12:59:52.455,1.539537,12:59:52.455,38.312876,12:59:52.455,0.003297
12:59:52.456,1.539537,12:59:52.456,38.32976,12:59:52.456,0.00264
12:59:52.457,1.522653,12:59:52.457,38.194688,12:59:52.457,0.000996
12:59:52.458,1.522653,12:59:52.458,38.24534,12:59:52.458,0.003297
12:59:52.459,1.472001,12:59:52.459,38.295992,12:59:52.459,0.002969
12:59:52.460,1.522653,12:59:52.460,38.211572,12:59:52.460,0.003626
12:59:52.461,1.438233,12:59:52.461,38.093384,12:59:52.461,0.001653
12:59:52.462,1.505769,12:59:52.462,38.127152,12:59:52.462,0.003626
12:59:52.463,1.404465,12:59:52.463,38.211572,12:59:52.463,0.002311
12:59:52.464,1.387581,12:59:52.464,38.16092,12:59:52.464,0.002969
12:59:52.465,1.421349,12:59:52.465,38.093384,12:59:52.465,0.002311
12:59:52.466,1.387581,12:59:52.466,37.958312,12:59:52.466,0.002311
12:59:52.467,1.320045,12:59:52.467,38.025848,12:59:52.467,0.002311
12:59:52.468,1.370697,12:59:52.468,38.211572,12:59:52.468,0.003297
12:59:52.469,1.387581,12:59:52.469,38.042732,12:59:52.469,0.001653
12:59:52.470,1.404465,12:59:52.470,38.042732,12:59:52.470,0.002969
12:59:52.471,1.353813,12:59:52.471,38.110268,12:59:52.471,0.002311
12:59:52.472,1.320045,12:59:52.472,38.211572,12:59:52.472,0.00264
12:59:52.473,1.387581,12:59:52.473,38.042732,12:59:52.473,0.00264
12:59:52.474,1.336929,12:59:52.474,37.975196,12:59:52.474,0.00264
12:59:52.475,1.353813,12:59:52.475,38.059616,12:59:52.475,0.002311
12:59:52.476,1.320045,12:59:52.476,38.093384,12:59:52.476,0.003626
12:59:52.477,1.387581,12:59:52.477,37.941428,12:59:52.477,0.001653
12:59:52.478,1.353813,12:59:52.478,38.042732,12:59:52.478,0.002311
12:59:52.479,1.303161,12:59:52.479,37.958312,12:59:52.479,0.003626
12:59:52.480,1.269393,12:59:52.480,37.99208,12:59:52.480,0.00264
12:59:52.481,1.353813,12:59:52.481,37.941428,12:59:52.481,0.00264
12:59:52.482,1.353813,12:59:52.482,37.941428,12:59:52.482,0.002969
12:59:52.483,1.303161,12:59:52.483,37.90766,12:59:52.483,0.001982
12:59:52.484,1.269393,12:59:52.484,37.924544,12:59:52.484,0.000996
12:59:52.485,1.320045,12:59:52.485,37.840124,12:59:52.485,0.00264
12:59:52.486,1.353813,12:59:52.486,37.840124,12:59:52.486,0.003955
12:59:52.487,1.252509,12:59:52.487,37.90766,12:59:52.487,0.001982
12:59:52.488,1.286277,12:59:52.488,37.99208,12:59:52.488,0.002969
12:59:52.489,1.370697,12:59:52.489,37.82324,12:59:52.489,0.002311
12:59:52.490,1.353813,12:59:52.490,37.90766,12:59:52.490,0.002969
12:59:52.491,1.353813,12:59:52.491,37.90766,12:59:52.491,0.002311
12:59:52.492,1.320045,12:59:52.492,37.873892,12:59:52.492,0.003297
12:59:52.493,1.370697,12:59:52.493,37.941428,12:59:52.493,0.003626
12:59:52.494,1.370697,12:59:52.494,37.941428,12:59:52.494,0.00264
12:59:52.495,1.336929,12:59:52.495,37.873892,12:59:52.495,0.00264
12:59:52.496,1.286277,12:59:52.496,37.90766,12:59:52.496,0.001325
12:59:52.497,1.404465,12:59:52.497,37.6544,12:59:52.497,0.001325
12:59:52.498,1.387581,12:59:52.498,37.671284,12:59:52.498,0.00264
12:59:52.499,1.286277,12:59:52.499,37.806356,12:59:52.499,0.002969
12:59:52.500,1.252509,12:59:52.500,37.82324,12:59:52.500,0.002969
12:59:52.501,1.320045,12:59:52.501,37.603748,12:59:52.501,0.00264
12:59:52.502,1.421349,12:59:52.502,37.502444,12:59:52.502,0.002311
12:59:52.503,1.336929,12:59:52.503,37.772588,12:59:52.503,0.00264
12:59:52.504,1.235625,12:59:52.504,37.721936,12:59:52.504,0.001982
12:59:52.505,1.320045,12:59:52.505,37.536212,12:59:52.505,0.002311
12:59:52.506,1.286277,12:59:52.506,37.586864,12:59:52.506,0.003955
12:59:52.507,1.252509,12:59:52.507,37.705052,12:59:52.507,0.001325
12:59:52.508,1.235625,12:59:52.508,37.671284,12:59:52.508,0.002311
12:59:52.509,1.303161,12:59:52.509,37.603748,12:59:52.509,0.001982
12:59:52.510,1.336929,12:59:52.510,37.536212,12:59:52.510,0.001982
12:59:52.511,1.353813,12:59:52.511,37.637516,12:59:52.511,0.002969
12:59:52.512,1.370697,12:59:52.512,37.806356,12:59:52.512,0.00264
12:59:52.513,1.438233,12:59:52.513,37.620632,12:59:52.513,0.002969
12:59:52.514,1.438233,12:59:52.514,37.6544,12:59:52.514,0.001982
12:59:52.515,1.455117,12:59:52.515,37.705052,12:59:52.515,0.002311
12:59:52.516,1.336929,12:59:52.516,37.755704,12:59:52.516,0.002311
12:59:52.517,1.404465,12:59:52.517,37.603748,12:59:52.517,0.001653
12:59:52.518,1.404465,12:59:52.518,37.536212,12:59:52.518,0.00264
12:59:52.519,1.387581,12:59:52.519,37.620632,12:59:52.519,0.002969
12:59:52.520,1.421349,12:59:52.520,37.637516,12:59:52.520,0.002311
12:59:52.521,1.370697,12:59:52.521,37.519328,12:59:52.521,0.002969
12:59:52.522,1.421349,12:59:52.522,37.40114,12:59:52.522,0.002311
12:59:52.523,1.353813,12:59:52.523,37.536212,12:59:52.523,0.001653
12:59:52.524,1.353813,12:59:52.524,37.586864,12:59:52.524,0.001653
12:59:52.525,1.353813,12:59:52.525,37.48556,12:59:52.525,0.00264
12:59:52.526,1.387581,12:59:52.526,37.40114,12:59:52.526,0.001982
12:59:52.527,1.421349,12:59:52.527,37.553096,12:59:52.527,0.002311
12:59:52.528,1.387581,12:59:52.528,37.6544,12:59:52.528,0.001982
12:59:52.529,1.472001,12:59:52.529,37.468676,12:59:52.529,0.002969
12:59:52.530,1.404465,12:59:52.530,37.468676,12:59:52.530,0.001982
12:59:52.531,1.488885,12:59:52.531,37.451792,12:59:52.531,0.001982
12:59:52.532,1.438233,12:59:52.532,37.553096,12:59:52.532,0.002311
12:59:52.533,1.488885,12:59:52.533,37.48556,12:59:52.533,0.00264
12:59:52.534,1.522653,12:59:52.534,37.502444,12:59:52.534,0.002311
12:59:52.535,1.539537,12:59:52.535,37.586864,12:59:52.535,0.00264
12:59:52.536,1.488885,12:59:52.536,37.586864,12:59:52.536,0.001653
12:59:52.537,1.505769,12:59:52.537,37.502444,12:59:52.537,0.00264
12:59:52.538,1.505769,12:59:52.538,37.519328,12:59:52.538,0.00264
12:59:52.539,1.488885,12:59:52.539,37.468676,12:59:52.539,0.002969
12:59:52.540,1.472001,12:59:52.540,37.48556,12:59:52.540,0.001982
12:59:52.541,1.472001,12:59:52.541,37.451792,12:59:52.541,0.001653
12:59:52.542,1.505769,12:59:52.542,37.468676,12:59:52.542,0.00264
12:59:52.543,1.472001,12:59:52.543,37.367373,12:59:52.543,0.003626
12:59:52.544,1.404465,12:59:52.544,37.502444,12:59:52.544,0.00264
12:59:52.545,1.438233,12:59:52.545,37.316721,12:59:52.545,0.003955
12:59:52.546,1.455117,12:59:52.546,37.333605,12:59:52.546,0.000996
12:59:52.547,1.472001,12:59:52.547,37.316721,12:59:52.547,0.003297
12:59:52.548,1.455117,12:59:52.548,37.451792,12:59:52.548,0.001325
12:59:52.549,1.539537,12:59:52.549,37.418024,12:59:52.549,0.002969
12:59:52.550,1.488885,12:59:52.550,37.367373,12:59:52.550,0.001653
12:59:52.551,1.488885,12:59:52.551,37.333605,12:59:52.551,0.00264
12:59:52.552,1.488885,12:59:52.552,37.316721,12:59:52.552,0.003955
12:59:52.553,1.573305,12:59:52.553,37.40114,12:59:52.553,0.00264
12:59:52.554,1.590189,12:59:52.554,37.249185,12:59:52.554,0.001982
12:59:52.555,1.539537,12:59:52.555,37.266069,12:59:52.555,0.003955
12:59:52.556,1.539537,12:59:52.556,37.333605,12:59:52.556,0.00264
12:59:52.557,1.590189,12:59:52.557,37.299837,12:59:52.557,0.002311
12:59:52.558,1.640841,12:59:52.558,37.232301,12:59:52.558,0.00264
12:59:52.559,1.573305,12:59:52.559,37.147881,12:59:52.559,0.002311
12:59:52.560,1.573305,12:59:52.560,37.215417,12:59:52.560,0.002311
12:59:52.561,1.590189,12:59:52.561,37.215417,12:59:52.561,0.00264
12:59:52.562,1.590189,12:59:52.562,37.063461,12:59:52.562,0.001653
12:59:52.563,1.674609,12:59:52.563,37.181649,12:59:52.563,0.002969
12:59:52.564,1.607073,12:59:52.564,37.181649,12:59:52.564,0.003626
12:59:52.565,1.623957,12:59:52.565,37.080345,12:59:52.565,0.001653
12:59:52.566,1.623957,12:59:52.566,37.097229,12:59:52.566,0.00264
12:59:52.567,1.657725,12:59:52.567,37.012809,12:59:52.567,0.003626
12:59:52.568,1.674609,12:59:52.568,37.130997,12:59:52.568,0.003297
12:59:52.569,1.691493,12:59:52.569,37.114113,12:59:52.569,0.003626
12:59:52.570,1.708377,12:59:52.570,36.995925,12:59:52.570,0.003626
12:59:52.571,1.759029,12:59:52.571,37.029693,12:59:52.571,0.003297
12:59:52.572,1.742145,12:59:52.572,37.130997,12:59:52.572,0.002311
12:59:52.573,1.725261,12:59:52.573,37.046577,12:59:52.573,0.001982
12:59:52.574,1.742145,12:59:52.574,37.046577,12:59:52.574,0.002311
12:59:52.575,1.708377,12:59:52.575,37.029693,12:59:52.575,0.004284
12:59:52.576,1.674609,12:59:52.576,37.097229,12:59:52.576,0.001982
12:59:52.577,1.640841,12:59:52.577,37.046577,12:59:52.577,0.003626
12:59:52.578,1.674609,12:59:52.578,37.080345,12:59:52.578,0.003955
12:59:52.579,1.640841,12:59:52.579,36.979041,12:59:52.579,0.003297
12:59:52.580,1.607073,12:59:52.580,36.962157,12:59:52.580,0.004612
12:59:52.581,1.607073,12:59:52.581,36.979041,12:59:52.581,0.003297
12:59:52.582,1.623957,12:59:52.582,36.843969,12:59:52.582,0.003626
12:59:52.583,1.539537,12:59:52.583,36.928389,12:59:52.583,0.003626
12:59:52.584,1.522653,12:59:52.584,36.962157,12:59:52.584,0.001653
12:59:52.585,1.522653,12:59:52.585,36.877737,12:59:52.585,0.003626
12:59:52.586,1.539537,12:59:52.586,36.827085,12:59:52.586,0.001982
12:59:52.587,1.488885,12:59:52.587,36.860853,12:59:52.587,0.00264
12:59:52.588,1.438233,12:59:52.588,36.979041,12:59:52.588,0.002311
12:59:52.589,1.505769,12:59:52.589,36.928389,12:59:52.589,0.001653
12:59:52.590,1.505769,12:59:52.590,36.793317,12:59:52.590,0.001653
12:59:52.591,1.505769,12:59:52.591,36.776433,12:59:52.591,0.003626
12:59:52.592,1.556421,12:59:52.592,36.810201,12:59:52.592,0.001653
12:59:52.593,1.623957,12:59:52.593,36.860853,12:59:52.593,0.002969
12:59:52.594,1.590189,12:59:52.594,36.810201,12:59:52.594,0.001982
12:59:52.595,1.640841,12:59:52.595,36.810201,12:59:52.595,0.002311
12:59:52.596,1.640841,12:59:52.596,36.894621,12:59:52.596,0.001982
12:59:52.597,1.623957,12:59:52.597,36.793317,12:59:52.597,0.002311
12:59:52.598,1.590189,12:59:52.598,36.810201,12:59:52.598,0.001653
12:59:52.599,1.640841,12:59:52.599,36.843969,12:59:52.599,0.002969
12:59:52.600,1.590189,12:59:52.600,36.860853,12:59:52.600,0.00264
12:59:52.601,1.657725,12:59:52.601,36.759549,12:59:52.601,0.002311
12:59:52.602,1.657725,12:59:52.602,36.708897,12:59:52.602,0.002969
12:59:52.603,1.640841,12:59:52.603,36.692013,12:59:52.603,0.00264
12:59:52.604,1.623957,12:59:52.604,36.793317,12:59:52.604,0.00264
12:59:52.605,1.623957,12:59:52.605,36.759549,12:59:52.605,0.001653
12:59:52.606,1.623957,12:59:52.606,36.759549,12:59:52.606,0.00264
12:59:52.607,1.623957,12:59:52.607,36.675129,12:59:52.607,0.003626
12:59:52.608,1.623957,12:59:52.608,36.708897,12:59:52.608,0.002969
12:59:52.609,1.590189,12:59:52.609,36.708897,12:59:52.609,0.002311
12:59:52.610,1.674609,12:59:52.610,36.641361,12:59:52.610,0.003297
12:59:52.611,1.640841,12:59:52.611,36.590709,12:59:52.611,0.002969
12:59:52.612,1.573305,12:59:52.612,36.708897,12:59:52.612,0.00264
12:59:52.613,1.573305,12:59:52.613,36.624477,12:59:52.613,0.00264
12:59:52.614,1.607073,12:59:52.614,36.590709,12:59:52.614,0.002311
12:59:52.615,1.539537,12:59:52.615,36.556941,12:59:52.615,0.00264
12:59:52.616,1.539537,12:59:52.616,36.675129,12:59:52.616,0.002969
12:59:52.617,1.472001,12:59:52.617,36.658245,12:59:52.617,0.003297
12:59:52.618,1.505769,12:59:52.618,36.590709,12:59:52.618,0.003297
12:59:52.619,1.472001,12:59:52.619,36.590709,12:59:52.619,0.002969
12:59:52.620,1.455117,12:59:52.620,36.624477,12:59:52.620,0.003297
12:59:52.621,1.336929,12:59:52.621,36.556941,12:59:52.621,0.00264
12:59:52.622,1.421349,12:59:52.622,36.455637,12:59:52.622,0.002969
12:59:52.623,1.404465,12:59:52.623,36.354333,12:59:52.623,0.003297
12:59:52.624,1.303161,12:59:52.624,36.556941,12:59:52.624,0.00264
12:59:52.625,1.370697,12:59:52.625,36.556941,12:59:52.625,0.003955
12:59:52.626,1.404465,12:59:52.626,36.472521,12:59:52.626,0.003297
12:59:52.627,1.404465,12:59:52.627,36.421869,12:59:52.627,0.001653
12:59:52.628,1.421349,12:59:52.628,36.523173,12:59:52.628,0.003297
12:59:52.629,1.421349,12:59:52.629,36.438753,12:59:52.629,0.00264
12:59:52.630,1.488885,12:59:52.630,36.523173,12:59:52.630,0.002969
12:59:52.631,1.488885,12:59:52.631,36.472521,12:59:52.631,0.002311
12:59:52.632,1.505769,12:59:52.632,36.421869,12:59:52.632,0.002969
12:59:52.633,1.539537,12:59:52.633,36.489405,12:59:52.633,0.001982
12:59:52.634,1.556421,12:59:52.634,36.421869,12:59:52.634,0.001325
12:59:52.635,1.539537,12:59:52.635,36.421869,12:59:52.635,0.004941
12:59:52.636,1.505769,12:59:52.636,36.523173,12:59:52.636,0.001982
12:59:52.637,1.522653,12:59:52.637,36.472521,12:59:52.637,0.001982
12:59:52.638,1.505769,12:59:52.638,36.421869,12:59:52.638,0.00264
12:59:52.639,1.505769,12:59:52.639,36.303681,12:59:52.639,0.002969
12:59:52.640,1.505769,12:59:52.640,36.354333,12:59:52.640,0.002311
12:59:52.641,1.505769,12:59:52.641,36.404985,12:59:52.641,0.004284
12:59:52.642,1.472001,12:59:52.642,36.320565,12:59:52.642,0.002311
12:59:52.643,1.488885,12:59:52.643,36.320565,12:59:52.643,0.001982
12:59:52.644,1.421349,12:59:52.644,36.320565,12:59:52.644,0.002311
12:59:52.645,1.404465,12:59:52.645,36.320565,12:59:52.645,0.00264
12:59:52.646,1.455117,12:59:52.646,36.236145,12:59:52.646,0.002969
12:59:52.647,1.488885,12:59:52.647,36.269913,12:59:52.647,0.002969
12:59:52.648,1.455117,12:59:52.648,36.337449,12:59:52.648,0.00264
12:59:52.649,1.472001,12:59:52.649,36.320565,12:59:52.649,0.002311
12:59:52.650,1.370697,12:59:52.650,36.236145,12:59:52.650,0.003297
12:59:52.651,1.404465,12:59:52.651,36.320565,12:59:52.651,0.00264
12:59:52.652,1.421349,12:59:52.652,36.253029,12:59:52.652,0.001982
12:59:52.653,1.370697,12:59:52.653,36.320565,12:59:52.653,0.001982
12:59:52.654,1.472001,12:59:52.654,36.320565,12:59:52.654,0.003626
12:59:52.655,1.404465,12:59:52.655,36.151725,12:59:52.655,0.003297
12:59:52.656,1.370697,12:59:52.656,36.202377,12:59:52.656,0.003626
12:59:52.657,1.387581,12:59:52.657,36.219261,12:59:52.657,0.004612
12:59:52.658,1.421349,12:59:52.658,36.253029,12:59:52.658,0.002311
12:59:52.659,1.404465,12:59:52.659,36.202377,12:59:52.659,0.00264
12:59:52.660,1.438233,12:59:52.660,36.219261,12:59:52.660,0.00264
12:59:52.661,1.438233,12:59:52.661,36.185493,12:59:52.661,0.001982
12:59:52.662,1.421349,12:59:52.662,36.101073,12:59:52.662,0.003626
12:59:52.663,1.404465,12:59:52.663,36.117957,12:59:52.663,0.002311
12:59:52.664,1.455117,12:59:52.664,36.067305,12:59:52.664,0.002311
12:59:52.665,1.387581,12:59:52.665,35.982885,12:59:52.665,0.00264
12:59:52.666,1.505769,12:59:52.666,36.050421,12:59:52.666,0.003626
12:59:52.667,1.472001,12:59:52.667,35.982885,12:59:52.667,0.003626
12:59:52.668,1.505769,12:59:52.668,35.949117,12:59:52.668,0.003297
12:59:52.669,1.421349,12:59:52.669,36.084189,12:59:52.669,0.00264
12:59:52.670,1.623957,12:59:52.670,35.966001,12:59:52.670,0.002969
12:59:52.671,1.556421,12:59:52.671,35.982885,12:59:52.671,0.003297
12:59:52.672,1.590189,12:59:52.672,35.982885,12:59:52.672,0.00264
12:59:52.673,1.522653,12:59:52.673,36.050421,12:59:52.673,0.002311
12:59:52.674,1.623957,12:59:52.674,35.949117,12:59:52.674,0.00264
12:59:52.675,1.623957,12:59:52.675,35.847813,12:59:52.675,0.001653
12:59:52.676,1.590189,12:59:52.676,35.881581,12:59:52.676,0.002311
12:59:52.677,1.472001,12:59:52.677,36.067305,12:59:52.677,0.004284
12:59:52.678,1.573305,12:59:52.678,35.847813,12:59:52.678,0.001982
12:59:52.679,1.607073,12:59:52.679,35.864697,12:59:52.679,0.001982
12:59:52.680,1.556421,12:59:52.680,35.729625,12:59:52.680,0.002311
12:59:52.681,1.505769,12:59:52.681,35.898465,12:59:52.681,0.003626
12:59:52.682,1.556421,12:59:52.682,35.814045,12:59:52.682,0.00264
12:59:52.683,1.573305,12:59:52.683,35.729625,12:59:52.683,0.004284
12:59:52.684,1.438233,12:59:52.684,35.780277,12:59:52.684,0.002311
12:59:52.685,1.404465,12:59:52.685,35.881581,12:59:52.685,0.002969
12:59:52.686,1.488885,12:59:52.686,35.814045,12:59:52.686,0.001653
12:59:52.687,1.573305,12:59:52.687,35.847813,12:59:52.687,0.002311
12:59:52.688,1.590189,12:59:52.688,35.662089,12:59:52.688,0.004284
12:59:52.689,1.455117,12:59:52.689,35.847813,12:59:52.689,0.002311
12:59:52.690,1.539537,12:59:52.690,35.729625,12:59:52.690,0.00264
12:59:52.691,1.573305,12:59:52.691,35.662089,12:59:52.691,0.003297
12:59:52.692,1.556421,12:59:52.692,35.645205,12:59:52.692,0.001653
12:59:52.693,1.522653,12:59:52.693,35.797161,12:59:52.693,0.00264
12:59:52.694,1.640841,12:59:52.694,35.662089,12:59:52.694,0.00264
12:59:52.695,1.674609,12:59:52.695,35.678973,12:59:52.695,0.002969
12:59:52.696,1.674609,12:59:52.696,35.712741,12:59:52.696,0.002311
12:59:52.697,1.623957,12:59:52.697,35.881581,12:59:52.697,0.002969
12:59:52.698,1.657725,12:59:52.698,35.678973,12:59:52.698,0.002969
12:59:52.699,1.623957,12:59:52.699,35.594553,12:59:52.699,0.003297
12:59:52.700,1.590189,12:59:52.700,35.611437,12:59:52.700,0.00264
12:59:52.701,1.607073,12:59:52.701,35.729625,12:59:52.701,0.003297
12:59:52.702,1.657725,12:59:52.702,35.594553,12:59:52.702,0.002311
12:59:52.703,1.674609,12:59:52.703,35.594553,12:59:52.703,0.00264
12:59:52.704,1.657725,12:59:52.704,35.543901,12:59:52.704,0.003626
12:59:52.705,1.539537,12:59:52.705,35.645205,12:59:52.705,0.002311
12:59:52.706,1.640841,12:59:52.706,35.577669,12:59:52.706,0.003626
12:59:52.707,1.640841,12:59:52.707,35.510133,12:59:52.707,0.00264
12:59:52.708,1.674609,12:59:52.708,35.493249,12:59:52.708,0.002311
12:59:52.709,1.623957,12:59:52.709,35.645205,12:59:52.709,0.001653
12:59:52.710,1.623957,12:59:52.710,35.510133,12:59:52.710,0.001653
12:59:52.711,1.674609,12:59:52.711,35.510133,12:59:52.711,0.002311
12:59:52.712,1.674609,12:59:52.712,35.577669,12:59:52.712,0.002969
12:59:52.713,1.590189,12:59:52.713,35.645205,12:59:52.713,0.003955
12:59:52.714,1.674609,12:59:52.714,35.678973,12:59:52.714,0.00264
12:59:52.715,1.674609,12:59:52.715,35.560785,12:59:52.715,0.002311
12:59:52.716,1.640841,12:59:52.716,35.611437,12:59:52.716,0.002969
12:59:52.717,1.640841,12:59:52.717,35.662089,12:59:52.717,0.00264
12:59:52.718,1.607073,12:59:52.718,35.560785,12:59:52.718,0.002311
12:59:52.719,1.607073,12:59:52.719,35.577669,12:59:52.719,0.00264
12:59:52.720,1.623957,12:59:52.720,35.560785,12:59:52.720,0.002969
12:59:52.721,1.539537,12:59:52.721,35.594553,12:59:52.721,0.003297
12:59:52.722,1.674609,12:59:52.722,35.476365,12:59:52.722,0.004284
12:59:52.723,1.657725,12:59:52.723,35.493249,12:59:52.723,0.003297
12:59:52.724,1.607073,12:59:52.724,35.527017,12:59:52.724,0.002969
12:59:52.725,1.556421,12:59:52.725,35.493249,12:59:52.725,0.001325
12:59:52.726,1.640841,12:59:52.726,35.476365,12:59:52.726,0.003297
12:59:52.727,1.657725,12:59:52.727,35.459481,12:59:52.727,0.002969
12:59:52.728,1.691493,12:59:52.728,35.476365,12:59:52.728,0.001653
12:59:52.729,1.674609,12:59:52.729,35.527017,12:59:52.729,0.00264
12:59:52.730,1.708377,12:59:52.730,35.543901,12:59:52.730,0.00264
12:59:52.731,1.742145,12:59:52.731,35.510133,12:59:52.731,0.003626
12:59:52.732,1.725261,12:59:52.732,35.391945,12:59:52.732,0.002311
12:59:52.733,1.691493,12:59:52.733,35.527017,12:59:52.733,0.003626
12:59:52.734,1.792797,12:59:52.734,35.510133,12:59:52.734,0.001325
12:59:52.735,1.809681,12:59:52.735,35.391945,12:59:52.735,0.002311
12:59:52.736,1.725261,12:59:52.736,35.442597,12:59:52.736,0.00264
12:59:52.737,1.742145,12:59:52.737,35.577669,12:59:52.737,0.005599
12:59:52.738,1.775913,12:59:52.738,35.543901,12:59:52.738,0.004284
12:59:52.739,1.725261,12:59:52.739,35.408829,12:59:52.739,0.00264
12:59:52.740,1.708377,12:59:52.740,35.375061,12:59:52.740,0.002311
12:59:52.741,1.691493,12:59:52.741,35.425713,12:59:52.741,0.002969
12:59:52.742,1.674609,12:59:52.742,35.510133,12:59:52.742,0.002311
12:59:52.743,1.674609,12:59:52.743,35.324409,12:59:52.743,0.003297
12:59:52.744,1.674609,12:59:52.744,35.273757,12:59:52.744,0.001325
12:59:52.745,1.623957,12:59:52.745,35.375061,12:59:52.745,0.002969
12:59:52.746,1.590189,12:59:52.746,35.391945,12:59:52.746,0.00264
12:59:52.747,1.640841,12:59:52.747,35.341293,12:59:52.747,0.39391
12:59:52.748,1.640841,12:59:52.748,35.256873,12:59:52.748,4.671247
12:59:52.749,1.590189,12:59:52.749,35.358177,12:59:52.749,5.773375
12:59:52.750,1.623957,12:59:52.750,35.442597,12:59:52.750,5.77765
12:59:52.751,1.607073,12:59:52.751,35.273757,12:59:52.751,5.802967
12:59:52.752,1.691493,12:59:52.752,35.324409,12:59:52.752,5.818749
12:59:52.753,1.708377,12:59:52.753,35.307525,12:59:52.753,5.83223
12:59:52.754,1.691493,12:59:52.754,35.324409,12:59:52.754,5.85689
12:59:52.755,1.623957,12:59:52.755,35.273757,12:59:52.755,5.795733
12:59:52.756,1.640841,12:59:52.756,35.206221,12:59:52.756,5.796062
12:59:52.757,1.640841,12:59:52.757,35.273757,12:59:52.757,5.797049
12:59:52.758,1.640841,12:59:52.758,35.358177,12:59:52.758,5.821708
12:59:52.759,1.775913,12:59:52.759,35.239989,12:59:52.759,5.827298
12:59:52.760,1.978521,12:59:52.760,35.172453,12:59:52.760,5.908511
12:59:52.761,2.316201,12:59:52.761,35.256873,12:59:52.761,5.909497
12:59:52.762,3.008444,12:59:52.762,35.239989,12:59:52.762,5.909497
12:59:52.763,4.207208,12:59:52.763,35.172453,12:59:52.763,5.905552
12:59:52.764,6.5372,12:59:52.764,35.15557,12:59:52.764,5.908182
12:59:52.765,10.167258,12:59:52.765,35.223105,12:59:52.765,5.904236
12:59:52.766,14.844125,12:59:52.766,35.391945,12:59:52.766,5.880234
12:59:52.767,19.808019,12:59:52.767,35.256873,12:59:52.767,5.843409
12:59:52.768,25.194014,12:59:52.768,35.206221,12:59:52.768,5.845711
12:59:52.769,31.306019,12:59:52.769,35.256873,12:59:52.769,5.859849
12:59:52.770,38.228456,12:59:52.770,35.206221,12:59:52.770,5.926266
12:59:52.771,45.421037,12:59:52.771,35.037382,12:59:52.771,5.921991
12:59:52.772,52.985064,12:59:52.772,34.919194,12:59:52.772,5.906538
12:59:52.773,60.971191,12:59:52.773,35.020498,12:59:52.773,5.897003
12:59:52.774,68.568986,12:59:52.774,35.003614,12:59:52.774,5.896345
12:59:52.775,75.052437,12:59:52.775,34.885426,12:59:52.775,5.890427
12:59:52.776,80.286472,12:59:52.776,34.936078,12:59:52.776,5.893715
12:59:52.777,84.034717,12:59:52.777,34.969846,12:59:52.777,5.839135
12:59:52.778,84.575004,12:59:52.778,35.054266,12:59:52.778,5.829271
12:59:52.779,79.712417,12:59:52.779,35.121802,12:59:52.779,5.834203
12:59:52.780,72.097739,12:59:52.780,35.189337,12:59:52.780,5.850643
12:59:52.781,64.111613,12:59:52.781,35.341293,12:59:52.781,5.852944
12:59:52.782,56.919034,12:59:52.782,35.476365,12:59:52.782,5.914758
12:59:52.783,53.272092,12:59:52.783,35.510133,12:59:52.783,5.923964
12:59:52.784,49.945946,12:59:52.784,35.510133,12:59:52.784,5.926923
12:59:52.785,44.762561,12:59:52.785,35.476365,12:59:52.785,5.928567
12:59:52.786,40.153231,12:59:52.786,35.442597,12:59:52.786,5.921334
12:59:52.787,36.894621,12:59:52.787,35.358177,12:59:52.787,5.906209
12:59:52.788,35.324409,12:59:52.788,35.358177,12:59:52.788,5.902921
12:59:52.789,35.121802,12:59:52.789,35.375061,12:59:52.789,5.86215
12:59:52.790,35.324409,12:59:52.790,35.442597,12:59:52.790,5.81842
12:59:52.791,36.894621,12:59:52.791,35.307525,12:59:52.791,5.819736
12:59:52.792,40.068811,12:59:52.792,35.172453,12:59:52.792,5.840121
12:59:52.793,44.813213,12:59:52.793,35.189337,12:59:52.793,5.919361
12:59:52.794,50.570654,12:59:52.794,35.223105,12:59:52.794,5.932513
12:59:52.795,55.990414,12:59:52.795,35.273757,12:59:52.795,5.928239
12:59:52.796,60.16076,12:59:52.796,35.493249,12:59:52.796,5.918375
12:59:52.797,62.710242,12:59:52.797,35.695857,12:59:52.797,5.92232
12:59:52.798,63.723281,12:59:52.798,35.830929,12:59:52.798,5.923307
12:59:52.799,62.82843,12:59:52.799,35.814045,12:59:52.799,5.914758
12:59:52.800,60.819235,12:59:52.800,35.982885,12:59:52.800,5.845382
12:59:52.801,58.691853,12:59:52.801,36.151725,12:59:52.801,5.828613
12:59:52.802,57.121642,12:59:52.802,36.236145,12:59:52.802,5.839463
12:59:52.803,55.956646,12:59:52.803,36.303681,12:59:52.803,5.844067
12:59:52.804,55.483895,12:59:52.804,36.438753,12:59:52.804,5.847026
12:59:52.805,55.331939,12:59:52.805,36.371217,12:59:52.805,5.852615
12:59:52.806,55.416359,12:59:52.806,36.388101,12:59:52.806,5.881221
12:59:52.807,54.825419,12:59:52.807,36.202377,12:59:52.807,5.901935
12:59:52.808,53.879916,12:59:52.808,36.269913,12:59:52.808,5.893715
12:59:52.809,53.13702,12:59:52.809,36.472521,12:59:52.809,5.883851
12:59:52.810,53.677308,12:59:52.810,36.658245,12:59:52.810,5.883522
12:59:52.811,55.737155,12:59:52.811,36.843969,12:59:52.811,5.871028
12:59:52.812,58.725621,12:59:52.812,37.114113,12:59:52.812,5.867082
12:59:52.813,61.393291,12:59:52.813,37.418024,12:59:52.813,5.872343
12:59:52.814,64.010309,12:59:52.814,37.688168,12:59:52.814,5.871028
12:59:52.815,66.120808,12:59:52.815,37.73882,12:59:52.815,5.806584
12:59:52.816,67.674134,12:59:52.816,37.857008,12:59:52.816,5.778636
12:59:52.817,68.58587,12:59:52.817,37.99208,12:59:52.817,5.795076
12:59:52.818,69.024853,12:59:52.818,38.0765,12:59:52.818,5.806584
12:59:52.819,68.568986,12:59:52.819,37.958312,12:59:52.819,5.827956
12:59:52.820,67.893626,12:59:52.820,37.90766,12:59:52.820,5.897332
12:59:52.821,66.627327,12:59:52.821,38.042732,12:59:52.821,5.903579
12:59:52.822,65.175304,12:59:52.822,38.211572,12:59:52.822,5.883193
12:59:52.823,62.74401,12:59:52.823,38.295992,12:59:52.823,5.875631
12:59:52.824,60.177644,12:59:52.824,38.599904,12:59:52.824,5.870042
12:59:52.825,57.729465,12:59:52.825,38.903816,12:59:52.825,5.86774
12:59:52.826,55.889111,12:59:52.826,39.393452,12:59:52.826,5.835189
12:59:52.827,54.622811,12:59:52.827,39.899971,12:59:52.827,5.807241
12:59:52.828,54.453971,12:59:52.828,40.541563,12:59:52.828,5.800994
12:59:52.829,55.264403,12:59:52.829,41.368879,12:59:52.829,5.803953
12:59:52.830,56.513818,12:59:52.830,42.584526,12:59:52.830,5.817434
12:59:52.831,57.695697,12:59:52.831,43.53003,12:59:52.831,5.883851
12:59:52.832,58.826925,12:59:52.832,44.272925,12:59:52.832,5.892729
12:59:52.833,59.502284,12:59:52.833,44.762561,12:59:52.833,5.891742
12:59:52.834,60.633511,12:59:52.834,45.421037,12:59:52.834,5.887468
12:59:52.835,59.249024,12:59:52.835,45.910672,12:59:52.835,5.879905
12:59:52.836,58.472361,12:59:52.836,46.062628,12:59:52.836,5.880563
12:59:52.837,57.661929,12:59:52.837,46.045744,12:59:52.837,5.882865
12:59:52.838,57.374902,12:59:52.838,46.180816,12:59:52.838,5.886153
12:59:52.839,57.847653,12:59:52.839,45.86002,12:59:52.839,5.889112
12:59:52.840,59.130836,12:59:52.840,45.269081,12:59:52.840,5.842423
12:59:52.841,61.055611,12:59:52.841,44.424881,12:59:52.841,5.825983
12:59:52.842,62.541402,12:59:52.842,44.036549,12:59:52.842,5.836504
12:59:52.843,64.094729,12:59:52.843,44.222273,12:59:52.843,1.502948
12:59:52.844,65.816896,12:59:52.844,44.576837,12:59:52.844,1.115623
12:59:52.845,66.779283,12:59:52.845,44.813213,12:59:52.845,0.904863
12:59:52.846,65.901316,12:59:52.846,45.539224,12:59:52.846,0.670759
12:59:52.847,64.010309,12:59:52.847,46.11328,12:59:52.847,0.420872
12:59:52.848,61.241335,12:59:52.848,46.383424,12:59:52.848,0.171313
12:59:52.849,58.269753,12:59:52.849,46.53538,12:59:52.849,-0.04405
12:59:52.850,55.213751,12:59:52.850,46.687336,12:59:52.850,-0.133483
12:59:52.851,52.411009,12:59:52.851,47.025016,12:59:52.851,-0.165048
12:59:52.852,50.249858,12:59:52.852,47.447115,12:59:52.852,-0.18346
12:59:52.853,48.595227,12:59:52.853,47.784795,12:59:52.853,-0.189379
12:59:52.854,47.632839,12:59:52.854,48.308199,12:59:52.854,-0.183789
12:59:52.855,47.227624,12:59:52.855,48.105591,12:59:52.855,-0.168993
12:59:52.856,46.940596,12:59:52.856,47.869215,12:59:52.856,-0.143676
12:59:52.857,46.721104,12:59:52.857,47.632839,12:59:52.857,-0.109481
12:59:52.858,46.923712,12:59:52.858,47.649723,12:59:52.858,-0.072984
12:59:52.859,46.130164,12:59:52.859,47.649723,12:59:52.859,-0.028596
12:59:52.860,44.475533,12:59:52.860,47.953635,12:59:52.860,0.004941
12:59:52.861,41.520835,12:59:52.861,48.578343,12:59:52.861,0.000667
12:59:52.862,38.279108,12:59:52.862,49.777106,12:59:52.862,0.00527
12:59:52.863,35.088034,12:59:52.863,50.38493,12:59:52.863,0.00264
12:59:52.864,32.285291,12:59:52.864,50.452466,12:59:52.864,0.002969
12:59:52.865,29.853996,12:59:52.865,49.929062,12:59:52.865,0.002311
12:59:52.866,28.165596,12:59:52.866,49.726454,12:59:52.866,0.00264
12:59:52.867,26.646037,12:59:52.867,49.28747,12:59:52.867,0.001982
12:59:52.868,25.734301,12:59:52.868,49.017327,12:59:52.868,0.002311
12:59:52.869,25.109594,12:59:52.869,48.916023,12:59:52.869,0.003955
12:59:52.870,25.058942,12:59:52.870,49.084863,12:59:52.870,0.003297
12:59:52.871,25.058942,12:59:52.871,48.696531,12:59:52.871,0.002311
12:59:52.872,25.869373,12:59:52.872,48.325083,12:59:52.872,0.00264
12:59:52.873,27.236977,12:59:52.873,48.071823,12:59:52.873,0.001982
12:59:52.874,28.114944,12:59:52.874,48.358851,12:59:52.874,0.002311
12:59:52.875,29.144868,12:59:52.875,48.730299,12:59:52.875,0.003297
12:59:52.876,29.634504,12:59:52.876,49.37189,12:59:52.876,0.001982
12:59:52.877,29.313708,12:59:52.877,50.013482,12:59:52.877,0.001653
12:59:52.878,28.43574,12:59:52.878,50.80703,12:59:52.878,0.005599
12:59:52.879,27.152557,12:59:52.879,50.975869,12:59:52.879,0.002311
12:59:52.880,24.991406,12:59:52.880,51.246013,12:59:52.880,0.001653
12:59:52.881,22.576995,12:59:52.881,51.448621,12:59:52.881,0.00264
12:59:52.882,20.348307,12:59:52.882,51.651229,12:59:52.882,0.001653
12:59:52.883,18.153388,12:59:52.883,51.279781,12:59:52.883,0.003626
12:59:52.884,16.245497,12:59:52.884,50.63819,12:59:52.884,0.00264
12:59:52.885,14.658401,12:59:52.885,50.030366,12:59:52.885,0.002311
12:59:52.886,13.408986,12:59:52.886,49.87841,12:59:52.886,0.002969
12:59:52.887,12.818046,12:59:52.887,49.591382,12:59:52.887,0.003297
12:59:52.888,12.767394,12:59:52.888,49.186166,12:59:52.888,0.003297
12:59:52.889,13.121958,12:59:52.889,49.000443,12:59:52.889,0.001653
12:59:52.890,14.016809,12:59:52.890,49.152398,12:59:52.890,0.002969
12:59:52.891,15.012965,12:59:52.891,49.236818,12:59:52.891,0.001982
12:59:52.892,15.874049,12:59:52.892,49.37189,12:59:52.892,0.002969
12:59:52.893,16.903972,12:59:52.893,49.743338,12:59:52.893,0.003626
12:59:52.894,17.748172,12:59:52.894,50.232974,12:59:52.894,0.000996
12:59:52.895,18.068968,12:59:52.895,50.63819,12:59:52.895,0.002311
12:59:52.896,18.339112,12:59:52.896,50.942101,12:59:52.896,0.001982
12:59:52.897,18.305344,12:59:52.897,51.178477,12:59:52.897,0.003297
12:59:52.898,18.20404,12:59:52.898,51.313549,12:59:52.898,0.001982
12:59:52.899,18.102736,12:59:52.899,51.347317,12:59:52.899,0.002969
12:59:52.900,17.815708,12:59:52.900,50.908333,12:59:52.900,0.001982
12:59:52.901,17.511796,12:59:52.901,50.418698,12:59:52.901,0.003297
12:59:52.902,17.10658,12:59:52.902,49.996598,12:59:52.902,0.00264
12:59:52.903,16.887088,12:59:52.903,49.388774,12:59:52.903,0.004284
12:59:52.904,15.975353,12:59:52.904,48.865371,12:59:52.904,0.002311
12:59:52.905,11.872542,12:59:52.905,48.645879,12:59:52.905,0.00264
12:59:52.906,5.676116,12:59:52.906,48.578343,12:59:52.906,0.003297
12:59:52.907,1.083669,12:59:52.907,48.595227,12:59:52.907,0.003297
12:59:52.908,-2.580158,12:59:52.908,48.679647,12:59:52.908,0.002969
12:59:52.909,-3.356822,12:59:52.909,48.831603,12:59:52.909,0.003297
12:59:52.910,-3.39059,12:59:52.910,49.169282,12:59:52.910,0.003626
12:59:52.911,-3.407474,12:59:52.911,49.439426,12:59:52.911,0.001325
12:59:52.912,-3.407474,12:59:52.912,49.760222,12:59:52.912,0.004612
12:59:52.913,-3.407474,12:59:52.913,50.165438,12:59:52.913,0.002969
12:59:52.914,-3.424358,12:59:52.914,50.452466,12:59:52.914,0.00264
12:59:52.915,-3.407474,12:59:52.915,50.655074,12:59:52.915,0.002311
12:59:52.916,-3.424358,12:59:52.916,50.418698,12:59:52.916,0.00264
12:59:52.917,-3.424358,12:59:52.917,50.064134,12:59:52.917,0.00264
12:59:52.918,-3.424358,12:59:52.918,49.62515,12:59:52.918,0.002969
12:59:52.919,-3.407474,12:59:52.919,49.152398,12:59:52.919,0.002969
12:59:52.920,-3.373706,12:59:52.920,48.527691,12:59:52.920,0.002311
12:59:52.921,-3.323054,12:59:52.921,48.054939,12:59:52.921,0.002969
12:59:52.922,-2.816534,12:59:52.922,47.919867,12:59:52.922,0.00264
12:59:52.923,-0.672267,12:59:52.923,47.734143,12:59:52.923,0.001653
12:59:52.924,2.924024,12:59:52.924,47.463999,12:59:52.924,0.000996
12:59:52.925,6.976183,12:59:52.925,47.29516,12:59:52.925,0.00264
12:59:52.926,11.095878,12:59:52.926,47.480883,12:59:52.926,0.002969
12:59:52.927,14.506445,12:59:52.927,47.683491,12:59:52.927,0.002969
12:59:52.928,17.292304,12:59:52.928,47.734143,12:59:52.928,0.003626
12:59:52.929,19.537876,12:59:52.929,48.021171,12:59:52.929,0.002969
12:59:52.930,21.428883,12:59:52.930,48.493923,12:59:52.930,0.002311
12:59:52.931,22.81337,12:59:52.931,48.713415,12:59:52.931,0.002311
12:59:52.932,23.74199,12:59:52.932,48.561459,12:59:52.932,0.002969
12:59:52.933,23.860178,12:59:52.933,48.426387,12:59:52.933,0.002311
12:59:52.934,23.505614,12:59:52.934,48.291315,12:59:52.934,0.003626
12:59:52.935,22.796486,12:59:52.935,48.139359,12:59:52.935,0.002311
12:59:52.936,21.378231,12:59:52.936,47.565303,12:59:52.936,0.002969
12:59:52.937,19.335268,12:59:52.937,47.244508,12:59:52.937,0.002969
12:59:52.938,16.752017,12:59:52.938,46.991248,12:59:52.938,0.001982
12:59:52.939,14.050577,12:59:52.939,46.78864,12:59:52.939,0.00264
12:59:52.940,11.281602,12:59:52.940,46.467844,12:59:52.940,0.004284
12:59:52.941,8.242483,12:59:52.941,46.383424,12:59:52.941,0.002969
12:59:52.942,5.10206,12:59:52.942,46.349656,12:59:52.942,0.00264
12:59:52.943,2.113593,12:59:52.943,46.400308,12:59:52.943,0.002969
12:59:52.944,-0.385239,12:59:52.944,46.299004,12:59:52.944,0.002969
12:59:52.945,-2.141174,12:59:52.945,46.214584,12:59:52.945,0.002311
12:59:52.946,-3.05291,12:59:52.946,46.434076,12:59:52.946,0.00264
12:59:52.947,-3.289286,12:59:52.947,46.569148,12:59:52.947,0.002969
12:59:52.948,-3.356822,12:59:52.948,46.670452,12:59:52.948,0.001653
12:59:52.949,-3.373706,12:59:52.949,46.670452,12:59:52.949,0.002969
12:59:52.950,-3.39059,12:59:52.950,46.569148,12:59:52.950,0.003297
12:59:52.951,-3.373706,12:59:52.951,46.653568,12:59:52.951,0.002969
12:59:52.952,-3.373706,12:59:52.952,46.36654,12:59:52.952,0.001982
12:59:52.953,-3.373706,12:59:52.953,46.045744,12:59:52.953,0.002969
12:59:52.954,-3.30617,12:59:52.954,45.69118,12:59:52.954,0.004612
12:59:52.955,-3.13733,12:59:52.955,45.539224,12:59:52.955,0.003297
12:59:52.956,-2.580158,12:59:52.956,45.235313,12:59:52.956,0.003955
12:59:52.957,-1.347627,12:59:52.957,44.965169,12:59:52.957,0.001653
12:59:52.958,0.509613,12:59:52.958,44.813213,12:59:52.958,0.003955
12:59:52.959,2.400621,12:59:52.959,44.745677,12:59:52.959,0.003297
12:59:52.960,4.392932,12:59:52.960,44.644373,12:59:52.960,0.002969
12:59:52.961,6.36836,12:59:52.961,44.526185,12:59:52.961,0.003297
12:59:52.962,8.208715,12:59:52.962,44.593721,12:59:52.962,0.00264
12:59:52.963,9.913999,12:59:52.963,44.711909,12:59:52.963,0.00264
12:59:52.964,11.31537,12:59:52.964,44.695025,12:59:52.964,0.001653
12:59:52.965,12.395946,12:59:52.965,44.711909,12:59:52.965,0.002311
12:59:52.966,13.105074,12:59:52.966,44.796329,12:59:52.966,0.002311
12:59:52.967,13.375218,12:59:52.967,45.100241,12:59:52.967,0.004612
12:59:52.968,13.290798,12:59:52.968,44.863865,12:59:52.968,0.002311
12:59:52.969,12.953118,12:59:52.969,44.779445,12:59:52.969,0.002311
12:59:52.970,12.210222,12:59:52.970,44.644373,12:59:52.970,0.00264
12:59:52.971,11.23095,12:59:52.971,44.728793,12:59:52.971,0.00264
12:59:52.972,10.201026,12:59:52.972,44.559953,12:59:52.972,0.001982
12:59:52.973,8.850307,12:59:52.973,44.323577,12:59:52.973,0.002969
12:59:52.974,7.364515,12:59:52.974,44.272925,12:59:52.974,0.00264
12:59:52.975,5.828072,12:59:52.975,44.323577,12:59:52.975,0.001325
12:59:52.976,4.308512,12:59:52.976,44.120969,12:59:52.976,0.002969
12:59:52.977,2.873372,12:59:52.977,44.070317,12:59:52.977,0.002969
12:59:52.978,1.640841,12:59:52.978,44.070317,12:59:52.978,0.002969
12:59:52.979,0.509613,12:59:52.979,44.087201,12:59:52.979,0.003297
12:59:52.980,-0.317703,12:59:52.980,44.053433,12:59:52.980,0.003626
12:59:52.981,-1.060599,12:59:52.981,44.053433,12:59:52.981,0.002969
12:59:52.982,-1.499582,12:59:52.982,44.120969,12:59:52.982,0.002311
12:59:52.983,-1.854146,12:59:52.983,44.205389,12:59:52.983,0.002969
12:59:52.984,-2.022986,12:59:52.984,44.239157,12:59:52.984,0.002311
12:59:52.985,-2.107406,12:59:52.985,44.188505,12:59:52.985,0.003626
12:59:52.986,-2.056754,12:59:52.986,44.154737,12:59:52.986,0.002969
12:59:52.987,-1.921682,12:59:52.987,44.323577,12:59:52.987,0.001325
12:59:52.988,-1.550234,12:59:52.988,44.256041,12:59:52.988,0.002969
12:59:52.989,-1.077483,12:59:52.989,44.323577,12:59:52.989,0.002969
12:59:52.990,-0.469659,12:59:52.990,44.205389,12:59:52.990,0.002311
12:59:52.991,0.290121,12:59:52.991,44.222273,12:59:52.991,0.002311
12:59:52.992,1.218741,12:59:52.992,44.222273,12:59:52.992,0.003297
12:59:52.993,2.012289,12:59:52.993,44.070317,12:59:52.993,0.003297
12:59:52.994,2.890256,12:59:52.994,44.087201,12:59:52.994,0.002311
12:59:52.995,3.548732,12:59:52.995,44.289809,12:59:52.995,0.002969
12:59:52.996,4.240976,12:59:52.996,44.171621,12:59:52.996,0.002311
12:59:52.997,4.8488,12:59:52.997,44.087201,12:59:52.997,0.002969
12:59:52.998,5.43974,12:59:52.998,44.053433,12:59:52.998,0.004284
12:59:52.999,5.743652,12:59:52.999,44.171621,12:59:52.999,0.002969
12:59:53.000,6.047564,12:59:53.000,44.019665,12:59:53.000,0.002969
12:59:53.001,6.131984,12:59:53.001,43.901477,12:59:53.001,0.002969
12:59:53.002,6.131984,12:59:53.002,43.884593,12:59:53.002,0.003297
12:59:53.003,5.996912,12:59:53.003,43.969013,12:59:53.003,0.00264
12:59:53.004,5.659232,12:59:53.004,43.918361,12:59:53.004,0.002311
12:59:53.005,5.304668,12:59:53.005,43.867709,12:59:53.005,0.002311
12:59:53.006,4.966988,12:59:53.006,43.918361,12:59:53.006,0.002969
12:59:53.007,4.443584,12:59:53.007,44.036549,12:59:53.007,0.004284
12:59:53.008,3.953948,12:59:53.008,44.154737,12:59:53.008,0.002969
12:59:53.009,3.565616,12:59:53.009,44.188505,12:59:53.009,0.002311
12:59:53.010,2.957792,12:59:53.010,44.272925,12:59:53.010,0.002969
12:59:53.011,2.468157,12:59:53.011,44.424881,12:59:53.011,0.002311
12:59:53.012,1.961637,12:59:53.012,44.492417,12:59:53.012,0.004284
12:59:53.013,1.505769,12:59:53.013,44.543069,12:59:53.013,0.002969
12:59:53.014,1.083669,12:59:53.014,44.559953,12:59:53.014,0.00264
12:59:53.015,0.729105,12:59:53.015,44.695025,12:59:53.015,0.003297
12:59:53.016,0.560265,12:59:53.016,44.492417,12:59:53.016,0.002311
12:59:53.017,0.374541,12:59:53.017,44.323577,12:59:53.017,0.003297
12:59:53.018,0.323889,12:59:53.018,44.323577,12:59:53.018,0.00264
12:59:53.019,0.205701,12:59:53.019,44.407997,12:59:53.019,0.001982
12:59:53.020,0.256353,12:59:53.020,44.391113,12:59:53.020,0.002311
12:59:53.021,0.509613,12:59:53.021,44.104085,12:59:53.021,0.00264
12:59:53.022,0.762873,12:59:53.022,44.137853,12:59:53.022,0.002311
12:59:53.023,0.914829,12:59:53.023,44.256041,12:59:53.023,0.003297
12:59:53.024,1.320045,12:59:53.024,44.323577,12:59:53.024,0.002311
12:59:53.025,1.657725,12:59:53.025,44.205389,12:59:53.025,0.002311
12:59:53.026,2.079825,12:59:53.026,44.272925,12:59:53.026,0.002969
12:59:53.027,2.485041,12:59:53.027,44.728793,12:59:53.027,0.000996
12:59:53.028,2.940908,12:59:53.028,44.846981,12:59:53.028,0.002311
12:59:53.029,3.41366,12:59:53.029,44.745677,12:59:53.029,0.003955
12:59:53.030,3.886412,12:59:53.030,44.863865,12:59:53.030,0.002311
12:59:53.031,4.207208,12:59:53.031,45.100241,12:59:53.031,0.003297
12:59:53.032,4.443584,12:59:53.032,45.083357,12:59:53.032,0.003626
12:59:53.033,4.696844,12:59:53.033,44.897633,12:59:53.033,0.002969
12:59:53.034,4.8488,12:59:53.034,44.897633,12:59:53.034,0.001982
12:59:53.035,4.899452,12:59:53.035,45.083357,12:59:53.035,0.002311
12:59:53.036,4.899452,12:59:53.036,44.931401,12:59:53.036,0.002311
12:59:53.037,4.899452,12:59:53.037,44.762561,12:59:53.037,0.00264
12:59:53.038,4.882568,12:59:53.038,44.576837,12:59:53.038,0.004941
12:59:53.039,4.663076,12:59:53.039,44.661257,12:59:53.039,0.004612
12:59:53.040,4.477352,12:59:53.040,44.458649,12:59:53.040,0.00264
12:59:53.041,4.17344,12:59:53.041,44.374229,12:59:53.041,0.003955
12:59:53.042,4.021484,12:59:53.042,44.289809,12:59:53.042,0.001653
12:59:53.043,3.683804,12:59:53.043,44.492417,12:59:53.043,0.002969
12:59:53.044,3.49808,12:59:53.044,44.627489,12:59:53.044,0.001982
12:59:53.045,3.126632,12:59:53.045,44.475533,12:59:53.045,0.002969
12:59:53.046,2.90714,12:59:53.046,44.509301,12:59:53.046,0.001653
12:59:53.047,2.586345,12:59:53.047,44.796329,12:59:53.047,0.003626
12:59:53.048,2.299317,12:59:53.048,44.897633,12:59:53.048,0.003297
12:59:53.049,2.130477,12:59:53.049,44.796329,12:59:53.049,0.002311
12:59:53.050,1.910985,12:59:53.050,44.931401,12:59:53.050,0.002311
12:59:53.051,1.792797,12:59:53.051,45.100241,12:59:53.051,0.00264
12:59:53.052,1.742145,12:59:53.052,45.100241,12:59:53.052,0.00264
12:59:53.053,1.809681,12:59:53.053,44.982053,12:59:53.053,0.004284
12:59:53.054,1.759029,12:59:53.054,44.914517,12:59:53.054,0.002311
12:59:53.055,1.792797,12:59:53.055,45.066473,12:59:53.055,0.00264
12:59:53.056,1.826565,12:59:53.056,45.049589,12:59:53.056,0.001982
12:59:53.057,2.029173,12:59:53.057,44.779445,12:59:53.057,0.001653
12:59:53.058,2.096709,12:59:53.058,44.644373,12:59:53.058,0.002969
12:59:53.059,2.316201,12:59:53.059,44.779445,12:59:53.059,0.002969
12:59:53.060,2.485041,12:59:53.060,44.813213,12:59:53.060,0.00264
12:59:53.061,2.653881,12:59:53.061,44.593721,12:59:53.061,0.003955
12:59:53.062,2.890256,12:59:53.062,44.543069,12:59:53.062,0.003297
12:59:53.063,3.126632,12:59:53.063,44.711909,12:59:53.063,0.002311
12:59:53.064,3.261704,12:59:53.064,44.695025,12:59:53.064,0.003297
12:59:53.065,3.531848,12:59:53.065,44.543069,12:59:53.065,0.001982
12:59:53.066,3.734456,12:59:53.066,44.627489,12:59:53.066,0.002311
12:59:53.067,3.869528,12:59:53.067,44.661257,12:59:53.067,0.003626
12:59:53.068,4.072136,12:59:53.068,44.779445,12:59:53.068,0.001982
12:59:53.069,4.207208,12:59:53.069,44.644373,12:59:53.069,0.002969
12:59:53.070,4.34228,12:59:53.070,44.728793,12:59:53.070,0.00264
12:59:53.071,4.392932,12:59:53.071,44.830097,12:59:53.071,0.003297
12:59:53.072,4.51112,12:59:53.072,44.813213,12:59:53.072,0.002311
12:59:53.073,4.51112,12:59:53.073,44.728793,12:59:53.073,0.005599
12:59:53.074,4.477352,12:59:53.074,44.559953,12:59:53.074,0.000667
12:59:53.075,4.325396,12:59:53.075,44.610605,12:59:53.075,0.002311
12:59:53.076,4.156556,12:59:53.076,44.576837,12:59:53.076,0.003626
12:59:53.077,4.122788,12:59:53.077,44.576837,12:59:53.077,0.001982
12:59:53.078,3.970832,12:59:53.078,44.492417,12:59:53.078,0.001653
12:59:53.079,3.785108,12:59:53.079,44.441765,12:59:53.079,0.003297
12:59:53.080,3.633152,12:59:53.080,44.424881,12:59:53.080,0.003297
12:59:53.081,3.5825,12:59:53.081,44.272925,12:59:53.081,0.003297
12:59:53.082,3.346124,12:59:53.082,44.154737,12:59:53.082,0.001982
12:59:53.083,3.194168,12:59:53.083,44.137853,12:59:53.083,0.001653
12:59:53.084,3.059096,12:59:53.084,44.188505,12:59:53.084,0.002311
12:59:53.085,2.90714,12:59:53.085,44.120969,12:59:53.085,0.000996
12:59:53.086,2.856488,12:59:53.086,44.087201,12:59:53.086,0.003297
12:59:53.087,2.788952,12:59:53.087,44.036549,12:59:53.087,0.003297
12:59:53.088,2.704532,12:59:53.088,44.053433,12:59:53.088,0.002969
12:59:53.089,2.636997,12:59:53.089,44.002781,12:59:53.089,0.002311
12:59:53.090,2.586345,12:59:53.090,44.036549,12:59:53.090,0.004941
12:59:53.091,2.434389,12:59:53.091,44.036549,12:59:53.091,0.001982
12:59:53.092,2.434389,12:59:53.092,44.002781,12:59:53.092,0.002311
12:59:53.093,2.349969,12:59:53.093,43.935245,12:59:53.093,0.001653
12:59:53.094,2.417505,12:59:53.094,43.833941,12:59:53.094,0.002311
12:59:53.095,2.552577,12:59:53.095,43.918361,12:59:53.095,0.002969
12:59:53.096,2.518809,12:59:53.096,43.901477,12:59:53.096,0.003297
12:59:53.097,2.636997,12:59:53.097,43.817057,12:59:53.097,0.001982
12:59:53.098,2.586345,12:59:53.098,43.783289,12:59:53.098,0.00264
12:59:53.099,2.805836,12:59:53.099,43.749521,12:59:53.099,0.001982
12:59:53.100,2.90714,12:59:53.100,43.800173,12:59:53.100,0.003297
12:59:53.101,3.008444,12:59:53.101,43.631333,12:59:53.101,0.001982
12:59:53.102,3.042212,12:59:53.102,43.614449,12:59:53.102,0.002311
12:59:53.103,3.07598,12:59:53.103,43.546913,12:59:53.103,0.003626
12:59:53.104,3.177284,12:59:53.104,43.631333,12:59:53.104,0.003626
12:59:53.105,3.295472,12:59:53.105,43.631333,12:59:53.105,0.00264
12:59:53.106,3.379892,12:59:53.106,43.563797,12:59:53.106,0.00264
12:59:53.107,3.32924,12:59:53.107,43.631333,12:59:53.107,0.002969
12:59:53.108,3.312356,12:59:53.108,43.698869,12:59:53.108,0.002969
12:59:53.109,3.447428,12:59:53.109,43.614449,12:59:53.109,0.003297
12:59:53.110,3.481196,12:59:53.110,43.631333,12:59:53.110,0.001325
12:59:53.111,3.447428,12:59:53.111,43.53003,12:59:53.111,0.002311
12:59:53.112,3.396776,12:59:53.112,43.546913,12:59:53.112,0.00264
12:59:53.113,3.481196,12:59:53.113,43.36119,12:59:53.113,0.003297
12:59:53.114,3.379892,12:59:53.114,43.293654,12:59:53.114,0.001982
12:59:53.115,3.346124,12:59:53.115,43.243002,12:59:53.115,0.00264
12:59:53.116,3.177284,12:59:53.116,43.36119,12:59:53.116,0.002969
12:59:53.117,3.092864,12:59:53.117,43.344306,12:59:53.117,0.003626
12:59:53.118,3.07598,12:59:53.118,43.226118,12:59:53.118,0.001653
12:59:53.119,2.974676,12:59:53.119,43.209234,12:59:53.119,0.002969
12:59:53.120,2.788952,12:59:53.120,43.310538,12:59:53.120,0.002311
12:59:53.121,2.7383,12:59:53.121,43.243002,12:59:53.121,0.00264
12:59:53.122,2.586345,12:59:53.122,43.141698,12:59:53.122,0.002969
12:59:53.123,2.518809,12:59:53.123,43.091046,12:59:53.123,0.002969
12:59:53.124,2.400621,12:59:53.124,43.344306,12:59:53.124,0.00264
12:59:53.125,2.214897,12:59:53.125,43.226118,12:59:53.125,0.00264
12:59:53.126,2.079825,12:59:53.126,43.243002,12:59:53.126,0.00264
12:59:53.127,2.029173,12:59:53.127,43.209234,12:59:53.127,0.003626
12:59:53.128,1.894101,12:59:53.128,43.344306,12:59:53.128,0.003955
12:59:53.129,1.894101,12:59:53.129,43.259886,12:59:53.129,0.00264
12:59:53.130,1.843449,12:59:53.130,43.209234,12:59:53.130,0.003626
12:59:53.131,1.877217,12:59:53.131,42.972858,12:59:53.131,0.003626
12:59:53.132,1.877217,12:59:53.132,43.040394,12:59:53.132,0.001982
12:59:53.133,1.860333,12:59:53.133,42.85467,12:59:53.133,0.00264
12:59:53.134,1.894101,12:59:53.134,42.972858,12:59:53.134,0.002969
12:59:53.135,1.944753,12:59:53.135,42.837786,12:59:53.135,0.002311
12:59:53.136,1.944753,12:59:53.136,42.837786,12:59:53.136,0.003626
12:59:53.137,2.079825,12:59:53.137,42.871554,12:59:53.137,0.002311
12:59:53.138,2.130477,12:59:53.138,42.736482,12:59:53.138,0.001653
12:59:53.139,2.231781,12:59:53.139,42.787134,12:59:53.139,0.003626
12:59:53.140,2.265549,12:59:53.140,42.837786,12:59:53.140,0.001325
12:59:53.141,2.383737,12:59:53.141,42.85467,12:59:53.141,0.002969
12:59:53.142,2.451273,12:59:53.142,42.719598,12:59:53.142,0.002311
12:59:53.143,2.603229,12:59:53.143,42.753366,12:59:53.143,0.002969
12:59:53.144,2.603229,12:59:53.144,42.922206,12:59:53.144,0.003955
12:59:53.145,2.653881,12:59:53.145,42.888438,12:59:53.145,0.002311
12:59:53.146,2.704532,12:59:53.146,42.736482,12:59:53.146,0.002969
12:59:53.147,2.755184,12:59:53.147,42.736482,12:59:53.147,0.00264
12:59:53.148,2.687649,12:59:53.148,42.719598,12:59:53.148,0.00264
12:59:53.149,2.687649,12:59:53.149,42.635178,12:59:53.149,0.001982
12:59:53.150,2.620113,12:59:53.150,42.584526,12:59:53.150,0.002311
12:59:53.151,2.569461,12:59:53.151,42.533874,12:59:53.151,0.001325
12:59:53.152,2.552577,12:59:53.152,42.68583,12:59:53.152,0.00264
12:59:53.153,2.400621,12:59:53.153,42.668946,12:59:53.153,0.001325
12:59:53.154,2.299317,12:59:53.154,42.533874,12:59:53.154,0.002311
12:59:53.155,2.265549,12:59:53.155,42.550758,12:59:53.155,0.000996
12:59:53.156,2.130477,12:59:53.156,42.635178,12:59:53.156,0.001982
12:59:53.157,2.029173,12:59:53.157,42.635178,12:59:53.157,0.00264
12:59:53.158,1.843449,12:59:53.158,42.60141,12:59:53.158,0.002969
12:59:53.159,1.742145,12:59:53.159,42.550758,12:59:53.159,0.002969
12:59:53.160,1.657725,12:59:53.160,42.567642,12:59:53.160,0.003297
12:59:53.161,1.573305,12:59:53.161,42.550758,12:59:53.161,0.002969
12:59:53.162,1.438233,12:59:53.162,42.500106,12:59:53.162,0.002969
12:59:53.163,1.370697,12:59:53.163,42.398802,12:59:53.163,0.00264
12:59:53.164,1.269393,12:59:53.164,42.550758,12:59:53.164,0.003297
12:59:53.165,1.168089,12:59:53.165,42.466338,12:59:53.165,0.002311
12:59:53.166,1.252509,12:59:53.166,42.381918,12:59:53.166,0.002969
12:59:53.167,1.235625,12:59:53.167,42.365034,12:59:53.167,0.003297
12:59:53.168,1.218741,12:59:53.168,42.43257,12:59:53.168,0.002311
12:59:53.169,1.218741,12:59:53.169,42.483222,12:59:53.169,0.003626
12:59:53.170,1.320045,12:59:53.170,42.34815,12:59:53.170,0.00264
12:59:53.171,1.438233,12:59:53.171,42.34815,12:59:53.171,0.001982
12:59:53.172,1.421349,12:59:53.172,42.483222,12:59:53.172,0.002311
12:59:53.173,1.573305,12:59:53.173,42.550758,12:59:53.173,0.003297
12:59:53.174,1.708377,12:59:53.174,42.331266,12:59:53.174,0.003626
12:59:53.175,1.759029,12:59:53.175,42.297498,12:59:53.175,0.001325
12:59:53.176,1.792797,12:59:53.176,42.331266,12:59:53.176,0.00264
12:59:53.177,1.910985,12:59:53.177,42.449454,12:59:53.177,0.001653
12:59:53.178,2.012289,12:59:53.178,42.280614,12:59:53.178,0.000996
12:59:53.179,2.130477,12:59:53.179,42.297498,12:59:53.179,0.003626
12:59:53.180,2.164245,12:59:53.180,42.26373,12:59:53.180,0.00264
12:59:53.181,2.248665,12:59:53.181,42.229962,12:59:53.181,0.00264
12:59:53.182,2.299317,12:59:53.182,42.145542,12:59:53.182,0.003297
12:59:53.183,2.282433,12:59:53.183,42.213078,12:59:53.183,0.003626
12:59:53.184,2.282433,12:59:53.184,42.26373,12:59:53.184,0.002311
12:59:53.185,2.231781,12:59:53.185,42.314382,12:59:53.185,0.003297
12:59:53.186,2.248665,12:59:53.186,42.229962,12:59:53.186,0.00264
12:59:53.187,2.214897,12:59:53.187,42.17931,12:59:53.187,0.002311
12:59:53.188,2.130477,12:59:53.188,42.34815,12:59:53.188,0.001982
12:59:53.189,2.046057,12:59:53.189,42.331266,12:59:53.189,0.002311
12:59:53.190,2.079825,12:59:53.190,42.213078,12:59:53.190,0.001982
12:59:53.191,1.944753,12:59:53.191,42.26373,12:59:53.191,0.001982
12:59:53.192,1.826565,12:59:53.192,42.246846,12:59:53.192,0.001982
12:59:53.193,1.775913,12:59:53.193,42.381918,12:59:53.193,0.00264
12:59:53.194,1.708377,12:59:53.194,42.17931,12:59:53.194,0.003626
12:59:53.195,1.573305,12:59:53.195,42.17931,12:59:53.195,0.002311
12:59:53.196,1.539537,12:59:53.196,42.229962,12:59:53.196,0.002969
12:59:53.197,1.472001,12:59:53.197,42.26373,12:59:53.197,0.001653
12:59:53.198,1.472001,12:59:53.198,42.01047,12:59:53.198,0.003626
12:59:53.199,1.539537,12:59:53.199,42.044238,12:59:53.199,0.002969
12:59:53.200,1.387581,12:59:53.200,42.145542,12:59:53.200,0.002969
12:59:53.201,1.353813,12:59:53.201,42.128658,12:59:53.201,0.002969
12:59:53.202,1.421349,12:59:53.202,41.942934,12:59:53.202,0.002311
12:59:53.203,1.421349,12:59:53.203,41.909166,12:59:53.203,0.002969
12:59:53.204,1.387581,12:59:53.204,41.993586,12:59:53.204,0.00264
12:59:53.205,1.421349,12:59:53.205,42.01047,12:59:53.205,0.003626
12:59:53.206,1.539537,12:59:53.206,41.858514,12:59:53.206,0.003626
12:59:53.207,1.623957,12:59:53.207,41.790978,12:59:53.207,0.004284
12:59:53.208,1.640841,12:59:53.208,41.959818,12:59:53.208,0.003297
12:59:53.209,1.725261,12:59:53.209,42.027354,12:59:53.209,0.002311
12:59:53.210,1.860333,12:59:53.210,41.892282,12:59:53.210,0.001982
12:59:53.211,1.961637,12:59:53.211,41.976702,12:59:53.211,0.002969
12:59:53.212,2.062941,12:59:53.212,41.959818,12:59:53.212,0.00264
12:59:53.213,2.113593,12:59:53.213,42.111774,12:59:53.213,0.00264
12:59:53.214,2.231781,12:59:53.214,41.942934,12:59:53.214,0.002969
12:59:53.215,2.265549,12:59:53.215,41.858514,12:59:53.215,0.001982
12:59:53.216,2.316201,12:59:53.216,42.01047,12:59:53.216,0.00264
12:59:53.217,2.417505,12:59:53.217,42.044238,12:59:53.217,0.00264
12:59:53.218,2.417505,12:59:53.218,41.909166,12:59:53.218,0.003626
12:59:53.219,2.485041,12:59:53.219,41.892282,12:59:53.219,0.004284
12:59:53.220,2.451273,12:59:53.220,41.959818,12:59:53.220,0.003955
12:59:53.221,2.316201,12:59:53.221,42.027354,12:59:53.221,0.001653
12:59:53.222,2.349969,12:59:53.222,41.892282,12:59:53.222,0.003626
12:59:53.223,2.316201,12:59:53.223,41.723442,12:59:53.223,0.002969
12:59:53.224,2.231781,12:59:53.224,41.774094,12:59:53.224,0.003626
12:59:53.225,2.096709,12:59:53.225,41.976702,12:59:53.225,0.002969
12:59:53.226,2.079825,12:59:53.226,41.807862,12:59:53.226,0.004284
12:59:53.227,1.995405,12:59:53.227,41.774094,12:59:53.227,0.002311
12:59:53.228,1.995405,12:59:53.228,41.892282,12:59:53.228,0.001982
12:59:53.229,1.826565,12:59:53.229,42.01047,12:59:53.229,0.002969
12:59:53.230,1.860333,12:59:53.230,41.892282,12:59:53.230,0.001982
12:59:53.231,1.877217,12:59:53.231,41.875398,12:59:53.231,0.004284
12:59:53.232,1.792797,12:59:53.232,41.858514,12:59:53.232,0.003297
12:59:53.233,1.742145,12:59:53.233,42.027354,12:59:53.233,0.002311
12:59:53.234,1.742145,12:59:53.234,41.875398,12:59:53.234,0.002969
12:59:53.235,1.826565,12:59:53.235,41.75721,12:59:53.235,0.002969
12:59:53.236,1.775913,12:59:53.236,41.875398,12:59:53.236,0.004612
12:59:53.237,1.809681,12:59:53.237,41.976702,12:59:53.237,0.00264
12:59:53.238,1.877217,12:59:53.238,41.807862,12:59:53.238,0.002969
12:59:53.239,1.944753,12:59:53.239,41.723442,12:59:53.239,0.002969
12:59:53.240,1.877217,12:59:53.240,41.807862,12:59:53.240,0.002969
12:59:53.241,1.910985,12:59:53.241,41.824746,12:59:53.241,0.003626
12:59:53.242,2.029173,12:59:53.242,41.605254,12:59:53.242,0.002311
12:59:53.243,2.062941,12:59:53.243,41.605254,12:59:53.243,0.001982
12:59:53.244,2.147361,12:59:53.244,41.554602,12:59:53.244,0.003955
12:59:53.245,2.181129,12:59:53.245,41.723442,12:59:53.245,0.00264
12:59:53.246,2.333085,12:59:53.246,41.554602,12:59:53.246,0.002969
12:59:53.247,2.400621,12:59:53.247,41.605254,12:59:53.247,0.001653
12:59:53.248,2.468157,12:59:53.248,41.554602,12:59:53.248,0.002311
12:59:53.249,2.400621,12:59:53.249,41.740326,12:59:53.249,0.002969
12:59:53.250,2.451273,12:59:53.250,41.75721,12:59:53.250,0.002969
12:59:53.251,2.485041,12:59:53.251,41.774094,12:59:53.251,0.002969
12:59:53.252,2.518809,12:59:53.252,41.75721,12:59:53.252,0.001982
12:59:53.253,2.485041,12:59:53.253,41.858514,12:59:53.253,0.002969
12:59:53.254,2.569461,12:59:53.254,41.75721,12:59:53.254,0.00264
12:59:53.255,2.485041,12:59:53.255,41.723442,12:59:53.255,0.001653
12:59:53.256,2.518809,12:59:53.256,41.790978,12:59:53.256,0.00264
12:59:53.257,2.468157,12:59:53.257,41.790978,12:59:53.257,0.001325
12:59:53.258,2.434389,12:59:53.258,41.75721,12:59:53.258,0.002969
12:59:53.259,2.299317,12:59:53.259,41.723442,12:59:53.259,0.000996
12:59:53.260,2.198013,12:59:53.260,41.622138,12:59:53.260,0.00264
12:59:53.261,2.113593,12:59:53.261,41.75721,12:59:53.261,0.002311
12:59:53.262,2.062941,12:59:53.262,41.622138,12:59:53.262,0.002311
12:59:53.263,2.012289,12:59:53.263,41.605254,12:59:53.263,0.001982
12:59:53.264,1.877217,12:59:53.264,41.520835,12:59:53.264,0.00264
12:59:53.265,1.775913,12:59:53.265,41.605254,12:59:53.265,0.00264
12:59:53.266,1.691493,12:59:53.266,41.58837,12:59:53.266,0.001653
12:59:53.267,1.725261,12:59:53.267,41.453299,12:59:53.267,0.002969
12:59:53.268,1.708377,12:59:53.268,41.385763,12:59:53.268,0.00264
12:59:53.269,1.590189,12:59:53.269,41.58837,12:59:53.269,0.003626
12:59:53.270,1.573305,12:59:53.270,41.487067,12:59:53.270,0.002969
12:59:53.271,1.640841,12:59:53.271,41.453299,12:59:53.271,0.003955
12:59:53.272,1.607073,12:59:53.272,41.453299,12:59:53.272,0.003297
12:59:53.273,1.691493,12:59:53.273,41.520835,12:59:53.273,0.00264
12:59:53.274,1.691493,12:59:53.274,41.385763,12:59:53.274,0.00264
12:59:53.275,1.708377,12:59:53.275,41.335111,12:59:53.275,0.002969
12:59:53.276,1.792797,12:59:53.276,41.402647,12:59:53.276,0.002969
12:59:53.277,1.792797,12:59:53.277,41.520835,12:59:53.277,0.001653
12:59:53.278,1.775913,12:59:53.278,41.368879,12:59:53.278,0.002311
12:59:53.279,1.860333,12:59:53.279,41.233807,12:59:53.279,0.003626
12:59:53.280,1.927869,12:59:53.280,41.301343,12:59:53.280,0.003626
12:59:53.281,1.944753,12:59:53.281,41.419531,12:59:53.281,0.003297
12:59:53.282,2.012289,12:59:53.282,41.267575,12:59:53.282,0.002311
12:59:53.283,2.046057,12:59:53.283,41.301343,12:59:53.283,0.00264
12:59:53.284,2.012289,12:59:53.284,41.216923,12:59:53.284,0.00264
12:59:53.285,2.062941,12:59:53.285,41.149387,12:59:53.285,0.003297
12:59:53.286,1.995405,12:59:53.286,41.098735,12:59:53.286,0.002311
12:59:53.287,2.079825,12:59:53.287,41.115619,12:59:53.287,0.003297
12:59:53.288,2.096709,12:59:53.288,41.014315,12:59:53.288,0.002311
12:59:53.289,2.079825,12:59:53.289,41.149387,12:59:53.289,0.001982
12:59:53.290,2.062941,12:59:53.290,41.115619,12:59:53.290,0.00264
12:59:53.291,2.012289,12:59:53.291,41.014315,12:59:53.291,0.00264
12:59:53.292,1.944753,12:59:53.292,41.081851,12:59:53.292,0.003297
12:59:53.293,1.927869,12:59:53.293,40.997431,12:59:53.293,0.001653
12:59:53.294,1.910985,12:59:53.294,41.064967,12:59:53.294,0.002311
12:59:53.295,1.826565,12:59:53.295,40.879243,12:59:53.295,0.002969
12:59:53.296,1.826565,12:59:53.296,41.014315,12:59:53.296,0.003626
12:59:53.297,1.725261,12:59:53.297,41.098735,12:59:53.297,0.002311
12:59:53.298,1.674609,12:59:53.298,41.048083,12:59:53.298,0.001653
12:59:53.299,1.556421,12:59:53.299,40.879243,12:59:53.299,0.003626
12:59:53.300,1.590189,12:59:53.300,40.929895,12:59:53.300,0.003297
12:59:53.301,1.438233,12:59:53.301,40.913011,12:59:53.301,0.002969
12:59:53.302,1.421349,12:59:53.302,40.980547,12:59:53.302,0.003297
12:59:53.303,1.438233,12:59:53.303,40.811707,12:59:53.303,0.00264
12:59:53.304,1.387581,12:59:53.304,40.744171,12:59:53.304,0.003297
12:59:53.305,1.303161,12:59:53.305,40.710403,12:59:53.305,0.00264
12:59:53.306,1.320045,12:59:53.306,40.828591,12:59:53.306,0.003297
12:59:53.307,1.252509,12:59:53.307,40.727287,12:59:53.307,0.000996
12:59:53.308,1.353813,12:59:53.308,40.659751,12:59:53.308,0.00264
12:59:53.309,1.353813,12:59:53.309,40.727287,12:59:53.309,0.003297
12:59:53.310,1.370697,12:59:53.310,40.676635,12:59:53.310,0.003626
12:59:53.311,1.455117,12:59:53.311,40.642867,12:59:53.311,0.002969
12:59:53.312,1.387581,12:59:53.312,40.575331,12:59:53.312,0.002969
12:59:53.313,1.488885,12:59:53.313,40.558447,12:59:53.313,0.003955
12:59:53.314,1.438233,12:59:53.314,40.625983,12:59:53.314,0.003626
12:59:53.315,1.472001,12:59:53.315,40.592215,12:59:53.315,0.002311
12:59:53.316,1.505769,12:59:53.316,40.659751,12:59:53.316,0.001982
12:59:53.317,1.488885,12:59:53.317,40.693519,12:59:53.317,0.002311
12:59:53.318,1.505769,12:59:53.318,40.541563,12:59:53.318,0.001653
12:59:53.319,1.573305,12:59:53.319,40.490911,12:59:53.319,0.003297
12:59:53.320,1.505769,12:59:53.320,40.474027,12:59:53.320,0.002311
12:59:53.321,1.505769,12:59:53.321,40.474027,12:59:53.321,0.00264
12:59:53.322,1.505769,12:59:53.322,40.507795,12:59:53.322,0.003955
12:59:53.323,1.472001,12:59:53.323,40.440259,12:59:53.323,0.002969
12:59:53.324,1.505769,12:59:53.324,40.389607,12:59:53.324,0.00264
12:59:53.325,1.387581,12:59:53.325,40.440259,12:59:53.325,0.001653
12:59:53.326,1.370697,12:59:53.326,40.474027,12:59:53.326,0.00264
12:59:53.327,1.370697,12:59:53.327,40.288303,12:59:53.327,0.002311
12:59:53.328,1.370697,12:59:53.328,40.372723,12:59:53.328,0.00527
12:59:53.329,1.320045,12:59:53.329,40.440259,12:59:53.329,0.001653
12:59:53.330,1.252509,12:59:53.330,40.440259,12:59:53.330,0.002311
12:59:53.331,1.336929,12:59:53.331,40.423375,12:59:53.331,0.00264
12:59:53.332,1.235625,12:59:53.332,40.338955,12:59:53.332,0.00264
12:59:53.333,1.303161,12:59:53.333,40.490911,12:59:53.333,0.00264
12:59:53.334,1.184973,12:59:53.334,40.457143,12:59:53.334,0.002311
12:59:53.335,1.218741,12:59:53.335,40.372723,12:59:53.335,0.002311
12:59:53.336,1.286277,12:59:53.336,40.322071,12:59:53.336,0.004284
12:59:53.337,1.201857,12:59:53.337,40.423375,12:59:53.337,0.001325
12:59:53.338,1.151205,12:59:53.338,40.507795,12:59:53.338,0.003297
12:59:53.339,1.235625,12:59:53.339,40.338955,12:59:53.339,0.002969
12:59:53.340,1.235625,12:59:53.340,40.372723,12:59:53.340,0.00264
12:59:53.341,1.201857,12:59:53.341,40.322071,12:59:53.341,0.002311
12:59:53.342,1.252509,12:59:53.342,40.338955,12:59:53.342,0.002311
12:59:53.343,1.303161,12:59:53.343,40.203883,12:59:53.343,0.00264
12:59:53.344,1.286277,12:59:53.344,40.271419,12:59:53.344,0.002969
12:59:53.345,1.303161,12:59:53.345,40.305187,12:59:53.345,0.001653
12:59:53.346,1.286277,12:59:53.346,40.338955,12:59:53.346,0.001653
12:59:53.347,1.353813,12:59:53.347,40.170115,12:59:53.347,0.003297
12:59:53.348,1.387581,12:59:53.348,40.220767,12:59:53.348,0.003297
12:59:53.349,1.370697,12:59:53.349,40.288303,12:59:53.349,0.002311
12:59:53.350,1.438233,12:59:53.350,40.338955,12:59:53.350,0.00264
12:59:53.351,1.522653,12:59:53.351,40.237651,12:59:53.351,0.002311
12:59:53.352,1.488885,12:59:53.352,40.220767,12:59:53.352,0.004284
12:59:53.353,1.539537,12:59:53.353,40.254535,12:59:53.353,0.00264
12:59:53.354,1.539537,12:59:53.354,40.305187,12:59:53.354,0.003297
12:59:53.355,1.539537,12:59:53.355,40.203883,12:59:53.355,0.002969
12:59:53.356,1.539537,12:59:53.356,40.119463,12:59:53.356,0.002969
12:59:53.357,1.522653,12:59:53.357,40.186999,12:59:53.357,0.003297
12:59:53.358,1.438233,12:59:53.358,40.305187,12:59:53.358,0.00264
12:59:53.359,1.421349,12:59:53.359,40.186999,12:59:53.359,0.002311
12:59:53.360,1.421349,12:59:53.360,40.203883,12:59:53.360,0.00264
12:59:53.361,1.353813,12:59:53.361,40.170115,12:59:53.361,0.003297
12:59:53.362,1.286277,12:59:53.362,40.203883,12:59:53.362,0.002311
12:59:53.363,1.353813,12:59:53.363,39.984391,12:59:53.363,0.001982
12:59:53.364,1.303161,12:59:53.364,40.170115,12:59:53.364,0.003626
12:59:53.365,1.235625,12:59:53.365,40.119463,12:59:53.365,0.003626
12:59:53.366,1.151205,12:59:53.366,40.170115,12:59:53.366,0.003297
12:59:53.367,1.184973,12:59:53.367,40.051927,12:59:53.367,0.003626
12:59:53.368,1.201857,12:59:53.368,40.153231,12:59:53.368,0.003955
12:59:53.369,1.201857,12:59:53.369,40.102579,12:59:53.369,0.003297
12:59:53.370,1.218741,12:59:53.370,40.203883,12:59:53.370,0.003297
12:59:53.371,1.218741,12:59:53.371,40.102579,12:59:53.371,0.001325
12:59:53.372,1.286277,12:59:53.372,40.035043,12:59:53.372,0.002311
12:59:53.373,1.303161,12:59:53.373,40.203883,12:59:53.373,0.002969
12:59:53.374,1.320045,12:59:53.374,40.220767,12:59:53.374,0.001653
12:59:53.375,1.370697,12:59:53.375,40.068811,12:59:53.375,0.001982
12:59:53.376,1.387581,12:59:53.376,40.051927,12:59:53.376,0.001982
12:59:53.377,1.421349,12:59:53.377,40.051927,12:59:53.377,0.004284
12:59:53.378,1.421349,12:59:53.378,40.102579,12:59:53.378,0.002311
12:59:53.379,1.556421,12:59:53.379,39.916855,12:59:53.379,0.002969
12:59:53.380,1.607073,12:59:53.380,39.916855,12:59:53.380,0.001653
12:59:53.381,1.590189,12:59:53.381,39.967507,12:59:53.381,0.002969
12:59:53.382,1.607073,12:59:53.382,40.035043,12:59:53.382,0.00264
12:59:53.383,1.691493,12:59:53.383,39.899971,12:59:53.383,0.003626
12:59:53.384,1.657725,12:59:53.384,39.764899,12:59:53.384,0.001653
12:59:53.385,1.708377,12:59:53.385,39.950623,12:59:53.385,0.00264
12:59:53.386,1.640841,12:59:53.386,40.018159,12:59:53.386,0.001982
12:59:53.387,1.708377,12:59:53.387,39.781783,12:59:53.387,0.00264
12:59:53.388,1.691493,12:59:53.388,39.849319,12:59:53.388,0.001653
12:59:53.389,1.708377,12:59:53.389,39.899971,12:59:53.389,0.003297
12:59:53.390,1.691493,12:59:53.390,40.018159,12:59:53.390,0.001982
12:59:53.391,1.759029,12:59:53.391,39.866203,12:59:53.391,0.00264
12:59:53.392,1.691493,12:59:53.392,39.832435,12:59:53.392,0.002311
12:59:53.393,1.742145,12:59:53.393,39.849319,12:59:53.393,0.002969
12:59:53.394,1.640841,12:59:53.394,40.018159,12:59:53.394,0.001653
12:59:53.395,1.657725,12:59:53.395,39.764899,12:59:53.395,0.002311
12:59:53.396,1.742145,12:59:53.396,39.781783,12:59:53.396,0.001982
12:59:53.397,1.623957,12:59:53.397,39.781783,12:59:53.397,0.003297
12:59:53.398,1.556421,12:59:53.398,40.018159,12:59:53.398,0.000338
12:59:53.399,1.522653,12:59:53.399,39.748015,12:59:53.399,0.001982
12:59:53.400,1.573305,12:59:53.400,39.764899,12:59:53.400,0.00264
12:59:53.401,1.556421,12:59:53.401,39.714247,12:59:53.401,0.002969
12:59:53.402,1.505769,12:59:53.402,39.899971,12:59:53.402,0.003626
12:59:53.403,1.556421,12:59:53.403,39.663595,12:59:53.403,0.001653
12:59:53.404,1.556421,12:59:53.404,39.646711,12:59:53.404,0.001325
12:59:53.405,1.505769,12:59:53.405,39.663595,12:59:53.405,0.00264
12:59:53.406,1.455117,12:59:53.406,39.798667,12:59:53.406,0.001653
12:59:53.407,1.539537,12:59:53.407,39.612943,12:59:53.407,0.004941
12:59:53.408,1.556421,12:59:53.408,39.663595,12:59:53.408,0.001982
12:59:53.409,1.607073,12:59:53.409,39.562291,12:59:53.409,0.000996
12:59:53.410,1.590189,12:59:53.410,39.781783,12:59:53.410,0.001982
12:59:53.411,1.623957,12:59:53.411,39.629827,12:59:53.411,0.002311
12:59:53.412,1.657725,12:59:53.412,39.528523,12:59:53.412,0.001653
12:59:53.413,1.742145,12:59:53.413,39.494756,12:59:53.413,0.003626
12:59:53.414,1.708377,12:59:53.414,39.748015,12:59:53.414,0.00264
12:59:53.415,1.742145,12:59:53.415,39.579175,12:59:53.415,0.002311
12:59:53.416,1.792797,12:59:53.416,39.545407,12:59:53.416,0.001982
12:59:53.417,1.759029,12:59:53.417,39.562291,12:59:53.417,0.00264
12:59:53.418,1.809681,12:59:53.418,39.612943,12:59:53.418,0.001653
12:59:53.419,1.826565,12:59:53.419,39.545407,12:59:53.419,0.00264
12:59:53.420,1.860333,12:59:53.420,39.410336,12:59:53.420,0.00264
12:59:53.421,1.843449,12:59:53.421,39.3428,12:59:53.421,0.002969
12:59:53.422,1.742145,12:59:53.422,39.494756,12:59:53.422,0.001653
12:59:53.423,1.809681,12:59:53.423,39.477872,12:59:53.423,0.001325
12:59:53.424,1.826565,12:59:53.424,39.393452,12:59:53.424,0.002311
12:59:53.425,1.742145,12:59:53.425,39.325916,12:59:53.425,0.001982
12:59:53.426,1.691493,12:59:53.426,39.444104,12:59:53.426,0.003297
12:59:53.427,1.674609,12:59:53.427,39.309032,12:59:53.427,0.001653
12:59:53.428,1.691493,12:59:53.428,39.292148,12:59:53.428,0.002311
12:59:53.429,1.674609,12:59:53.429,39.25838,12:59:53.429,0.002969
12:59:53.430,1.590189,12:59:53.430,39.393452,12:59:53.430,0.002311
12:59:53.431,1.623957,12:59:53.431,39.359684,12:59:53.431,0.002311
12:59:53.432,1.590189,12:59:53.432,39.123308,12:59:53.432,0.001982
12:59:53.433,1.640841,12:59:53.433,39.309032,12:59:53.433,0.002969
12:59:53.434,1.539537,12:59:53.434,39.292148,12:59:53.434,0.001653
12:59:53.435,1.556421,12:59:53.435,39.393452,12:59:53.435,0.00264
12:59:53.436,1.505769,12:59:53.436,39.309032,12:59:53.436,0.003955
12:59:53.437,1.539537,12:59:53.437,39.241496,12:59:53.437,0.00264
12:59:53.438,1.488885,12:59:53.438,39.410336,12:59:53.438,0.004284
12:59:53.439,1.472001,12:59:53.439,39.309032,12:59:53.439,0.001982
12:59:53.440,1.556421,12:59:53.440,39.224612,12:59:53.440,0.002311
12:59:53.441,1.556421,12:59:53.441,39.207728,12:59:53.441,0.003626
12:59:53.442,1.522653,12:59:53.442,39.190844,12:59:53.442,0.001325
12:59:53.443,1.522653,12:59:53.443,39.17396,12:59:53.443,0.001982
12:59:53.444,1.539537,12:59:53.444,39.055772,12:59:53.444,0.002969
12:59:53.445,1.539537,12:59:53.445,38.988236,12:59:53.445,0.001653
12:59:53.446,1.505769,12:59:53.446,39.140192,12:59:53.446,0.00264
12:59:53.447,1.455117,12:59:53.447,39.08954,12:59:53.447,0.002311
12:59:53.448,1.539537,12:59:53.448,38.971352,12:59:53.448,0.002311
12:59:53.449,1.539537,12:59:53.449,38.988236,12:59:53.449,0.001982
12:59:53.450,1.556421,12:59:53.450,39.08954,12:59:53.450,0.003297
12:59:53.451,1.607073,12:59:53.451,39.08954,12:59:53.451,0.001982
12:59:53.452,1.623957,12:59:53.452,39.022004,12:59:53.452,0.001982
12:59:53.453,1.657725,12:59:53.453,38.988236,12:59:53.453,0.002311
12:59:53.454,1.539537,12:59:53.454,39.123308,12:59:53.454,0.004284
12:59:53.455,1.607073,12:59:53.455,39.072656,12:59:53.455,0.001653
12:59:53.456,1.623957,12:59:53.456,39.022004,12:59:53.456,0.001982
12:59:53.457,1.607073,12:59:53.457,39.08954,12:59:53.457,0.002311
12:59:53.458,1.573305,12:59:53.458,39.038888,12:59:53.458,0.002311
12:59:53.459,1.522653,12:59:53.459,39.072656,12:59:53.459,0.002311
12:59:53.460,1.539537,12:59:53.460,38.886932,12:59:53.460,0.002311
12:59:53.461,1.556421,12:59:53.461,38.870048,12:59:53.461,0.000996
12:59:53.462,1.438233,12:59:53.462,38.903816,12:59:53.462,0.00264
12:59:53.463,1.387581,12:59:53.463,38.954468,12:59:53.463,0.002311
12:59:53.464,1.387581,12:59:53.464,38.768744,12:59:53.464,0.00264
12:59:53.465,1.421349,12:59:53.465,38.785628,12:59:53.465,0.003297
12:59:53.466,1.387581,12:59:53.466,38.903816,12:59:53.466,0.002969
12:59:53.467,1.353813,12:59:53.467,38.886932,12:59:53.467,0.002311
12:59:53.468,1.320045,12:59:53.468,38.83628,12:59:53.468,0.002311
12:59:53.469,1.353813,12:59:53.469,38.853164,12:59:53.469,0.00264
12:59:53.470,1.269393,12:59:53.470,38.870048,12:59:53.470,0.001982
12:59:53.471,1.336929,12:59:53.471,38.886932,12:59:53.471,0.001982
12:59:53.472,1.370697,12:59:53.472,38.785628,12:59:53.472,0.002311
12:59:53.473,1.320045,12:59:53.473,38.819396,12:59:53.473,0.002969
12:59:53.474,1.286277,12:59:53.474,38.802512,12:59:53.474,0.004284
12:59:53.475,1.336929,12:59:53.475,38.9207,12:59:53.475,0.002311
12:59:53.476,1.353813,12:59:53.476,38.785628,12:59:53.476,0.003297
12:59:53.477,1.387581,12:59:53.477,38.785628,12:59:53.477,0.003297
12:59:53.478,1.336929,12:59:53.478,38.886932,12:59:53.478,0.00264
12:59:53.479,1.336929,12:59:53.479,38.853164,12:59:53.479,0.001982
12:59:53.480,1.320045,12:59:53.480,38.75186,12:59:53.480,0.002969
12:59:53.481,1.320045,12:59:53.481,38.701208,12:59:53.481,0.003297
12:59:53.482,1.336929,12:59:53.482,38.768744,12:59:53.482,0.002311
12:59:53.483,1.269393,12:59:53.483,38.768744,12:59:53.483,0.003297
12:59:53.484,1.320045,12:59:53.484,38.633672,12:59:53.484,0.003626
12:59:53.485,1.286277,12:59:53.485,38.684324,12:59:53.485,0.002311
12:59:53.486,1.269393,12:59:53.486,38.633672,12:59:53.486,0.003626
12:59:53.487,1.252509,12:59:53.487,38.633672,12:59:53.487,0.002969
12:59:53.488,1.235625,12:59:53.488,38.58302,12:59:53.488,0.004284
12:59:53.489,1.303161,12:59:53.489,38.734976,12:59:53.489,0.002969
12:59:53.490,1.269393,12:59:53.490,38.684324,12:59:53.490,0.000996
12:59:53.491,1.286277,12:59:53.491,38.66744,12:59:53.491,0.001325
12:59:53.492,1.269393,12:59:53.492,38.684324,12:59:53.492,0.002969
12:59:53.493,1.303161,12:59:53.493,38.532368,12:59:53.493,0.002311
12:59:53.494,1.286277,12:59:53.494,38.633672,12:59:53.494,0.002969
12:59:53.495,1.286277,12:59:53.495,38.633672,12:59:53.495,0.002969
12:59:53.496,1.303161,12:59:53.496,38.58302,12:59:53.496,0.002969
12:59:53.497,1.286277,12:59:53.497,38.549252,12:59:53.497,0.003297
12:59:53.498,1.303161,12:59:53.498,38.566136,12:59:53.498,0.003626
12:59:53.499,1.235625,12:59:53.499,38.684324,12:59:53.499,0.002311
12:59:53.500,1.252509,12:59:53.500,38.566136,12:59:53.500,0.00264
12:59:53.501,1.303161,12:59:53.501,38.515484,12:59:53.501,0.001982
12:59:53.502,1.235625,12:59:53.502,38.566136,12:59:53.502,0.001982
12:59:53.503,1.218741,12:59:53.503,38.58302,12:59:53.503,0.001325
12:59:53.504,1.269393,12:59:53.504,38.4986,12:59:53.504,0.00264
12:59:53.505,1.252509,12:59:53.505,38.481716,12:59:53.505,0.002311
12:59:53.506,1.252509,12:59:53.506,38.431064,12:59:53.506,0.002311
12:59:53.507,1.184973,12:59:53.507,38.58302,12:59:53.507,0.001982
12:59:53.508,1.168089,12:59:53.508,38.532368,12:59:53.508,0.002969
12:59:53.509,1.201857,12:59:53.509,38.515484,12:59:53.509,0.001325
12:59:53.510,1.252509,12:59:53.510,38.549252,12:59:53.510,0.00527
12:59:53.511,1.235625,12:59:53.511,38.599904,12:59:53.511,0.002311
12:59:53.512,1.320045,12:59:53.512,38.549252,12:59:53.512,0.001653
12:59:53.513,1.320045,12:59:53.513,38.447948,12:59:53.513,0.002311
12:59:53.514,1.370697,12:59:53.514,38.481716,12:59:53.514,0.002969
12:59:53.515,1.421349,12:59:53.515,38.566136,12:59:53.515,0.001982
12:59:53.516,1.438233,12:59:53.516,38.4986,12:59:53.516,0.002969
12:59:53.517,1.336929,12:59:53.517,38.431064,12:59:53.517,0.001982
12:59:53.518,1.370697,12:59:53.518,38.532368,12:59:53.518,0.003626
12:59:53.519,1.303161,12:59:53.519,38.566136,12:59:53.519,0.00264
12:59:53.520,1.370697,12:59:53.520,38.481716,12:59:53.520,0.002311
12:59:53.521,1.353813,12:59:53.521,38.397296,12:59:53.521,0.000667
12:59:53.522,1.353813,12:59:53.522,38.380412,12:59:53.522,0.00264
12:59:53.523,1.320045,12:59:53.523,38.41418,12:59:53.523,0.001325
12:59:53.524,1.320045,12:59:53.524,38.346644,12:59:53.524,0.002969
12:59:53.525,1.336929,12:59:53.525,38.346644,12:59:53.525,0.002969
12:59:53.526,1.286277,12:59:53.526,38.32976,12:59:53.526,0.002311
12:59:53.527,1.235625,12:59:53.527,38.363528,12:59:53.527,0.001653
12:59:53.528,1.320045,12:59:53.528,38.295992,12:59:53.528,0.001982
12:59:53.529,1.353813,12:59:53.529,38.397296,12:59:53.529,0.001653
12:59:53.530,1.404465,12:59:53.530,38.397296,12:59:53.530,0.001653
12:59:53.531,1.336929,12:59:53.531,38.363528,12:59:53.531,0.002969
12:59:53.532,1.370697,12:59:53.532,38.380412,12:59:53.532,0.003626
12:59:53.533,1.370697,12:59:53.533,38.279108,12:59:53.533,0.00264
12:59:53.534,1.387581,12:59:53.534,38.262224,12:59:53.534,0.001325
12:59:53.535,1.353813,12:59:53.535,38.32976,12:59:53.535,0.002311
12:59:53.536,1.438233,12:59:53.536,38.32976,12:59:53.536,0.002311
12:59:53.537,1.404465,12:59:53.537,38.279108,12:59:53.537,0.001982
12:59:53.538,1.438233,12:59:53.538,38.24534,12:59:53.538,0.00264
12:59:53.539,1.438233,12:59:53.539,38.346644,12:59:53.539,0.000996
12:59:53.540,1.522653,12:59:53.540,38.295992,12:59:53.540,0.00264
12:59:53.541,1.404465,12:59:53.541,38.093384,12:59:53.541,0.002969
12:59:53.542,1.455117,12:59:53.542,38.24534,12:59:53.542,0.003626
12:59:53.543,1.438233,12:59:53.543,38.177804,12:59:53.543,0.00264
12:59:53.544,1.387581,12:59:53.544,38.194688,12:59:53.544,0.00264
12:59:53.545,1.505769,12:59:53.545,38.127152,12:59:53.545,0.002969
12:59:53.546,1.421349,12:59:53.546,38.127152,12:59:53.546,0.00264
12:59:53.547,1.455117,12:59:53.547,38.24534,12:59:53.547,0.003297
12:59:53.548,1.404465,12:59:53.548,38.211572,12:59:53.548,0.003297
12:59:53.549,1.421349,12:59:53.549,38.110268,12:59:53.549,0.002311
12:59:53.550,1.488885,12:59:53.550,38.0765,12:59:53.550,0.002969
12:59:53.551,1.455117,12:59:53.551,38.177804,12:59:53.551,0.001325
12:59:53.552,1.522653,12:59:53.552,38.042732,12:59:53.552,0.004284
12:59:53.553,1.488885,12:59:53.553,38.144036,12:59:53.553,0.00264
12:59:53.554,1.573305,12:59:53.554,38.008964,12:59:53.554,0.00264
12:59:53.555,1.505769,12:59:53.555,38.093384,12:59:53.555,0.003297
12:59:53.556,1.590189,12:59:53.556,38.042732,12:59:53.556,0.00264
12:59:53.557,1.556421,12:59:53.557,37.99208,12:59:53.557,0.003297
12:59:53.558,1.590189,12:59:53.558,37.975196,12:59:53.558,0.002311
12:59:53.559,1.522653,12:59:53.559,37.99208,12:59:53.559,0.003297
12:59:53.560,1.590189,12:59:53.560,37.99208,12:59:53.560,0.002969
12:59:53.561,1.573305,12:59:53.561,37.924544,12:59:53.561,0.004284
12:59:53.562,1.573305,12:59:53.562,37.82324,12:59:53.562,0.002969
12:59:53.563,1.505769,12:59:53.563,37.958312,12:59:53.563,0.001653
12:59:53.564,1.522653,12:59:53.564,37.90766,12:59:53.564,0.003626
12:59:53.565,1.640841,12:59:53.565,37.82324,12:59:53.565,0.003297
12:59:53.566,1.522653,12:59:53.566,37.857008,12:59:53.566,0.001982
12:59:53.567,1.573305,12:59:53.567,37.890776,12:59:53.567,0.00264
12:59:53.568,1.573305,12:59:53.568,37.840124,12:59:53.568,0.002969
12:59:53.569,1.590189,12:59:53.569,37.721936,12:59:53.569,0.000667
12:59:53.570,1.640841,12:59:53.570,37.73882,12:59:53.570,0.002969
